NEEM-TALDICE_NEEM
1356.746
1370.02
1396.43
1404.23
1410.3
1413.86
1429.08
1430.56
1441.43
1445.007
1447.92
1452.02
1462.369
1467.49
1484.035
1489.466
1490.348
1493.302
1535.29
1539.73
1548.03
1550.3
1561.195
1610.2
1610.41
1617.105
1619.62
1622.85
1624.3
1641.23
1647.55
1661.59
1665.98
1678.65
1683.32
1688.83
1696.18
1712.05
1717.88
1719.26
1724.05
1728.47
1730.51
1740.05
1742.65
1754.19
1757.3
1759.0
1760.4
1764.63
1771.08
1774.32
1774.76
1777.73
1786.92
1790.006
1796.12
1796.74
1797.81
1801.8
1807.0
1809.58
1818.48
1819.87
1820.59
1822.12
1824.74
1829.657
1833.48
1834.824
1836.231
1843.675
1847.19
1863.15
1865.65
1882.7
1889.52
1891.996
1908.0
1911.415
1918.79
1933.35
1941.25
1948.9
1952.0
1952.65
