18	0.0668	0.5
21	0.076	0.5
24	0.071	0.5
27	0.0627	0.5
30	0.0691	0.5
33	0.0696	0.5
36	0.0687	0.5
39	0.0687	0.5
42	0.067	0.5
45	0.0715	0.5
48	0.0712	0.5
51	0.0637	0.5
54	0.0646	0.5
57	0.0673	0.5
60	0.0657	0.5
63	0.0673	0.5
66	0.0686	0.5
69	0.0706	0.5
72	0.0624	0.5
75	0.0662	0.5
78	0.0659	0.5
81	0.0724	0.5
84	0.0684	0.5
87	0.068	0.5
90	0.0703	0.5
93	0.0665	0.5
96	0.0681	0.5
99	0.0702	0.5
102	0.0677	0.5
105	0.0704	0.5
108	0.0928	0.5
111	0.0763	0.5
114	0.0671	0.5
117	0.0678	0.5
120	0.0661	0.5
123	0.0743	0.5
125.5	0.0681	0.5
127	0.0757	0.5
128.5	0.068	0.5
130	0.0672	0.5
131.5	0.0753	0.5
133	0.0734	0.5
134.5	0.0628	0.5
136	0.0667	0.5
137.5	0.0705	0.5
139	0.0658	0.5
140.5	0.0754	0.5
142	0.0647	0.5
143.5	0.0763	0.5
145	0.0641	0.5
146.5	0.0726	0.5
148	0.0747	0.5
149.5	0.0686	0.5
151	0.0665	0.5
152.5	0.0691	0.5
154	0.0675	0.5
155.5	0.0777	0.5
157	0.0735	0.5
158.5	0.0717	0.5
160	0.0643	0.5
161.5	0.0678	0.5
163	0.0739	0.5
164.5	0.0751	0.5
166	0.0714	0.5
167.5	0.0678	0.5
169	0.0738	0.5
170.5	0.0726	0.5
172	0.0745	0.5
173.5	0.0701	0.5
175	0.0628	0.5
176.5	0.0664	0.5
178	0.0695	0.5
179.5	0.0782	0.5
181	0.0768	0.5
182.5	0.0635	0.5
184	0.07	0.5
185.5	0.073	0.5
187	0.0746	0.5
188.5	0.0643	0.5
190	0.0695	0.5
191.5	0.0708	0.5
193	0.0728	0.5
194.5	0.069	0.5
196	0.073	0.5
197.5	0.0648	0.5
199	0.0669	0.5
200.5	0.0703	0.5
202	0.0676	0.5
203.5	0.0653	0.5
205	0.068	0.5
206.5	0.0633	0.5
208	0.0736	0.5
209.5	0.0712	0.5
211	0.0691	0.5
212.5	0.0681	0.5
214	0.0745	0.5
215.5	0.071	0.5
217	0.0688	0.5
218.5	0.0702	0.5
220	0.0765	0.5
221.5	0.0718	0.5
223	0.0716	0.5
224.5	0.0739	0.5
226	0.0754	0.5
227.5	0.0736	0.5
229	0.0696	0.5
230.5	0.0728	0.5
232	0.0722	0.5
233.5	0.0705	0.5
235	0.0693	0.5
236.5	0.0675	0.5
238	0.065	0.5
239.5	0.0709	0.5
241	0.0646	0.5
242.5	0.0713	0.5
244	0.0637	0.5
245.5	0.0783	0.5
247	0.0699	0.5
248.5	0.0689	0.5
250	0.0676	0.5
251.5	0.0687	0.5
253	0.0687	0.5
254.5	0.0739	0.5
256	0.0726	0.5
257.5	0.0706	0.5
259	0.0739	0.5
260.5	0.0787	0.5
262	0.0685	0.5
263.5	0.0641	0.5
265	0.0654	0.5
266.5	0.0716	0.5
268	0.0698	0.5
269.5	0.0679	0.5
271	0.0665	0.5
272.5	0.0714	0.5
274	0.0733	0.5
275.5	0.0669	0.5
277	0.0746	0.5
278.5	0.0725	0.5
280	0.0704	0.5
281.5	0.0709	0.5
283	0.0732	0.5
284.5	0.069	0.5
286	0.0695	0.5
287.5	0.0691	0.5
289	0.0717	0.5
290.5	0.0777	0.5
292	0.0719	0.5
293.5	0.0715	0.5
295	0.0666	0.5
296.5	0.0664	0.5
298	0.0712	0.5
299.5	0.0685	0.5
301	0.068	0.5
302.5	0.0734	0.5
304	0.0743	0.5
305.5	0.0685	0.5
307	0.0672	0.5
308.5	0.0689	0.5
310	0.0754	0.5
311.5	0.0698	0.5
313	0.0745	0.5
314.5	0.0678	0.5
316	0.0674	0.5
317.5	0.0727	0.5
319	0.0653	0.5
320.5	0.0715	0.5
322	0.0628	0.5
323.5	0.068	0.5
325	0.0684	0.5
326.5	0.0698	0.5
328	0.0661	0.5
329.5	0.0697	0.5
331	0.0726	0.5
332.5	0.0699	0.5
334	0.0674	0.5
335.5	0.0649	0.5
337	0.0651	0.5
338.5	0.0696	0.5
340	0.0677	0.5
341.5	0.0664	0.5
343	0.0653	0.5
344.5	0.0744	0.5
346	0.0681	0.5
347.5	0.07	0.5
349	0.068	0.5
350.5	0.0732	0.5
352	0.0741	0.5
353.5	0.0703	0.5
355	0.0724	0.5
356.5	0.0657	0.5
358	0.065	0.5
359.5	0.0709	0.5
361	0.0653	0.5
362.5	0.0637	0.5
364	0.0685	0.5
365.5	0.0686	0.5
367	0.0619	0.5
368.5	0.0736	0.5
370	0.0675	0.5
371.5	0.071	0.5
373	0.0724	0.5
374.5	0.0702	0.5
376	0.0649	0.5
377.5	0.0648	0.5
379	0.0621	0.5
380.5	0.0674	0.5
382	0.0698	0.5
383.5	0.0677	0.5
385	0.068	0.5
386.5	0.0659	0.5
388	0.0644	0.5
389.5	0.0648	0.5
391	0.0653	0.5
392.5	0.0672	0.5
394	0.064	0.5
395.5	0.0636	0.5
397	0.0657	0.5
398.5	0.0718	0.5
400	0.0687	0.5
401.5	0.0733	0.5
403	0.0661	0.5
404.5	0.0643	0.5
406	0.0658	0.5
407.5	0.0643	0.5
409	0.0629	0.5
410.5	0.071	0.5
412	0.0652	0.5
413.5	0.0687	0.5
415	0.0607	0.5
416.5	0.0726	0.5
418	0.0704	0.5
419.5	0.0659	0.5
421	0.0666	0.5
422.5	0.0633	0.5
424	0.0667	0.5
425.5	0.0625	0.5
427	0.0655	0.5
428.5	0.062	0.5
430	0.065	0.5
431.5	0.0639	0.5
433	0.0602	0.5
434.5	0.06	0.5
436	0.0697	0.5
437.5	0.0651	0.5
439	0.068	0.5
440.5	0.0656	0.5
442	0.0658	0.5
443.5	0.0614	0.5
445	0.0667	0.5
446.5	0.07	0.5
448	0.0652	0.5
449.5	0.068	0.5
451	0.06	0.5
452.5	0.0639	0.5
454	0.065	0.5
455.5	0.0654	0.5
457	0.0622	0.5
458.5	0.0663	0.5
460	0.0634	0.5
461.5	0.0637	0.5
463	0.0587	0.5
464.5	0.0684	0.5
466	0.0638	0.5
467.5	0.0627	0.5
469	0.0637	0.5
470.5	0.0625	0.5
472	0.0592	0.5
473.5	0.0648	0.5
475	0.0627	0.5
476.5	0.0613	0.5
478	0.0607	0.5
479.5	0.0646	0.5
481	0.063	0.5
482.5	0.0662	0.5
484	0.0584	0.5
485.5	0.0619	0.5
487	0.0613	0.5
488.5	0.0616	0.5
490	0.0608	0.5
491.5	0.0633	0.5
493	0.0628	0.5
494.5	0.0619	0.5
496	0.065	0.5
497.5	0.0576	0.5
499	0.0574	0.5
500.5	0.0619	0.5
502	0.0635	0.5
503.5	0.0604	0.5
505	0.0616	0.5
506.5	0.0618	0.5
508	0.06	0.5
509.5	0.06	0.5
511	0.0632	0.5
512.5	0.0576	0.5
514	0.0559	0.5
515.5	0.0571	0.5
517	0.06	0.5
518.5	0.0592	0.5
520	0.0585	0.5
521.5	0.0633	0.5
522.99	0.057	0.5
524.5	0.0559	0.5
526	0.0597	0.5
527.5	0.0654	0.5
529	0.0572	0.5
530.5	0.0551	0.5
532	0.0566	0.5
533.5	0.0592	0.5
535	0.0622	0.5
536.5	0.0581	0.5
538	0.0598	0.5
539.5	0.0587	0.5
541	0.0588	0.5
542.5	0.0595	0.5
544	0.0533	0.5
545.5	0.0594	0.5
547	0.0606	0.5
548.5	0.0605	0.5
550	0.0596	0.5
551.5	0.0633	0.5
553	0.0577	0.5
554.5	0.0567	0.5
556	0.0647	0.5
557.5	0.0579	0.5
559	0.0583	0.5
560.5	0.062	0.5
562	0.0617	0.5
563.5	0.0557	0.5
565	0.0606	0.5
566.5	0.0661	0.5
568	0.0625	0.5
569.5	0.0582	0.5
571	0.0651	0.5
572.5	0.0636	0.5
574	0.057	0.5
575.5	0.0595	0.5
577	0.0598	0.5
578.5	0.0588	0.5
580	0.0591	0.5
581.5	0.0609	0.5
583	0.0615	0.5
584.5	0.0605	0.5
586	0.0648	0.5
587.5	0.0645	0.5
589	0.0612	0.5
590.5	0.0666	0.5
592	0.064	0.5
593.5	0.0616	0.5
595	0.059	0.5
596.5	0.0644	0.5
598	0.0624	0.5
599.5	0.0596	0.5
601	0.0651	0.5
602.5	0.062	0.5
604.02	0.0637	0.5
605.5	0.0648	0.5
607	0.0616	0.5
608.5	0.0603	0.5
610	0.0596	0.5
611.5	0.0619	0.5
613	0.0618	0.5
614.5	0.0674	0.5
616	0.0613	0.5
617.5	0.0648	0.5
619	0.0616	0.5
620.5	0.0648	0.5
622	0.062	0.5
623.5	0.0642	0.5
625	0.0629	0.5
626.5	0.0648	0.5
628	0.0595	0.5
629.5	0.0691	0.5
631	0.0616	0.5
632.5	0.0649	0.5
634	0.0632	0.5
635.5	0.0641	0.5
637	0.0653	0.5
638.5	0.0636	0.5
640	0.0631	0.5
641.5	0.0614	0.5
643	0.0647	0.5
644.5	0.062	0.5
646	0.0653	0.5
647.5	0.0624	0.5
649	0.0642	0.5
650.5	0.0616	0.5
652	0.0647	0.5
653.5	0.0568	0.5
655	0.0598	0.5
656.5	0.0615	0.5
658	0.0626	0.5
659.5	0.0664	0.5
661	0.0684	0.5
662.5	0.0608	0.5
664	0.064	0.5
665.5	0.0617	0.5
667	0.065	0.5
668.5	0.0623	0.5
670	0.0569	0.5
671.5	0.0585	0.5
673	0.0553	0.5
674.5	0.0669	0.5
676	0.0661	0.5
677.5	0.0663	0.5
679	0.0622	0.5
680.5	0.06	0.5
682	0.064	0.5
683.5	0.0649	0.5
685	0.0591	0.5
686.5	0.0605	0.5
688	0.0602	0.5
689.5	0.059	0.5
691	0.0648	0.5
692.5	0.057	0.5
694	0.0628	0.5
695.5	0.0572	0.5
697	0.0594	0.5
698.5	0.0573	0.5
700	0.056	0.5
701.5	0.0567	0.5
703	0.055	0.5
704.5	0.0568	0.5
706	0.0504	0.5
707.5	0.057	0.5
709	0.0513	0.5
710.5	0.0543	0.5
712	0.0537	0.5
713.5	0.051	0.5
715	0.0494	0.5
716.51	0.0508	0.5
718	0.0487	0.5
719.5	0.0485	0.5
721	0.049	0.5
722.5	0.0476	0.5
724	0.0447	0.5
725.5	0.0502	0.5
727	0.0455	0.5
728.5	0.0464	0.5
730	0.0477	0.5
731.5	0.0449	0.5
733	0.0491	0.5
734.5	0.0457	0.5
736	0.0433	0.5
737.5	0.045	0.5
739	0.0461	0.5
740.5	0.0458	0.5
742	0.0444	0.5
743.5	0.0501	0.5
745	0.0486	0.5
746.5	0.049	0.5
748	0.0513	0.5
749.5	0.0468	0.5
751	0.0481	0.5
752.5	0.0471	0.5
754	0.0466	0.5
755.5	0.0512	0.5
757	0.0502	0.5
758.5	0.0466	0.5
760	0.0469	0.5
761.5	0.048	0.5
763	0.0477	0.5
764.5	0.0496	0.5
766	0.0468	0.5
767.5	0.0424	0.5
769	0.0495	0.5
770.5	0.0487	0.5
772	0.0529	0.5
773.5	0.0486	0.5
775	0.0496	0.5
776.5	0.0505	0.5
778	0.0546	0.5
779.5	0.0501	0.5
781	0.056	0.5
782.5	0.0547	0.5
784	0.0567	0.5
785.5	0.0531	0.5
787	0.0514	0.5
788.5	0.0536	0.5
790	0.0493	0.5
791.5	0.0536	0.5
793	0.0579	0.5
794.5	0.0544	0.5
796	0.0557	0.5
797.5	0.0546	0.5
799	0.0525	0.5
800.5	0.0539	0.5
802	0.0548	0.5
803.5	0.057	0.5
805	0.0517	0.5
806.5	0.0543	0.5
808	0.0531	0.5
809.5	0.0526	0.5
811	0.058	0.5
812.5	0.0536	0.5
814	0.0515	0.5
815.5	0.0496	0.5
817	0.054	0.5
818.5	0.0497	0.5
820	0.0533	0.5
821.5	0.053	0.5
823	0.0531	0.5
824.5	0.0557	0.5
826	0.0548	0.5
827.5	0.0494	0.5
829	0.0555	0.5
830.5	0.0526	0.5
832	0.0511	0.5
833.5	0.051	0.5
835	0.0545	0.5
836.5	0.0512	0.5
838	0.0533	0.5
839.5	0.0538	0.5
841	0.0496	0.5
842.5	0.0547	0.5
844	0.0531	0.5
845.5	0.0565	0.5
847	0.049	0.5
848.5	0.0462	0.5
850	0.0513	0.5
851.5	0.0471	0.5
853	0.0489	0.5
854.5	0.0453	0.5
856	0.0451	0.5
857.5	0.0493	0.5
859	0.0468	0.5
860.5	0.0448	0.5
862	0.0521	0.5
863.5	0.0484	0.5
865	0.0444	0.5
866.5	0.0428	0.5
868	0.0458	0.5
869.5	0.0434	0.5
871	0.048	0.5
872.5	0.0439	0.5
874	0.0437	0.5
875.5	0.0394	0.5
877	0.0418	0.5
878.5	0.0408	0.5
880	0.0408	0.5
881.5	0.0437	0.5
883	0.0421	0.5
884.5	0.0437	0.5
886	0.0405	0.5
887.5	0.04	0.5
889	0.0406	0.5
890.5	0.0412	0.5
892	0.0425	0.5
893.5	0.0398	0.5
895	0.0364	0.5
896.5	0.0367	0.5
898	0.037	0.5
899.5	0.0375	0.5
901	0.0357	0.5
902.5	0.0374	0.5
904	0.0376	0.5
905.5	0.0364	0.5
907	0.0346	0.5
908.5	0.0352	0.5
910	0.0357	0.5
911.5	0.0375	0.5
913	0.0393	0.5
914.5	0.0383	0.5
916	0.0374	0.5
917.5	0.0378	0.5
919	0.0347	0.5
920.5	0.0332	0.5
922	0.0341	0.5
923.5	0.0332	0.5
925	0.0349	0.5
926.5	0.0366	0.5
928	0.0334	0.5
929.5	0.0339	0.5
931	0.039	0.5
932.5	0.0347	0.5
934	0.0368	0.5
935.5	0.0377	0.5
937	0.0362	0.5
938.5	0.0363	0.5
940	0.041	0.5
941.5	0.0353	0.5
943	0.0369	0.5
944.5	0.0346	0.5
946	0.0388	0.5
947.5	0.0378	0.5
949	0.0344	0.5
950.5	0.0366	0.5
952	0.0387	0.5
953.5	0.036	0.5
955	0.0358	0.5
956.5	0.0371	0.5
958	0.0372	0.5
959.5	0.0372	0.5
961	0.0378	0.5
962.5	0.041	0.5
964	0.0361	0.5
965.5	0.0368	0.5
967	0.033	0.5
968.5	0.0365	0.5
970	0.0353	0.5
971.5	0.033	0.5
973	0.0333	0.5
974.5	0.0369	0.5
976	0.0376	0.5
977.5	0.0363	0.5
979	0.0384	0.5
980.5	0.0364	0.5
982	0.0352	0.5
983.5	0.0332	0.5
985	0.0362	0.5
986.5	0.0382	0.5
988	0.0333	0.5
989.5	0.0364	0.5
991	0.0369	0.5
992.5	0.0355	0.5
994	0.0357	0.5
995.5	0.0352	0.5
997	0.0374	0.5
998.5	0.0373	0.5
1000	0.0376	0.5
1001.5	0.0357	0.5
1003	0.0358	0.5
1004.5	0.0351	0.5
1006	0.0358	0.5
1007.5	0.0378	0.5
1009	0.0362	0.5
1010.5	0.0349	0.5
1012	0.0375	0.5
1013.5	0.0364	0.5
1015	0.0371	0.5
1016.5	0.0352	0.5
1018	0.0387	0.5
1019.5	0.0366	0.5
1021	0.0391	0.5
1022.5	0.0391	0.5
1024	0.0404	0.5
1025.5	0.0399	0.5
1027	0.0385	0.5
1028.5	0.0381	0.5
1030	0.0423	0.5
1031.5	0.0402	0.5
1033	0.0382	0.5
1034.5	0.0393	0.5
1036	0.0401	0.5
1037.5	0.0373	0.5
1039	0.0368	0.5
1040.5	0.0373	0.5
1042	0.0381	0.5
1043.5	0.0344	0.5
1045	0.0366	0.5
1046.5	0.0354	0.5
1048	0.035	0.5
1049.5	0.0376	0.5
1051	0.0366	0.5
1052.5	0.0349	0.5
1054	0.0357	0.5
1055.5	0.0377	0.5
1057	0.0361	0.5
1058.5	0.0351	0.5
1060	0.0353	0.5
1061.5	0.0386	0.5
1063	0.0359	0.5
1064.5	0.034	0.5
1066	0.0374	0.5
1067.5	0.0398	0.5
1069	0.0366	0.5
1070.5	0.0388	0.5
1072	0.0384	0.5
1073.5	0.0372	0.5
1075	0.0349	0.5
1076.5	0.0393	0.5
1078	0.0381	0.5
1079.5	0.0362	0.5
1081	0.0374	0.5
1082.5	0.038	0.5
1084	0.0366	0.5
1085.5	0.0371	0.5
1087	0.0379	0.5
1088.5	0.035	0.5
1090	0.04	0.5
1091.5	0.0373	0.5
1093	0.0365	0.5
1094.5	0.0398	0.5
1096	0.0412	0.5
1097.5	0.0367	0.5
1099	0.0369	0.5
1100.5	0.039	0.5
1102	0.0362	0.5
1103.5	0.0361	0.5
1105	0.0366	0.5
1106.5	0.0349	0.5
1108	0.0335	0.5
1109.5	0.0359	0.5
1111	0.0327	0.5
1112.5	0.0365	0.5
1114	0.0336	0.5
1115.5	0.0346	0.5
1117	0.0351	0.5
1118.5	0.0336	0.5
1120	0.0357	0.5
1121.5	0.0371	0.5
1123	0.0368	0.5
1124.5	0.0362	0.5
1126	0.0362	0.5
1127.5	0.0387	0.5
1129	0.0371	0.5
1130.5	0.0355	0.5
1132	0.0349	0.5
1133.5	0.0347	0.5
1135	0.0364	0.5
1136.5	0.0336	0.5
1138	0.033	0.5
1139.5	0.031	0.5
1141	0.0333	0.5
1142.5	0.0317	0.5
1144	0.0364	0.5
1145.5	0.0348	0.5
1147	0.0378	0.5
1148.5	0.0367	0.5
1150	0.0331	0.5
1151.5	0.0353	0.5
1153	0.0359	0.5
1154.5	0.0387	0.5
1156	0.0379	0.5
1157.5	0.0352	0.5
1159	0.0368	0.5
1160.5	0.0337	0.5
1162	0.0372	0.5
1163.5	0.0365	0.5
1165	0.0367	0.5
1166.5	0.037	0.5
1168	0.0352	0.5
1169.5	0.0316	0.5
1171	0.032	0.5
1172.5	0.0302	0.5
1174	0.0308	0.5
1175.5	0.0305	0.5
1177	0.0306	0.5
1178.5	0.0349	0.5
1180	0.0334	0.5
1181.5	0.0328	0.5
1183	0.0318	0.5
1184.5	0.0321	0.5
1186	0.0313	0.5
1187.5	0.0317	0.5
1189	0.0297	0.5
1190.5	0.031	0.5
1192	0.0304	0.5
1193.5	0.03	0.5
1195	0.0319	0.5
1196.5	0.0308	0.5
1198	0.0299	0.5
1199.5	0.0315	0.5
1201	0.0303	0.5
1202.5	0.0344	0.5
1204	0.0341	0.5
1205.5	0.0306	0.5
1207	0.0362	0.5
1208.5	0.0339	0.5
1210	0.0358	0.5
1211.5	0.0347	0.5
1213	0.0347	0.5
1214.5	0.0357	0.5
1216	0.0328	0.5
1217.5	0.0321	0.5
1219	0.032	0.5
1220.5	0.0331	0.5
1222	0.0307	0.5
1223.5	0.0342	0.5
1225	0.0343	0.5
1226.5	0.0351	0.5
1228	0.0354	0.5
1229.5	0.0335	0.5
1231	0.0347	0.5
1232.5	0.0349	0.5
1234	0.0343	0.5
1235.5	0.0363	0.5
1237	0.0347	0.5
1238.5	0.0299	0.5
1240	0.0319	0.5
1241.5	0.032	0.5
1243	0.0308	0.5
1244.5	0.034	0.5
1246	0.0322	0.5
1247.5	0.0296	0.5
1249	0.0312	0.5
1250.5	0.0326	0.5
1252	0.035	0.5
1253.5	0.0319	0.5
1255	0.0374	0.5
1256.5	0.0339	0.5
1258	0.0346	0.5
1259.5	0.0339	0.5
1261	0.0352	0.5
1262.5	0.0364	0.5
1264	0.0391	0.5
1265.5	0.0367	0.5
1267	0.0373	0.5
1268.5	0.0387	0.5
1270	0.0375	0.5
1271.5	0.0358	0.5
1273	0.0361	0.5
1274.5	0.0356	0.5
1276	0.0355	0.5
1277.5	0.0382	0.5
1279	0.0345	0.5
1280.5	0.0385	0.5
1282	0.0336	0.5
1283.5	0.0372	0.5
1285	0.0336	0.5
1286.5	0.0343	0.5
1288	0.0357	0.5
1289.5	0.0356	0.5
1291	0.0372	0.5
1292.5	0.0376	0.5
1294	0.0398	0.5
1295.5	0.0372	0.5
1297	0.0389	0.5
1298.5	0.04	0.5
1300	0.0408	0.5
1301.5	0.04	0.5
1303	0.0382	0.5
1304.5	0.0426	0.5
1306	0.0417	0.5
1307.5	0.0458	0.5
1309	0.0467	0.5
1310.5	0.0457	0.5
1312	0.0436	0.5
1313.5	0.0484	0.5
1315	0.0458	0.5
1316.5	0.0464	0.5
1318	0.0456	0.5
1319.5	0.0499	0.5
1321	0.048	0.5
1322.5	0.0496	0.5
1324	0.0489	0.5
1325.5	0.0469	0.5
1327	0.0489	0.5
1328.5	0.0491	0.5
1330	0.0491	0.5
1331.5	0.0498	0.5
1333	0.0493	0.5
1334.5	0.0521	0.5
1336	0.0517	0.5
1337.5	0.0494	0.5
1339	0.0452	0.5
1340.5	0.048	0.5
1342	0.0444	0.5
1343.5	0.0461	0.5
1345	0.0418	0.5
1346.5	0.0436	0.5
1348	0.039	0.5
1349.5	0.0397	0.5
1351	0.0394	0.5
1352.5	0.0408	0.5
1354	0.0404	0.5
1355.5	0.0409	0.5
1357	0.0424	0.5
1358.5	0.041	0.5
1360	0.0415	0.5
1361.5	0.0412	0.5
1363	0.0403	0.5
1364.5	0.0401	0.5
1366	0.0402	0.5
1367.5	0.0377	0.5
1369	0.0389	0.5
1370.5	0.0367	0.5
1372	0.0391	0.5
1373.5	0.0423	0.5
1375	0.0412	0.5
1376.5	0.04	0.5
1378	0.0419	0.5
1379.5	0.0431	0.5
1381	0.0402	0.5
1382.5	0.0447	0.5
1384	0.0424	0.5
1385.5	0.0381	0.5
1387	0.0397	0.5
1388.5	0.0391	0.5
1390	0.039	0.5
1391.5	0.0348	0.5
1393	0.036	0.5
1394.5	0.0398	0.5
1396	0.0365	0.5
1397.5	0.0372	0.5
1399	0.0388	0.5
1400.5	0.0382	0.5
1402	0.0367	0.5
1403.5	0.0367	0.5
1405	0.0382	0.5
1406.5	0.0377	0.5
1408	0.0396	0.5
1409.5	0.0399	0.5
1411	0.0389	0.5
1412.5	0.038	0.5
1414	0.0383	0.5
1415.5	0.0372	0.5
1417	0.0369	0.5
1418.5	0.0364	0.5
1420	0.0362	0.5
1421.5	0.0361	0.5
1423	0.0361	0.5
1424.5	0.0362	0.5
1426	0.0363	0.5
1427.5	0.0364	0.5
1429	0.0364	0.5
1430.5	0.0364	0.5
1432	0.0364	0.5
1433.5	0.0364	0.5
1435	0.0364	0.5
1436.5	0.0364	0.5
1438	0.0343	0.5
1439.5	0.0377	0.5
1441	0.037	0.5
1442.5	0.04	0.5
1444	0.0382	0.5
1445.5	0.0396	0.5
1447	0.0379	0.5
1448.5	0.0398	0.5
1450	0.0374	0.5
1451.5	0.0401	0.5
1453	0.0441	0.5
1454.5	0.0399	0.5
1456	0.0466	0.5
1457.5	0.0408	0.5
1459	0.0427	0.5
1460.5	0.0447	0.5
1462	0.0442	0.5
1463.5	0.0414	0.5
1465	0.0432	0.5
1466.5	0.0449	0.5
1468	0.0445	0.5
1469.5	0.0455	0.5
1471	0.0426	0.5
1472.5	0.0424	0.5
1474	0.0441	0.5
1475.5	0.0429	0.5
1477	0.0423	0.5
1478.5	0.0431	0.5
1480	0.0452	0.5
1481.5	0.0435	0.5
1483	0.045	0.5
1484.5	0.0428	0.5
1486	0.0431	0.5
1487.5	0.0446	0.5
1489	0.0424	0.5
1490.5	0.038	0.5
1492	0.0377	0.5
1493.5	0.0376	0.5
1495	0.0387	0.5
1496.5	0.0353	0.5
1498	0.0367	0.5
1499.5	0.0354	0.5
1501	0.0382	0.5
1502.5	0.0371	0.5
1504	0.0383	0.5
1505.5	0.0375	0.5
1507	0.0362	0.5
1508.5	0.036	0.5
1510	0.0401	0.5
1511.5	0.0378	0.5
1513	0.0357	0.5
1514.5	0.0372	0.5
1516	0.0364	0.5
1517.5	0.0346	0.5
1519	0.0344	0.5
1520.5	0.0375	0.5
1522	0.0348	0.5
1523.5	0.0369	0.5
1525	0.0361	0.5
1526.5	0.0385	0.5
1528	0.0368	0.5
1529.5	0.0376	0.5
1531	0.0372	0.5
1532.5	0.0383	0.5
1534	0.0385	0.5
1535.5	0.0388	0.5
1537	0.0394	0.5
1538.5	0.0376	0.5
1540	0.0416	0.5
1541.5	0.0392	0.5
1543	0.0421	0.5
1544.5	0.0423	0.5
1546	0.0387	0.5
1547.5	0.0405	0.5
1549	0.0408	0.5
1550.5	0.0421	0.5
1552	0.0416	0.5
1553.5	0.0427	0.5
1555	0.0416	0.5
1556.5	0.0441	0.5
1558	0.0408	0.5
1559.5	0.0412	0.5
1561	0.043	0.5
1562.5	0.0404	0.5
1564.02	0.043	0.5
1565.5	0.04	0.5
1567	0.0406	0.5
1568.5	0.0445	0.5
1570	0.0427	0.5
1571.5	0.0428	0.5
1573	0.0424	0.5
1574.5	0.0418	0.5
1576	0.0448	0.5
1577.5	0.0448	0.5
1579	0.0452	0.5
1580.5	0.0462	0.5
1582	0.0468	0.5
1583.5	0.0443	0.5
1585	0.0446	0.5
1586.5	0.0434	0.5
1588	0.0443	0.5
1589.5	0.0453	0.5
1591	0.0445	0.5
1592.5	0.0431	0.5
1594	0.0413	0.5
1595.5	0.0442	0.5
1597	0.0416	0.5
1598.5	0.0394	0.5
1600	0.0395	0.5
1601.5	0.0402	0.5
1603	0.0423	0.5
1604.5	0.0409	0.5
1606	0.0423	0.5
1607.5	0.0424	0.5
1609	0.0422	0.5
1610.5	0.0419	0.5
1612	0.0409	0.5
1613.5	0.041	0.5
1615	0.0406	0.5
1616.5	0.0401	0.5
1618	0.0391	0.5
1619.5	0.0399	0.5
1621	0.0367	0.5
1622.5	0.0396	0.5
1624	0.0381	0.5
1625.5	0.0383	0.5
1627	0.0386	0.5
1628.5	0.0402	0.5
1630	0.0392	0.5
1631.5	0.0384	0.5
1633	0.0385	0.5
1634.5	0.0411	0.5
1636	0.0436	0.5
1637.5	0.0428	0.5
1639	0.0431	0.5
1640.51	0.0459	0.5
1642	0.0466	0.5
1643.5	0.0426	0.5
1645	0.0447	0.5
1646.5	0.0436	0.5
1648	0.0457	0.5
1649.5	0.0459	0.5
1651	0.0416	0.5
1652.5	0.0442	0.5
1654	0.0454	0.5
1655.5	0.0451	0.5
1657	0.0457	0.5
1658.5	0.0477	0.5
1660	0.0459	0.5
1661.5	0.0447	0.5
1663	0.0483	0.5
1664.5	0.0495	0.5
1665.99	0.0494	0.5
1667.5	0.0492	0.5
1669	0.0479	0.5
1670.5	0.0481	0.5
1672	0.0467	0.5
1673.5	0.0509	0.5
1675	0.0459	0.5
1676.5	0.0471	0.5
1678	0.0494	0.5
1679.5	0.047	0.5
1681	0.0447	0.5
1682.5	0.0459	0.5
1684	0.0457	0.5
1685.5	0.0467	0.5
1687	0.0443	0.5
1688.5	0.0435	0.5
1690	0.043	0.5
1691.5	0.045	0.5
1693	0.0418	0.5
1694.5	0.0397	0.5
1696	0.0409	0.5
1697.5	0.0421	0.5
1699	0.0434	0.5
1700.5	0.0405	0.5
1702	0.0398	0.5
1703.5	0.0396	0.5
1705	0.0387	0.5
1706.5	0.0387	0.5
1708	0.0372	0.5
1709.5	0.0376	0.5
1711	0.0393	0.5
1712.5	0.0399	0.5
1714	0.0371	0.5
1715.5	0.0391	0.5
1717	0.0378	0.5
1718.5	0.0374	0.5
1720	0.0356	0.5
1721.5	0.0349	0.5
1723	0.0357	0.5
1724.5	0.0358	0.5
1726	0.035	0.5
1727.5	0.0359	0.5
1729	0.0333	0.5
1730.5	0.0335	0.5
1732	0.033	0.5
1733.5	0.0359	0.5
1735	0.0345	0.5
1736.5	0.0334	0.5
1738	0.0342	0.5
1739.5	0.0359	0.5
1741	0.0358	0.5
1742.5	0.0354	0.5
1744	0.037	0.5
1745.5	0.0364	0.5
1747	0.0379	0.5
1748.5	0.0379	0.5
1750	0.0348	0.5
1751.5	0.0375	0.5
1753	0.0357	0.5
1754.5	0.039	0.5
1756	0.0364	0.5
1757.5	0.0404	0.5
1759	0.0379	0.5
1760.5	0.0379	0.5
1762	0.0376	0.5
1763.5	0.0373	0.5
1765	0.0375	0.5
1766.5	0.0377	0.5
1768	0.0378	0.5
1769.5	0.0379	0.5
1771	0.038	0.5
1772.5	0.0375	0.5
1774	0.0374	0.5
1775.5	0.036	0.5
1777	0.0388	0.5
1778.5	0.0391	0.5
1780	0.0387	0.5
1781.5	0.0389	0.5
1783	0.0373	0.5
1784.5	0.0393	0.5
1786	0.0382	0.5
1787.5	0.0372	0.5
1789	0.0358	0.5
1790.5	0.0362	0.5
1792	0.0341	0.5
1793.5	0.0378	0.5
1795	0.0376	0.5
1796.5	0.0377	0.5
1798	0.0369	0.5
1799.5	0.037	0.5
1801	0.0367	0.5
1802.5	0.035	0.5
1804	0.0413	0.5
1805.5	0.0405	0.5
1807	0.0413	0.5
1808.5	0.0411	0.5
1810	0.0439	0.5
1811.5	0.0392	0.5
1813	0.0385	0.5
1814.5	0.0409	0.5
1816	0.0387	0.5
1817.5	0.0376	0.5
1819	0.0396	0.5
1820.5	0.0422	0.5
1822	0.0407	0.5
1823.5	0.0435	0.5
1825	0.0431	0.5
1826.5	0.0431	0.5
1828	0.0429	0.5
1829.5	0.044	0.5
1831	0.0455	0.5
1832.5	0.0455	0.5
1834	0.0463	0.5
1835.5	0.0454	0.5
1837	0.0512	0.5
1838.5	0.0493	0.5
1840	0.0512	0.5
1841.5	0.0511	0.5
1843	0.0486	0.5
1844.5	0.0505	0.5
1846	0.0523	0.5
1847.5	0.0522	0.5
1849	0.0515	0.5
1850.5	0.0541	0.5
1852	0.0511	0.5
1853.5	0.0523	0.5
1855	0.0526	0.5
1856.5	0.0509	0.5
1858	0.0535	0.5
1859.5	0.0514	0.5
1861	0.0542	0.5
1862.5	0.0479	0.5
1864	0.0494	0.5
1865.5	0.0421	0.5
1867	0.0428	0.5
1868.5	0.0444	0.5
1870	0.0452	0.5
1871.5	0.0445	0.5
1873	0.0439	0.5
1874.5	0.0478	0.5
1876	0.0477	0.5
1877.5	0.046	0.5
1879	0.0489	0.5
1880.5	0.0479	0.5
1882	0.0476	0.5
1883.5	0.0514	0.5
1885	0.0471	0.5
1886.5	0.048	0.5
1888	0.0504	0.5
1889.5	0.0508	0.5
1891	0.0531	0.5
1892.5	0.051	0.5
1894	0.0517	0.5
1895.5	0.0521	0.5
1897	0.0535	0.5
1898.5	0.052	0.5
1900	0.0521	0.5
1901.5	0.0487	0.5
1903	0.0496	0.5
1904.5	0.0535	0.5
1906	0.0503	0.5
1907.5	0.05	0.5
1909	0.0505	0.5
1910.5	0.0513	0.5
1912	0.0512	0.5
1913.5	0.0514	0.5
1915	0.0478	0.5
1916.5	0.0483	0.5
1918	0.047	0.5
1919.5	0.048	0.5
1921	0.0491	0.5
1922.5	0.0506	0.5
1924	0.0473	0.5
1925.5	0.0488	0.5
1927	0.0517	0.5
1928.5	0.0492	0.5
1930	0.05	0.5
1931.5	0.0547	0.5
1933	0.0515	0.5
1934.5	0.0504	0.5
1936	0.053	0.5
1937.5	0.0521	0.5
1939	0.0496	0.5
1940.5	0.0547	0.5
1942	0.0514	0.5
1943.5	0.0518	0.5
1945	0.0524	0.5
1946.5	0.0512	0.5
1948	0.0529	0.5
1949.5	0.0521	0.5
1951	0.0543	0.5
1952.5	0.0509	0.5
1954	0.0535	0.5
1955.5	0.0553	0.5
1957	0.0555	0.5
1958.5	0.0557	0.5
1960	0.0553	0.5
1961.5	0.0541	0.5
1963	0.0565	0.5
1964.5	0.057	0.5
1966	0.0566	0.5
1967.5	0.0588	0.5
1969	0.0597	0.5
1970.5	0.0607	0.5
1972	0.0621	0.5
1973.5	0.059	0.5
1975	0.0633	0.5
1976.5	0.0622	0.5
1978	0.0654	0.5
1979.5	0.065	0.5
1981	0.064	0.5
1982.5	0.0666	0.5
1984	0.0634	0.5
1985.5	0.0644	0.5
1987	0.0636	0.5
1988.5	0.0632	0.5
1990	0.0636	0.5
1991.5	0.0612	0.5
1993	0.0625	0.5
1994.5	0.0622	0.5
1996	0.0627	0.5
1997.5	0.0599	0.5
1999	0.0621	0.5
2000.5	0.0632	0.5
2002	0.0613	0.5
2003.5	0.063	0.5
2005	0.0626	0.5
2006.5	0.0632	0.5
2008	0.0636	0.5
2009.5	0.0645	0.5
2010.99	0.0619	0.5
2012.5	0.0632	0.5
2014	0.0622	0.5
2015.5	0.0626	0.5
2017	0.0599	0.5
2018.5	0.06	0.5
2020	0.0606	0.5
2021.5	0.0594	0.5
2023.02	0.0579	0.5
2024.5	0.0582	0.5
2026	0.0566	0.5
2027.5	0.0562	0.5
2029	0.056	0.5
2030.5	0.0532	0.5
2032	0.0542	0.5
2033.5	0.0559	0.5
2035	0.0541	0.5
2036.5	0.0534	0.5
2038	0.0537	0.5
2039.5	0.0501	0.5
2041	0.0513	0.5
2042.5	0.052	0.5
2044	0.0506	0.5
2045.5	0.0499	0.5
2047	0.0497	0.5
2048.5	0.0509	0.5
2050	0.0474	0.5
2051.5	0.0443	0.5
2053	0.0452	0.5
2054.5	0.0463	0.5
2056	0.0458	0.5
2057.5	0.0456	0.5
2059	0.0478	0.5
2060.5	0.0462	0.5
2062	0.0498	0.5
2063.5	0.0489	0.5
2065	0.0466	0.5
2066.5	0.048	0.5
2068	0.0482	0.5
2069.5	0.0489	0.5
2071	0.0507	0.5
2072.5	0.0512	0.5
2074	0.0513	0.5
2075.5	0.0518	0.5
2077	0.0514	0.5
2078.5	0.0506	0.5
2080	0.0523	0.5
2081.5	0.0506	0.5
2083	0.052	0.5
2084.5	0.0509	0.5
2086	0.0476	0.5
2087.5	0.0512	0.5
2089	0.0509	0.5
2090.5	0.0507	0.5
2092	0.05	0.5
2093.5	0.0517	0.5
2095	0.0502	0.5
2096.5	0.0535	0.5
2098	0.0531	0.5
2099.5	0.0516	0.5
2101	0.0521	0.5
2102.5	0.0512	0.5
2104	0.0515	0.5
2105.5	0.0512	0.5
2107	0.0511	0.5
2108.5	0.0511	0.5
2110	0.052	0.5
2111.5	0.0553	0.5
2113	0.0551	0.5
2114.5	0.0572	0.5
2116	0.0589	0.5
2117.5	0.0603	0.5
2119	0.0588	0.5
2120.5	0.0573	0.5
2122	0.0607	0.5
2123.5	0.0592	0.5
2125	0.0575	0.5
2126.5	0.0561	0.5
2128	0.0572	0.5
2129.5	0.0562	0.5
2131	0.0574	0.5
2132.5	0.0548	0.5
2134	0.0546	0.5
2135.5	0.0566	0.5
2137	0.0536	0.5
2138.5	0.0557	0.5
2140	0.0537	0.5
2141.5	0.0574	0.5
2143	0.0542	0.5
2144.5	0.0553	0.5
2146	0.054	0.5
2147.5	0.0556	0.5
2149	0.0566	0.5
2150.5	0.0555	0.5
2152	0.0542	0.5
2153.5	0.0546	0.5
2155	0.0562	0.5
2156.5	0.0557	0.5
2158	0.0553	0.5
2159.5	0.0539	0.5
2161	0.0553	0.5
2162.5	0.0564	0.5
2164	0.0556	0.5
2165.5	0.0569	0.5
2167	0.056	0.5
2168.5	0.053	0.5
2170	0.0541	0.5
2171.5	0.0525	0.5
2173	0.0544	0.5
2174.5	0.0536	0.5
2176	0.0537	0.5
2177.5	0.0543	0.5
2179	0.0532	0.5
2180.5	0.055	0.5
2182	0.057	0.5
2183.5	0.0573	0.5
2185	0.057	0.5
2186.5	0.0597	0.5
2188	0.0593	0.5
2189.5	0.0583	0.5
2191	0.0649	0.5
2192.5	0.0597	0.5
2194	0.0623	0.5
2195.5	0.0606	0.5
2197	0.061	0.5
2198.5	0.0572	0.5
2200	0.0504	0.5
2201.5	0.052	0.5
2202.99	0.0504	0.5
2204.5	0.0508	0.5
2206	0.0512	0.5
2207.5	0.0524	0.5
2209	0.053	0.5
2210.5	0.0526	0.5
2212	0.0523	0.5
2213.5	0.0526	0.5
2215	0.0512	0.5
2216.5	0.0486	0.5
2218	0.054	0.5
2219.5	0.0519	0.5
2221	0.0523	0.5
2222.5	0.0524	0.5
2224	0.0504	0.5
2225.5	0.0506	0.5
2227	0.0499	0.5
2228.5	0.0454	0.5
2230	0.0435	0.5
2231.5	0.0397	0.5
2233	0.0415	0.5
2234.5	0.0412	0.5
2236	0.0421	0.5
2237.5	0.0433	0.5
2239	0.0428	0.5
2240.5	0.0445	0.5
2242	0.0458	0.5
2243.5	0.0459	0.5
2245	0.0451	0.5
2246.5	0.0446	0.5
2248	0.0456	0.5
2249.5	0.0481	0.5
2251	0.047	0.5
2252.5	0.0471	0.5
2254	0.0485	0.5
2255.5	0.05	0.5
2257	0.0503	0.5
2258.5	0.0503	0.5
2260	0.0501	0.5
2261.5	0.0493	0.5
2263	0.0464	0.5
2264.5	0.047	0.5
2266	0.0481	0.5
2267.5	0.0487	0.5
2269	0.0481	0.5
2270.5	0.052	0.5
2272	0.0491	0.5
2273.5	0.0522	0.5
2275	0.0534	0.5
2276.5	0.0577	0.5
2278	0.0585	0.5
2279.5	0.0587	0.5
2281	0.0536	0.5
2282.5	0.0576	0.5
2284	0.0586	0.5
2285.5	0.058	0.5
2287	0.0643	0.5
2288.5	0.0654	0.5
2290	0.0688	0.5
2291.5	0.0708	0.5
2293	0.0667	0.5
2294.5	0.0688	0.5
2295.98	0.0683	0.5
2297.5	0.0715	0.5
2299	0.0737	0.5
2300.5	0.081	0.5
2302	0.0828	0.5
2303.5	0.0798	0.5
2305	0.0828	0.5
2306.5	0.0808	0.5
2308	0.0807	0.5
2309.5	0.0795	0.5
2311	0.0798	0.5
2312.5	0.0817	0.5
2314	0.0777	0.5
2315.5	0.0789	0.5
2317	0.0774	0.5
2318.5	0.0754	0.5
2320	0.0762	0.5
2321.5	0.0785	0.5
2323	0.0777	0.5
2324.5	0.0806	0.5
2326	0.0801	0.5
2327.5	0.077	0.5
2329	0.0798	0.5
2330.5	0.0766	0.5
2332	0.0776	0.5
2333.5	0.0784	0.5
2335	0.0794	0.5
2336.5	0.0745	0.5
2338	0.0763	0.5
2339.5	0.0758	0.5
2341	0.0736	0.5
2342.5	0.0795	0.5
2344	0.0784	0.5
2345.5	0.0753	0.5
2347	0.0759	0.5
2348.5	0.0781	0.5
2350	0.0758	0.5
2351.5	0.0769	0.5
2353	0.0767	0.5
2354.5	0.0753	0.5
2356	0.0761	0.5
2357.5	0.074	0.5
2359	0.0779	0.5
2360.5	0.0785	0.5
2362	0.0801	0.5
2363.5	0.0822	0.5
2365	0.0794	0.5
2366.5	0.0788	0.5
2368	0.0821	0.5
2369.5	0.0798	0.5
2371	0.0796	0.5
2372.5	0.0795	0.5
2374	0.0788	0.5
2375.5	0.0759	0.5
2377	0.0725	0.5
2378.5	0.0668	0.5
2380	0.0631	0.5
2381.5	0.0598	0.5
2383	0.0526	0.5
2384.5	0.0469	0.5
2386	0.0403	0.5
2387.5	0.0348	0.5
2389	0.034	0.5
2390.5	0.0319	0.5
2392	0.03	0.5
2393.5	0.0304	0.5
2395	0.0316	0.5
2396.5	0.0339	0.5
2398	0.0339	0.5
2399.5	0.0331	0.5
2401	0.0322	0.5
2402.5	0.0331	0.5
2404	0.0331	0.5
2405.5	0.0332	0.5
2407	0.0339	0.5
2408.5	0.0315	0.5
2410	0.0324	0.5
2411.5	0.034	0.5
2413	0.0344	0.5
2414.5	0.0337	0.5
2416	0.034	0.5