 #gicc05_EDML			
0	17.19	115.7675	0.040138275
17.19	24.94	71.125761	0.453814692
24.94	46.1	217.7130235	0.456845536
46.1	59.11	139.4064625	0.509621869
59.11	75.38	200.3893649	0.509065857
75.38	77.67	28.53937954	0.506267368
77.67	82.32	61.11705383	0.076097103
82.32	117.725	495.6401996	0.147462147
117.725	125.243	107.584494	0.169729973
125.243	127.65	31.603838	0.076097489
127.65	130.917	52.4102381	0.122432058
130.917	134.69	56.46320624	0.138756811
134.69	143.59	126.4889415	0.178194985
143.59	146.22	37.8199017	0.121983566
146.22	148.233	26.07782347	0.108413341
148.233	150.413	29.0061371	0.102399728
150.413	152.857	33.25337978	0.100664966
152.857	154.75	25.97007825	0.091356036
154.75	155.98	17.60906007	0.108403772
155.98	164.4	134.2867614	0.178189163
164.4	165.22	11.89108815	0.07971776
165.22	167.01	24.66865844	0.100335698
167.01	190.64	348.6866909	0.364434772
190.64	192.75	33.5553986	0.094105229
192.75	256.47	980.2376441	2.652528448
256.47	257.09	8.945260081	0.106798744
257.09	265.78	136.1401548	0.415319169
265.78	272.31	105.6797579	0.313244683
272.31	276.3	61.92274248	0.230362845
276.3	285.7	151.094294	0.459506574
285.7	286.3	9.345706	0.075226634
286.3	289.31	44.88	0.180293693
289.31	292.44	52.444771	0.167933894
292.44	296.29	60.999604	0.17063305
296.29	322.34	418.586525	1.254569455
322.34	329.71	118.753636	0.358173374
329.71	338.1	145.561967	0.457593884
338.1	349.69	191.4503213	0.558267894
349.69	363.66	239.641809	0.707874335
363.66	429.16	1182.9847	3.486039825
429.16	431.26	41.747381	0.201369768
431.26	438.98	152.860172	0.479877092
438.98	442.63	73.066051	0.250920386
442.63	448.28	110.957245	0.395185272
448.28	473.98	508.04306	1.506599327
473.98	477.15	68.00485838	0.247918331
477.15	493.58	316.0423545	0.95895351
493.58	508.32	300.7539646	0.922850856
508.32	512.77	98.19633946	0.299649705
512.77	523.07	213.9588448	0.656162804
523.07	531.88	194.9979468	0.574701544
531.88	543.65	261.9298703	0.77212129
543.65	565.03	460.2373985	1.30996896
565.03	576.69	245.3655405	0.719252839
576.69	578.33	41.38660778	0.235715846
578.33	582.64	91.94454287	0.339634025
582.64	598.31	375.041495	1.063147172
598.31	600.41	54.36222619	0.229030812
600.41	608.1039	187.5924289	0.547894986
608.1039	608.41955	8.12456311	0.180191644
608.41955	610.42945	46.6499845	0.237004917
610.42945	611.223615	17.61955002	0.152845134
611.223615	612.7515	34.2184127	0.187615017
612.7515	618.14125	122.3766845	0.395976873
618.14125	622.068575	87.40296421	0.323140919
622.068575	623.20856	25.51742845	0.213551172
623.20856	623.491675	6.22154059	0.269511483
623.491675	623.7122	3.601415195	0.190487334
623.7122	624.13	9.553545364	0.170127994
624.13	624.94195	18.07333059	0.212171472
624.94195	625.585625	14.53022566	0.206165578
625.585625	626.939175	30.45863086	0.251572101
#626.939175	628.51715	36.03320378	0.181551884
628.51715	629.8876	29.14962938	0.2713215
629.8876	632.5103	59.49190089	0.298976523
632.5103	633.07367	13.44867535	0.236762066
633.07367	634.378	29.10140791	0.214259243
634.378	636.18805	41.86492287	0.243898532
636.18805	636.58234	9.049170718	0.173925249
636.58234	637.45757	19.72217092	0.216763682
637.45757	639.2068	40.97983985	0.22204917
639.2068	639.9715	17.09312252	0.261413469
639.9715	641.41885	31.76520671	0.259042427
641.41885	641.6659	5.743713821	0.243157324
641.6659	641.8516	3.614805212	0.206195862
641.8516	642.51697	14.00826117	0.211816291
642.51697	642.8293	6.870728753	0.178114535
642.8293	646.9658	92.47786165	0.311831966
646.9658	648.27167	27.95777278	0.196803513
648.27167	648.53728	5.703403676	0.219789878
648.53728	650.2592	41.01438411	0.223765554
650.2592	651.35307	26.82662807	0.231279648
651.35307	652.9167	35.79483326	0.340499324
652.9167	653.84753	21.13122478	0.322726714
653.84753	655.6406	42.46819311	0.57391438
655.6406	655.9032	5.410752604	0.248727659
655.9032	656.37925	10.87294685	0.2442797
656.37925	657.35144	22.50711731	0.361684091
657.35144	657.72203	9.166139484	0.249924994
657.72203	657.88477	4.338466526	0.21884919
657.88477	658.59283	16.43611709	0.314533884
658.59283	658.85885	7.015003908	0.212816601
658.85885	659.12973	7.011851786	0.185976959
659.12973	659.52877	7.80287346	0.198707541
659.52877	661.83263	51.63689932	0.720229544
661.83263	662.45386	13.01373146	0.248425162
662.45386	665.0615	60.36810492	0.800912649
665.0615	667.0419	44.08744752	0.595507964
667.0419	667.42487	7.815470943	0.199323193
667.42487	668.0778	15.06574328	0.322638361
668.0778	670.06445	46.4041696	0.622651925
670.06445	675.5111	123.0503132	1.562384294
675.5111	676.90106	30.52048796	0.454743418
676.90106	677.52435	12.9697814	0.270859833
677.52435	679.4992	39.41779429	0.519195607
679.4992	681.2387	37.15351074	0.524282706
681.2387	686.9569	112.5508371	1.517120994
686.9569	688.829	38.74423806	0.565026811
688.829	689.9252	22.500724	0.399068035
689.9252	692.214	48.21966172	0.672103981
692.214	692.76996	10.77876789	0.253283502
692.76996	694.76935	43.49834432	0.596112707
694.76935	695.5927	17.80254854	0.392849759
695.5927	696.30536	14.59594213	0.340461342
696.30536	700.1848	84.52716495	1.141535485
700.1848	703.34755	70.64811233	0.959471635
703.34755	703.70125	7.438568068	0.252731093
703.70125	708.715	105.9979985	1.476936071
708.715	709.3297	11.99794758	0.286167476
709.3297	711.8335	54.49827881	0.775602382
711.8335	712.2717	10.85763765	0.248425866
712.2717	718.88824	154.8994204	2.158584216
718.88824	720.316675	33.43809372	0.514784974
720.316675	720.8033	12.40528794	0.336547267
720.8033	722.5277	40.22686469	0.619842897
722.5277	722.8629	8.659972202	0.221845466
722.8629	724.23303	33.64731213	0.538039297
724.23303	725.835225	39.79128217	0.604192243
725.835225	726.3054	13.18944118	0.256271965
726.3054	727.58235	39.11633427	0.525610969
727.58235	728.64844	29.15303503	0.420557328
728.64844	728.85956	4.611541529	0.232715409
728.85956	729.13385	6.966123822	0.23323095
729.13385	730.2406	34.65840382	0.454071853
730.2406	731.4713	34.80495303	0.478934301
731.4713	732.404	34.12786667	0.414785591
732.404	732.5393	4.976656667	0.204511248
732.5393	732.65053	5.100074028	0.185018452
732.65053	733.658	34.62867375	0.499762492
733.658	734.756775	31.90399	0.455309941
734.756775	735.3818	15.66850513	0.295303601
735.3818	737.866	72.38601326	0.975786468
737.866	738.15535	9.353064385	0.284806205
738.15535	739.25476	32.43222374	0.499130001
739.25476	741.250275	55.15229951	0.743877273
741.250275	742.60868	38.43465962	0.56359085
742.60868	743.7475	36.66003019	0.513545547
743.7475	744.96625	35.20293132	0.471471664
744.96625	746.505	37.97316679	0.501600901
746.505	747.8212	37.12310792	0.497892496
747.8212	749.54965	51.65453736	0.676248291
749.54965	750.223915	21.83101887	0.342046895
750.223915	751.1599	25.34596981	0.376551845
751.1599	752.0891	30.37896453	0.471456965
752.0891	754.1588	60.52952302	0.781275742
754.1588	754.72595	19.21914717	0.31883998
754.72595	757.76154	88.25790189	1.116741252
757.76154	758.36566	19.18538868	0.300835732
758.36566	758.535235	6.10181283	0.252981731
758.535235	759.28868	22.46425208	0.321427481
759.28868	760.76232	42.17671698	0.567299146
760.76232	761.69287	29.51059472	0.426065498
761.69287	764.02905	68.38304755	0.848944526
764.02905	764.4761	14.51813736	0.2940863
764.4761	765.0878	17.4401434	0.316110681
765.0878	766.3746	38.61120755	0.550318638
766.3746	766.56085	5.689462641	0.270392997
766.56085	766.79425	9.048236981	0.328115397
766.79425	767.0599	7.250024151	0.2989875
767.0599	767.94882	28.43264755	0.408543705
767.94882	769.7599	52.08773434	0.642601597
769.7599	773.8525	121.287114	1.501256362
773.8525	774.8901	32.63221434	0.460033335
774.8901	776.62476	49.92261585	0.646465508
776.62476	784.91353	240.0602799	2.931955899
784.91353	789.3907	110.3681338	1.59488651
789.3907	790.1545	17.26667346	0.32817805
790.1545	790.943	20.29630373	0.309111661
790.943	793.214	56.68746316	0.377313026
793.214	794.57995	31.22312053	0.236936263
794.57995	795.5248	24.44623	0.259723784
795.5248	798.18207	66.71536687	0.413288453
798.18207	799.2092	26.09718009	0.24830806
799.2092	799.79926	16.18676114	0.260520876
799.79926	800.893975	28.15444739	0.327608314
800.893975	801.4704	12.91573839	0.234423994
801.4704	801.8458	8.059987915	0.292722622
801.8458	802.23456	10.47423697	0.212170894
802.23456	802.3611	2.919899526	0.257248153
802.3611	803.864875	34.13496574	0.346629452
803.864875	805.325585	35.95238942	0.22967313
805.325585	805.68445	12.13802404	0.231484549
805.68445	805.86084	3.987193269	0.206740146
805.86084	806.044085	3.545723077	0.24692168
806.044085	807.254	31.23979904	0.259956896
807.254	808.2398	23.30431442	0.275227578
808.2398	810.3696	56.66481827	0.392551007
810.3696	811.5472	30.33556731	0.285765014
811.5472	812.1118	13.30833942	0.274862724
812.1118	813.7708	45.94763462	0.330538312
813.7708	813.94446	4.805603846	0.220797689
813.94446	816.3133	68.17939615	0.381370645
816.3133	817.269675	24.45125763	0.259327279
817.269675	817.808	13.86640169	0.256694172
817.808	818.71985	26.37247455	0.291658165
818.71985	820.9201	63.53942827	0.403117226
820.9201	821.392	12.31240173	0.290292253
821.392	825.98965	122.9802148	0.646303717
825.98965	829.186675	90.59848778	0.47485529
829.186675	829.82306	20.76253436	0.348631415
829.82306	830.271	11.00817231	0.311015856
830.271	832.5485	56.47234215	0.471417971
832.5485	839.5169	187.0972371	1.040068349
839.5169	840.6224	28.1997577	0.411258924
840.6224	843.3549	65.3616062	0.520947132
843.3549	845.349135	50.4385142	0.375364916
845.349135	846.05448	18.42942077	0.331780631
846.05448	846.1537	2.479283788	0.392161323
846.1537	846.4583	9.337818651	0.341510078
846.4583	846.71326	6.317197131	0.316692813
846.71326	846.8951	5.454817217	0.33268963
846.8951	847.654375	20.63334915	0.326577664
847.654375	848.4432	22.35597618	0.301278015
848.4432	851.3265	81.92548379	0.57551048
851.3265	851.48182	3.832684247	0.393863876
851.48182	851.58704	3.444122181	0.321378878
851.58704	851.8284	7.414820889	0.357988466
851.8284	852.3507	16.94999816	0.387019669
852.3507	853.56244	36.34254548	0.416682761
853.56244	854.42985	30.01507496	0.433719946
854.42985	854.59467	4.406107895	0.449101858
854.59467	857.3706	69.89085789	0.637932133
857.3706	858.14855	19.31010789	0.378306607
858.14855	859.649525	41.24845263	0.536242865
859.649525	860.5787	30.81509828	0.392406001
860.5787	861.1642	20.05724637	0.446138148
861.1642	861.9599	29.01157782	0.310031116
861.9599	866.40515	155.4698729	0.859308862
866.40515	867.1759	26.60388886	0.550773124
867.1759	871.3299	146.9803828	0.824441773
871.3299	871.7418	14.12875928	0.490382489
871.7418	872.54144	27.97558938	0.478777843
872.54144	873.06885	18.66202656	0.43641411
873.06885	873.3693	10.62968601	0.398217894
873.3693	875.2794	63.57102926	0.636215651
875.2794	878.84564	119.278688	0.710098191
878.84564	879.864785	33.07149521	0.562606876
879.864785	880.0768	7.997227932	0.435999774
880.0768	882.27035	74.20050357	0.654622923
882.27035	911.73663	1088.596202	5.418499962
911.73663	912.1894	18.72953996	0.593463538
912.1894	916.590625	184.8070312	1.003760121
916.590625	918.11346	58.40259971	0.676249195
918.11346	919.75446	72.95404106	0.55386887
919.75446	921.3987	65.01966904	0.613631248
921.3987	921.74347	15.88978338	0.658600365
921.74347	925.1461	142.1495808	0.962573053
925.1461	925.34656	9.808516597	0.679740637
925.34656	927.2386	81.85626309	0.650375579
927.2386	929.6663	109.5367069	0.812668956
929.6663	930.27606	24.41074674	0.723610139
930.27606	930.50226	11.08559553	0.690965258
930.50226	936.7164	303.3516105	1.631739373
936.7164	939.67948	137.317942	0.924578104
939.67948	940.71255	45.84109491	0.612663218
940.71255	940.82074	5.464805016	0.600370204
940.82074	949.176425	415.5116319	2.172246501
949.176425	952.24637	151.086119	1.009820098
952.24637	953.26764	48.2393076	0.647125113
#953.26764	953.7974	27.29177551	0.651244252
#953.7974	954.29695	24.79730809	0.689685789
954.29695	954.93872	31.61770396	0.658890809
954.93872	955.2053	11.78889624	0.632339464
955.2053	955.60345	18.36464298	0.499647349
955.60345	956.11105	23.88562011	0.581433808
956.11105	957.2414	56.3287074	0.689842206
957.2414	958.29278	55.23684927	0.83451923
958.29278	959.4158	53.91466732	0.589340859
959.4158	961.38196	100.11206	0.877728399
961.38196	961.72253	17.803567	0.729469574
961.72253	962.16665	22.89338382	0.583089894
962.16665	963.9643	81.21498156	0.717488582
963.9643	964.8924	46.34693632	0.562955383
964.8924	967.0306	101.5322508	0.745622563
967.0306	967.50073	21.15358053	0.625590512
967.50073	967.8899	17.81473691	0.806227679
967.8899	968.6351	33.4068746	0.510349556
968.6351	968.8767	12.90229776	0.588032252
968.8767	969.5105	31.60209835	0.608556405
969.5105	970.81515	62.50423285	0.711768671
970.81515	972.7121	96.78987042	0.743448461
972.7121	976.47578	184.3439339	1.071804368
976.47578	977.7451	61.19049889	0.887003791
977.7451	980.100475	118.2194524	0.947708461
980.100475	980.68634	27.4570659	0.651473082
980.68634	982.91364	106.5690711	0.869960322
982.91364	984.65857	85.26224711	0.651118835
984.65857	985.9553	59.99453283	0.838146738
985.9553	986.958	46.42484337	0.723599249
986.958	988.3084	63.03708163	0.715893228
988.3084	988.96985	30.03722301	0.572387832
988.96985	989.90594	46.57235063	0.781792785
989.90594	990.532	29.21682985	0.711819599
990.532	993.68372	144.9220457	0.918359661
993.68372	994.9151	57.73032874	0.803442239
994.9151	995.9015	47.80430637	0.886935163
995.9015	996.6058	31.68972363	0.785290323
996.6058	1000.193175	162.459763	1.154572363
1000.193175	1000.9648	35.34930883	0.55665354
1000.9648	1001.40645	21.379388	0.605559158
1001.40645	1001.892	22.47530883	0.667963395
1001.892	1002.91703	46.3913639	0.784543476
1002.91703	1003.775165	39.23307844	0.571519889
1003.775165	1004.88306	47.85483305	0.582676089
1004.88306	1005.6105	36.3666774	0.53838423
1005.6105	1008.79365	141.1824163	0.96627692
1008.79365	1011.58132	118.2760278	0.866858358
1011.58132	1012.54688	41.80413228	0.741897094
1012.54688	1015.083	102.0584964	0.798874241
1015.083	1015.7175	25.4887433	0.596588835
1015.7175	1017.41667	73.056657	0.731265097
1017.41667	1019.31698	79.35409368	0.741787584
1019.31698	1022.24145	126.2347458	0.984778792
1022.24145	1023.0386	33.35304131	0.912416178
1023.0386	1023.7791	29.76502213	0.728120548
1023.7791	1024.18605	17.2647401	0.749371109
1024.18605	1024.7595	22.30969584	0.747383355
1024.7595	1026.44935	68.69816646	0.803563559
1026.44935	1027.5835	47.78543447	0.661503087
1027.5835	1028.5413	34.65584731	0.796580384
1028.5413	1033.57505	196.3493932	1.14446919
1033.57505	1037.1621	139.1517116	0.963707144
1037.1621	1038.9898	74.49200984	0.718715104
1038.9898	1041.0626	81.50108434	0.720702419
1041.0626	1042.08625	46.65016695	0.560648194
1042.08625	1045.4977	148.7884153	1.035964696
1045.4977	1045.8883	16.89443964	0.823064966
1045.8883	1047.2415	61.15533587	0.625510953
1047.2415	1049.494	100.795521	0.774201221
1049.494	1050.0583	24.24640398	0.848507843
1050.0583	1051.35125	58.83977846	0.776092253
1051.35125	1051.8124	20.83830124	0.655532704
1051.8124	1052.07975	9.360309189	0.634554732
1052.07975	1052.4137	16.0300273	0.666833755
1052.4137	1053.9028	64.5363055	0.627696807
1053.9028	1057.41955	160.8011378	1.078019513
1057.41955	1058.5951	51.77134703	0.734343688
1058.5951	1059.0714	20.80768766	0.724837975
1059.0714	1059.9694	40.08145631	0.523966682
1059.9694	1061.1747	51.47316955	0.599373596
1061.1747	1061.3577	7.782900451	0.595822043
1061.3577	1061.6215	10.7475827	0.545585244
1061.6215	1062.5464	41.5547727	0.576391266
1062.5464	1062.8818	15.14290604	0.732646236
1062.8818	1063.2776	19.15625883	0.592061486
1063.2776	1063.8885	25.75014477	0.687206768
1063.8885	1064.4374	25.7336936	0.675765297
1064.4374	1064.6063	7.429352973	0.664523441
1064.6063	1064.7767	6.869921532	0.595838991
1064.7767	1064.9208	5.956494685	0.500402967
1064.9208	1066.0419	48.22455189	0.624477239
1066.0419	1066.7675	35.93047766	0.650856543
1066.7675	1067.5082	29.35496694	0.567405377
1067.5082	1069.71415	96.10976868	0.812590049
1069.71415	1070.3527	27.32482574	0.625196746
1070.3527	1071.5742	48.39308138	0.724256566
1071.5742	1072.0475	20.96025292	0.559689103
1072.0475	1072.524	20.77887266	0.597535681
1072.524	1076.93635	180.9078913	1.053303784
1076.93635	1079.1698	95.03865495	0.765646491
1079.1698	1080.2302	48.81777739	0.712002509
1080.2302	1080.9426	29.27586557	0.736750152
1080.9426	1081.198	11.01712557	0.657989517
1081.198	1083.3357	90.22214864	0.793019976
1083.3357	1084.13915	30.10225986	0.537431715
1084.13915	1084.85385	25.27113317	0.547186812
1084.85385	1085.0177	7.831920876	0.713939114
1085.0177	1085.661	27.88212566	0.592962534
1085.661	1086.5614	38.09291403	0.707895999
1086.5614	1087.1918	25.01004982	0.612455892
1087.1918	1087.5996	17.85890739	0.522789459
1087.5996	1088.4143	28.99319326	0.499259951
1088.4143	1089.4315	49.75467767	0.747780271
1089.4315	1090.68615	49.33010165	0.729591924
1090.68615	1091.1998	19.38992254	0.756639365
1091.1998	1091.56	14.6547315	0.880456461
1091.56	1092.4712	36.91973137	0.601468461
1092.4712	1093.3995	42.0609752	0.571850291
1093.3995	1093.6416	11.67873471	0.505115465
1093.6416	1094.13555	16.43876056	0.722219342
1094.13555	1097.3219	124.7352604	0.797791461
1097.3219	1098.3431	47.52247204	0.708079864
1098.3431	1099.6436	55.94786618	0.758467678
1099.6436	1103.41795	155.5199724	0.968935644
1103.41795	1103.8265	20.49676373	0.606767206
1103.8265	1105.0555	53.56754937	0.868445859
1105.0555	1106.7719	73.74364866	0.801408922
1106.7719	1107.6481	38.51253432	0.588442687
1107.6481	1108.7854	54.28551456	0.68334445
1108.7854	1109.6055	40.38356935	0.667299535
1109.6055	1110.497	44.63380849	0.738478155
1110.497	1111.2246	32.93505446	0.537034671
1111.2246	1112.7366	73.66626431	0.772612152
1112.7366	1114.2236	68.31068005	0.754455886
1114.2236	1116.9458	123.550212	0.997892697
1116.9458	1117.9763	45.88646065	0.807036287
1117.9763	1118.474	22.88503778	0.503528668
1118.474	1118.7223	10.76460636	0.75166693
1118.7223	1119.0592	12.18537967	0.508744378
1119.0592	1119.2231	6.968556133	0.591278075
1119.2231	1120.6953	68.6729914	0.644662387
1120.6953	1121.5497	38.51624645	0.532776707
1121.5497	1122.9567	61.97336366	0.48778291
1122.9567	1123.983	46.69279698	0.623816619
1123.983	1125.7896	83.09461805	0.76381179
1125.7896	1126.4568	27.06135201	0.60528203
1126.4568	1126.7864	14.80206004	0.549479823
1126.7864	1129.6122	128.7029541	0.850211642
1129.6122	1131.7615	103.3726049	0.828136362
1131.7615	1132.84085	49.47968221	0.543728085
1132.84085	1132.9904	5.153794793	0.54289698
1132.9904	1135.2316	105.8009838	0.732244493
1135.2316	1136.8676	78.62014399	0.615401176
1136.8676	1137.9953	61.7284707	0.725127529
1137.9953	1140.6	147.0113237	0.900520667
1140.6	1143.3176	143.0761174	0.94531029
1143.3176	1143.5547	14.59407466	0.596222473
1143.5547	1143.8121	14.46465587	0.601896589
1143.8121	1145.3641	85.85293117	0.687615107
1145.3641	1145.8827	29.63816632	0.723988112
1145.8827	1146.1483	17.75719385	0.693653828
1146.1483	1146.80315	34.84986802	0.696147628
1146.80315	1148.0812	70.66035095	0.758865779
1148.0812	1149.2009	69.82206286	0.784880519
1149.2009	1152.7919	201.8549592	1.074912034
1152.7919	1154.3326	87.19052545	0.759353033
1154.3326	1160.14275	308.6379151	1.569111714
1160.14275	1160.965	42.65211461	0.528451085
1160.965	1161.235	15.93514757	0.654856961
1161.235	1165.6622	251.9469866	1.375833925
1165.6622	1170.1915	254.4190133	1.419472496
1170.1915	1174.51105	263.4979028	1.417772475
1174.51105	1176.7098	119.7471183	1.007967172
1176.7098	1178.3827	98.02378062	0.966973473
1178.3827	1181.2902	157.2286787	0.937240093
1181.2902	1182.282	56.75496404	0.829664214
1182.282	1186.0457	226.0726629	1.218902612
1186.0457	1190.5883	240.023229	22.66681989
1190.5883	1191.3242	43.91651107	0.997760614
1191.3242	1191.6111	18.28427916	0.957618453
1191.6111	1193.1672	94.69210598	1.145840944
1193.1672	1193.5905	31.5680179	1.05504911
1193.5905	1193.9316	24.11159038	1.045623127
1193.9316	1194.6863	48.17652237	1.117834973
1194.6863	1196.2463	110.6470191	1.522510054
1196.2463	1196.8378	48.36648049	1.155919641
1196.8378	1196.9673	11.99418659	1.09434626
1196.9673	1198.6675	122.9394723	1.367759135
1198.6675	1199.56885	70.90628277	1.171098427
1199.56885	1200.826	78.85849585	1.310472957
1200.826	1203.16025	145.9226114	2.331752887
1203.16025	1206.0739	176.5629129	4.339739194
1206.0739	1206.3578	21.89284122	1.103304289
1206.3578	1207.1006	50.00891244	1.332601862
1207.1006	1207.5825	33.32561136	1.212614113
1207.5825	1207.6724	5.785381315	1.00603361
1207.6724	1209.6936	129.1805765	1.895957179
1209.6936	1210.2506	33.18063601	1.950429893
1210.2506	1211.40015	64.4118969	4.295647781
1211.40015	1217.361	290.9537024	23.34892242
1217.361	1220.10715	160.4046866	14.03584941
1220.10715	1220.7222	33.26558667	2.76840156
1220.7222	1221.04245	15.68135798	1.481577604
1221.04245	1221.1936	8.390140202	1.065646284
1221.1936	1222.0249	48.65113515	3.890301685
1222.0249	1222.1812	6.86447001	1.071534655
1222.1812	1223.5343	60.86702356	5.750699714
1223.5343	1224.4772	41.78745603	4.050940714
1224.4772	1224.9631	23.02627612	2.411260459
1224.9631	1225.6224	32.174968	3.20902428
1225.6224	1226.2905	32.68775652	3.220177894
1226.2905	1227.321	59.14155305	5.419309098
1227.321	1230.5618	165.355508	14.46748168
1230.5618	1230.7504	10.77679611	1.301680501
1230.7504	1231.2432	23.7562946	2.224564649
1231.2432	1233.6857	137.8053617	9.829268176
1233.6857	1235.2339	82.68911473	1.702637836
1235.2339	1235.3787	8.737921476	0.981033531
1235.3787	1235.8712	24.43438081	1.081093887
1235.8712	1239.1862	188.0642659	2.842859581
1239.1862	1239.8987	46.74181968	1.023063794
1239.8987	1240.0746	12.86560675	0.914939751
1240.0746	1240.9088	47.27533146	0.973072414
1240.9088	1241.0685	10.99616736	0.893672867
1241.0685	1241.9679	47.25845957	0.99179191
1241.9679	1242.1875	15.30054926	0.87277081
1242.1875	1243.9702	100.084478	1.392696466
1243.9702	1244.3347	20.49026497	0.84412192
1244.3347	1244.5215	9.451831682	0.813942721
1244.5215	1244.7455	11.4030802	0.808273016
1244.7455	1245.19595	24.94892616	0.873214036
1245.19595	1246.0563	43.96943118	1.021848497
1246.0563	1246.35375	17.11340113	0.795302611
1246.35375	1247.9699	83.74425027	1.42395135
1247.9699	1248.2197	18.1983119	0.76935343
1248.2197	1248.494	15.83745195	0.7589703
1248.494	1248.7593	14.77900787	0.741759284
1248.7593	1249.5577	53.37748077	1.072476962
1249.5577	1249.78245	13.68818203	0.736877831
1249.78245	1250.6256	51.88205871	1.110629481
1250.6256	1250.8594	12.62393118	0.723897099
1250.8594	1253.4465	159.0121216	2.623678358
1253.4465	1254.4452	57.99028823	1.215210515
1254.4452	1254.95325	29.45446	0.890251199
1254.95325	1255.2269	16.76484944	0.763933553
1255.2269	1255.3212	5.215914198	0.68549616
1255.3212	1255.6287	16.58669458	0.758620449
1255.6287	1257.1204	85.13256344	1.887335998
1257.1204	1258.6908	87.62103771	1.969197782
1258.6908	1262.2664	200.5911602	6.376166951
1262.2664	1263.2957	57.25242817	2.109604687
1263.2957	1263.7003	17.50567119	0.92644856
1263.7003	1263.9119	9.768825181	0.788943556
1263.9119	1265.784	100.1733515	3.489335158
1265.784	1266.7571	49.86955899	1.794972061
1266.7571	1267.6957	47.02097099	1.579469752
1267.6957	1268.4219	39.79476448	1.337210249
1268.4219	1268.9495	30.90360387	1.146393837
1268.9495	1269.3954	20.23305804	0.941580212
1269.3954	1269.917	28.20010567	1.138999047
1269.917	1271.3693	73.24502601	2.19893584
1271.3693	1272.26115	46.82639831	1.499099547
1272.26115	1276.3075	204.6156768	5.784782223
1276.3075	1277.5232	59.48329107	1.795145481
1277.5232	1277.8857	18.73840083	0.94945895
1277.8857	1279.8978	103.0975712	2.89284558
1279.8978	1283.81855	200.5538321	5.399565835
1283.81855	1284.088	13.81527774	0.938566597
1284.088	1284.2189	7.611124536	0.888551424
1284.2189	1284.4559	15.33710921	0.936188757
1284.4559	1285.7336	71.14828694	1.750126601
1285.7336	1286.8535	65.31741611	1.759557714
1286.8535	1291.84725	277.7081049	7.433628071
1291.84725	1292.1996	16.62747545	1.059940628
1292.1996	1292.5016	14.42658614	1.025706651
1292.5016	1292.6776	9.419060455	0.958892139
1292.6776	1295.0968	120.7568341	3.886721669
1295.0968	1295.336	14.48688807	0.995203664
1295.336	1296.6914	75.94200659	2.477796225
1296.6914	1297.6359	52.42588329	1.864200458
1297.6359	1298.3978	35.96844776	1.489580187
1298.3978	1299.1697	43.87245482	1.724144464
1299.1697	1304.8607	310.4900899	10.23545183
1304.8607	1306.8973	116.8744755	4.023837491
1306.8973	1307.6372	38.62812424	1.614232426
1307.6372	1307.9232	16.32038631	1.067963635
1307.9232	1308.5588	30.73260603	1.429815137
1308.5588	1309.9718	67.58558346	2.64219063
1309.9718	1310.3324	18.34865966	1.076741067
1310.3324	1311.0997	35.09772045	1.537177653
1311.0997	1312.6606	78.91839786	2.64219063
1312.6606	1313.0688	20.37387491	0.860001949
1313.0688	1315.615	114.4990068	1.674940876
1315.615	1316.0554	18.1161836	0.885690184
1316.0554	1317.9573	96.04477755	1.663744903
1317.9573	1318.3599	16.96955871	0.862704415
1318.3599	1319.3599	46.67830842	1.201495361
1319.3599	1319.7817	19.58331014	0.914758494
1319.7817	1321.1089	63.01607034	1.577798182
1321.1089	1321.9637	33.24718037	1.033937937
1321.9637	1323.8508	86.22357532	1.927496503
1323.8508	1326.04545	99.72470832	2.233210169
1326.04545	1327.9834	82.17261558	2.020981279
1327.9834	1329.2245	54.43862962	1.577847476
1329.2245	1331.0833	76.5028823	2.158709721
1331.0833	1331.3833	11.72684353	0.865391621
1331.3833	1336.0631	196.8311886	5.276004896
1336.0631	1341.8055	239.8950049	6.149469254
1341.8055	1342.3473	25.54505485	1.045643964
1342.3473	1342.5227	9.85545661	0.883909667
1342.5227	1343.9125	71.7731621	1.984906282
1343.9125	1345.8628	86.1637389	2.27753624
1345.8628	1349.52715	188.0869727	3.965065279
1349.52715	1350.58845	46.53817337	1.380953343
1350.58845	1353.0481	157.7071872	2.665920632
1353.0481	1354.5641	109.9642063	1.892776322
1354.5641	1356.11	82.38803329	1.061144825
1356.11	1356.2933	10.34921374	1.029394647
1356.2933	1356.4813	9.511714232	1.029868118
1356.4813	1357.3439	49.58712964	1.100285572
1357.3439	1357.8235	25.6784088	1.044331528
1357.8235	1359.3225	83.87034351	1.242307305
1359.3225	1359.7511	22.80034292	1.159759846
1359.7511	1360.1752	22.34282576	1.403741525
1360.1752	1365.7554	277.9518469	3.647372676
1365.7554	1368.404	139.328141	1.336538641
1368.404	1369.5428	60.30877239	1.031046952
1369.5428	1372.7135	176.3821117	1.481982874
1372.7135	1375.1436	136.0059281	1.24115858
1375.1436	1376.9071	96.81266027	1.050144806
1376.9071	1379.4951	127.1494121	1.485501712
1379.4951	1382.3071	136.5689392	4.277834597
1382.3071	1386.5737	207.7284545	6.004615218
1386.5737	1387.2803	37.87672369	1.399321584
1387.2803	1389.2277	104.9388163	2.959576014
1389.2277	1389.99005	44.82638542	1.562050816
1389.99005	1390.7417	37.4195583	1.414214536
1390.7417	1391.4551	37.42235026	1.410683435
1391.4551	1393.7941	139.5288815	3.167021906
1393.7941	1394.1654	27.00632961	1.164399782
1394.1654	1394.5894	24.24552251	1.165348014
1394.5894	1396.3214	113.8348123	2.661135284
1396.3214	1398.60125	141.6159691	3.288048204
1398.60125	1399.1726	36.55803572	1.41526629
1399.1726	1400.1231	61.98112292	1.996209827
1400.1231	1400.2625	9.713607283	1.094548306
1400.2625	1401.2202	50.40059612	1.855863728
1401.2202	1402.5944	77.01159979	2.438859568
1402.5944	1402.9615	22.8797049	1.243124699
1402.9615	1403.19125	14.7644829	1.133329605
1403.19125	1403.3993	9.931554627	1.11223368
1403.3993	1403.6154	11.37106004	1.097331306
1403.6154	1404.3193	36.39287727	1.503648374
1404.3193	1404.8271	29.38732038	1.322133123
1404.8271	1405.01495	9.986986055	1.119879537
1405.01495	1408.04275	176.5662105	5.462614317
1408.04275	1408.9618	51.11231546	1.832494662
1408.9618	1410.28155	77.4283875	2.634437642
1410.28155	1411.97695	94.86797941	3.066339297
1411.97695	1412.3969	26.74808322	1.247772691
1412.3969	1413.6967	78.38053042	2.420833883
1413.6967	1414.4567	49.02368794	1.313142041
1414.4567	1415.6515	68.4011549	1.331263192
1415.6515	1416.3368	39.62274965	1.255890794
1416.3368	1418.1208	101.6935965	2.012277736
1418.1208	1421.702	222.2971675	3.870873504
1421.702	1422.7283	61.89976748	1.646347384
1422.7283	1427.9756	322.9925603	6.534688659
1427.9756	1428.7064	46.53069038	1.474501671
1428.7064	1429.1045	24.92680892	1.215619257
1429.1045	1430.3964	80.33779353	2.094314966
1430.3964	1431.27155	57.64755929	1.681734277
1431.27155	1432.5046	88.9384126	2.158941911
1432.5046	1435.0824	172.319787	3.222551608
1435.0824	1436.5374	102.8577048	1.815414602
1436.5374	1437.1952	45.46813199	1.311950405
1437.1952	1439.0726	133.3744522	2.455115652
1439.0726	1444.2817	365.4162564	6.248528579
1444.2817	1444.6552	25.61770379	1.152111985
1444.6552	1446.29545	113.4876779	1.953007646
1446.29545	1447.7074	96.51516314	1.857173064
1447.7074	1447.9673	18.04798057	1.136736845
1447.9673	1448.13115	13.80610295	1.115737923
1448.13115	1448.6974	41.20679659	1.218344853
1448.6974	1450.0602	97.30843575	1.818024715
1450.0602	1450.5049	31.1744505	1.206873639
1450.5049	1451.1289	40.21588902	1.251708542
1451.1289	1452.64965	106.8496	1.797141263
1452.64965	1454.2037	103.1231566	1.775763309
1454.2037	1454.37055	11.25215445	1.088648293
1454.37055	1456.2834	124.0262726	1.936316619
1456.2834	1457.9445	109.911542	1.728186942
1457.9445	1460.4272	166.2046816	2.240867959
1460.4272	1460.6394	13.91821515	1.067911945
1460.6394	1460.9434	16.54514505	1.093860186
1460.9434	1461.3163	27.4179087	1.100198129
1461.3163	1461.4382	8.79924465	1.057372178
1461.4382	1461.6609	12.87317745	1.063266628
1461.6609	1462.1211	31.16765925	1.094548273
1462.1211	1462.97835	57.1329045	1.211625323
1462.97835	1463.1543	9.010609603	1.057372178
1463.1543	1464.7275	94.39864682	1.522509745
1464.7275	1465.9336	70.72397099	1.342252184
1465.9336	1466.3997	26.43525954	1.076465405
1466.3997	1468.9328	140.5973761	2.182201735
1468.9328	1471.22525	126.9645687	1.387390602
1471.22525	1472.2899	53.0719487	1.15281898
1472.2899	1472.4852	12.10746826	1.023320146
1472.4852	1473.0702	38.05601001	1.068001724
1473.0702	1473.1953	8.412093348	1.004989243
1473.1953	1473.8131	36.57562814	1.055048994
1473.8131	1474.4349	35.60831484	1.040993186
1474.4349	1476.1862	110.6069067	1.166191828
1476.1862	1477.2621	63.43842618	1.019805559
1477.2621	1477.5535	16.73009193	1.001250907
1477.5535	1479.4391	108.8918239	1.0594826
1479.4391	1487.921	454.8971521	1.886797122
1487.921	1489.7626	89.34891937	1.300241662
1489.7626	1491.9298	129.9930396	1.672733278
1491.9298	1492.8364	56.9885351	1.203782545
1492.8364	1493.3146	32.21651958	1.133664977
1493.3146	1494.1265	48.15108131	1.162093392
1494.1265	1494.7015	34.02164626	1.1756231
1494.7015	1494.948	13.0440023	1.161535551
1494.948	1496.5859	100.6011305	1.177533963
1496.5859	1497.921	89.18703412	1.294246714
1497.921	1499.8564	114.455316	1.800768517
1499.8564	1500.28	30.43659681	1.445202425
1500.28	1500.5045	15.29304383	1.389345517
1500.5045	1502.393	130.2155126	2.900281334
1502.393	1502.536	9.165543259	1.441152149
1502.536	1502.8308	20.27654109	1.48351593
1502.8308	1503.0574	18.60459987	1.56949658
1503.0574	1503.6132	43.7184139	2.176289466
1503.6132	1504.3639	52.10760532	2.67614197
1504.3639	1504.5403	11.72835011	1.585947095
1504.5403	1506.1405	112.7035101	4.916930998
1506.1405	1506.3495	12.36563326	1.57800608
1506.3495	1506.813	33.50827933	1.927200869
1506.813	1507.32445	32.66818699	1.860108381
1507.32445	1508.725	105.5504643	3.001666735
1508.725	1515.9142	471.5334894	4.910222982
1515.9142	1517.4257	115.2333905	2.491290297
1517.4257	1519.6688	148.2092373	2.913332363
1519.6688	1520.4299	58.78367785	1.620898019
1520.4299	1523.7034	217.4128676	4.244363024
1523.7034	1526.121	149.9738968	3.69243624
1526.121	1526.6407	31.04500293	1.430753155
1526.6407	1526.974	20.47515982	1.305432722
1526.974	1528.4274	88.13452247	2.318308563
1528.4274	1528.6454	12.92948216	1.24264017
1528.6454	1530.0637	95.25591138	2.60865362
1530.0637	1531.6296	103.532177	2.975315503
1531.6296	1532.6385	67.71759155	2.209435201
1532.6385	1534.3814	112.5544506	3.2150643
1534.3814	1536.59765	152.9049982	4.256723409
1536.59765	1541.6805	348.870251	9.538999022
1541.6805	1544.3904	180.5679659	5.216442099
1544.3904	1544.893	34.20396696	1.642395924
1544.893	1545.1278	17.78227212	1.441202404
1545.1278	1545.5842	29.03925102	1.577930407
1545.5842	1547.8256	150.9250541	4.364493718
1547.8256	1549.38625	106.4636294	2.860090459
1549.38625	1549.6378	19.35796034	1.437290998
1549.6378	1550.2498	47.78182442	1.766443181
1550.2498	1550.6749	32.41135575	1.551562604
1550.6749	1551.5448	62.13212348	1.931767406
1551.5448	1551.8174	13.27640204	1.439550873
1551.8174	1552.6221	49.69448873	1.964250151
1552.6221	1555.78	164.2600132	4.593605925
1555.78	1556.5901	38.85370297	1.653082095
1556.5901	1557.579	56.44953513	1.902908376
1557.579	1558.4028	49.45472363	1.765581676
1558.4028	1558.933	30.50230105	1.552063992
1558.933	1561.2207	129.4351446	3.082621231
1561.2207	1561.5966	24.63055028	1.487504692
1561.5966	1561.7777	11.11592099	1.408599892
1561.7777	1563.1788	83.1740719	2.076452258
1563.1788	1563.756	29.56332048	1.51354527
1563.756	1564.6693	54.39789521	1.66232346
1564.6693	1565.6294	57.78630779	1.631733428
1565.6294	1567.6615	118.6132639	2.021454669
1567.6615	1567.9637	22.87042938	1.44777218
1567.9637	1568.2935	22.08111674	1.443206252
1568.2935	1572.16535	230.1234724	2.577177581
1572.16535	1574.9269	174.7104015	1.66232346
1574.9269	1575.50575	45.81266056	1.448994734
1575.50575	1576.66635	66.3792617	1.450282485
1576.66635	1580.7915	252.4096082	1.699181946
1580.7915	1581.0422	19.40046131	1.433526806
1581.0422	1583.3306	133.7101176	1.833935464
1583.3306	1586.2992	171.6916795	4.114115559
1586.2992	1587.07205	35.72549848	1.844832059
1587.07205	1589.7266	177.5848186	5.078167024
1589.7266	1591.1084	87.90207322	2.696925161
1591.1084	1591.5894	30.24544235	1.542207938
1591.5894	1591.8534	17.79186038	1.441849914
1591.8534	1592.9877	67.9272429	2.184188711
1592.9877	1593.60445	40.87784016	1.693452191
1593.60445	1596.6714	196.2792695	5.286781021
1596.6714	1599.9669	191.7083141	5.065431593
1599.9669	1600.9833	64.64912751	2.280488445
1600.9833	1601.3707	26.62226041	1.771378086
1601.3707	1608.4176	465.6589313	11.47171654
1608.4176	1609.95185	93.64126147	3.45662769
1609.95185	1613.7388	250.4708537	6.779208864
1613.7388	1618.4296	278.0594492	5.901743334
1618.4296	1620.6469	136.8367355	3.288113129
1620.6469	1623.1815	187.0280907	4.405962253
1623.1815	1625.0348	128.2987778	3.580537852
1625.0348	1627.324	154.724695	4.472485705
1627.324	1628.5027	66.62188292	2.670791714
1628.5027	1628.88055	26.70480252	2.083780135
1628.88055	1631.9185	222.9477942	6.125691999
1631.9185	1633.76945	114.3877279	3.42600751
1633.76945	1634.8036	66.34214766	2.775342765
1634.8036	1635.13625	21.02453654	2.241667216
1635.13625	1637.5413	136.2370759	4.061240193
1637.5413	1637.889	23.13728791	2.299211619
1637.889	1639.348	100.7494907	3.418607815
1639.348	1640.6765	82.33401281	3.184163794
1640.6765	1640.9193	13.99926016	2.36248744
1640.9193	1644.0523	196.1788634	5.63572062
1644.0523	1645.9402	125.397213	4.464193932
1645.9402	1647.91695	112.6877421	3.97653705
1647.91695	1648.5979	43.49665887	3.007742746
1648.5979	1648.89815	18.25223113	2.700682083
1648.89815	1650.7067	101.9344126	8.250700498
1650.7067	1652.26445	95.21635143	7.812705938
1652.26445	1655.5956	205.8679001	16.65156293
1655.5956	1655.8654	16.54967401	2.405612468
1655.8654	1657.14635	67.23490012	5.738649967
1657.14635	1659.9076	151.7813505	11.8092931
1659.9076	1662.7367	184.3819318	6.407569602
1662.7367	1665.21075	142.1076404	23.61460719
1665.21075	1670.1694	226.1424967	32.04243731
1670.1694	1671.22265	55.21913846	2.539916347
1671.22265	1672.333	48.0543359	2.4885086
1672.333	1675.887	176.5687041	7.709182773
1675.887	1676.1716	13.83011897	2.74889681
1676.1716	1676.7002	25.68679077	3.202000729
1676.7002	1682.02185	287.8898738	26.77896801
1682.02185	1682.6311	33.93694308	4.455131101
1682.6311	1684.08555	91.18505333	8.720286991
1684.08555	1685.496	77.59904564	7.19386812
1685.496	1687.6673	130.0042656	9.735873223
1687.6673	1688.5948	48.17086872	4.663319297
1688.5948	1689.666	59.71085231	4.845648068
1689.666	1691.2799	81.37546051	5.282887697
1691.2799	1693.0941	110.3397467	5.568718652