#https://doi.org/10.1016/j.quascirev.2022.107754
#Depth	Age
0	-45.5216394349944
1	-17.9315916680958
2	-5.81843019834146
3	6.42444199484467
4	18.813317076477
5	31.7611503607723
6	45.4367763168708
7	60.3485892977734
8	77.0454248243995
9	94.9883842483611
10	112.642262153196
11	130.210026068667
12	147.963333976207
13	166.091366979172
14	185.10367538078
15	205.236422707729
16	224.466775868788
17	242.584547779615
18	260.695821107942
19	280.830100054068
20	302.332977980328
21	323.428257228397
22	344.34664143363
23	364.541089070015
24	383.168330814471
25	403.52926376606
26	425.729651560661
27	449.125678717769
28	473.486946322086
29	494.907796599809
30	515.376338392829
31	538.111914073179
32	560.816925296389
33	583.145820333914
34	604.21323441636
35	626.846132437953
36	650.720179881912
37	673.290215239237
38	695.644913534204
39	721.775349388513
40	742.788426796029
41	764.851726423236
42	788.783391267389
43	815.339428349592
44	844.281207393665
45	868.386179756145
46	890.492353332918
47	915.568373444554
48	943.721269252769
49	970.393620649094
50	997.209260490371
51	1023.84270815976
52	1049.68789436077
53	1075.03902857799
54	1100.08586527343
55	1125.26877604228
56	1151.45623435801
57	1179.8786262078
58	1207.78674269145
59	1232.74338597387
60	1258.18818659983
61	1284.72678428812
62	1312.21915755961
63	1340.30028779961
64	1368.21040180473
65	1396.72540117207
66	1424.58165831749
67	1450.93859779471
68	1477.60025069951
69	1508.99087589983
70	1539.79264781197
71	1569.65662571014
72	1597.30878060948
73	1624.04470199164
74	1651.97027427928
75	1680.70163448725
76	1709.58783253868
77	1737.76759049772
78	1766.82063770126
79	1801.14928870865
80	1833.49266687495
81	1863.52600624464
82	1892.98690438301
83	1922.34544785013
84	1952.63431935106
85	1981.96759006424
86	2011.24198392388
87	2042.24676332118
88	2074.10646851606
89	2104.19064595504
90	2134.90342403209
91	2166.44336604264
92	2199.8086609925
93	2232.96253978194
94	2263.33135504091
95	2293.85225902143
96	2324.22764491574
97	2354.33065234772
98	2386.2700845376
99	2423.20730533647
100	2455.14045197094
101	2484.33995248352
102	2512.85354664515
103	2541.43090150219
104	2576.8550955172
105	2614.89218308522
106	2654.55475830368
107	2694.69894333661
108	2729.24737365011
109	2759.7842145293
110	2790.77119407491
111	2822.19399541986
112	2854.02451504237
113	2881.53268919943
114	2910.50864583737
115	2940.29500274035
116	2970.167988496
117	3000.10743413104
118	3030.10217312664
119	3060.17429729987
120	3090.31541317763
121	3127.9952024039
122	3164.05122123477
123	3198.47486612296
124	3231.64822032096
125	3264.76113040287
126	3298.11422011985
127	3330.94488330925
128	3363.27656374348
129	3397.50587386615
130	3433.77378062949
131	3472.1360452846
132	3508.45590615113
133	3542.92908471602
134	3575.73679641941
135	3608.54675299967
136	3641.30680226903
137	3674.13004352356
138	3707.16158857458
139	3741.41819775746
140	3777.25471972709
141	3815.30751121702
142	3850.96596454165
143	3885.75652744365
144	3919.52258953975
145	3953.70478417323
146	3987.86722797059
147	4021.76614384252
148	4055.77024311493
149	4090.1760650748
150	4125.00946385305
151	4160.8414320881
152	4197.84961590874
153	4232.82446902915
154	4266.51471380344
155	4300.94582415722
156	4335.90387092488
157	4372.40367210817
158	4408.19843904972
159	4443.08881511773
160	4477.43716530802
161	4511.81274254061
162	4546.94805975689
163	4582.90560696916
164	4619.48734236074
165	4655.03012579803
166	4689.59656600199
167	4721.69423440535
168	4754.53613097051
169	4788.00688628816
170	4821.97458918903
171	4856.408604906
172	4891.28643213948
173	4927.50357150439
174	4964.78698440091
175	5000.40563068986
176	5034.71909935873
177	5068.73202799082
178	5102.62003944491
179	5136.63144742243
180	5171.42798025464
181	5206.96995645171
182	5243.11805928574
183	5279.8809455798
184	5316.94921929209
185	5353.22127966771
186	5388.82486596621
187	5423.95248410118
188	5458.59900855888
189	5493.01489898821
190	5528.65289292092
191	5565.45795582835
192	5602.7954605103
193	5637.63517379915
194	5670.78798772864
195	5702.55141579272
196	5735.4031644193
197	5769.36428117054
198	5803.21109831217
199	5836.86297556799
200	5870.34892125788
201	5903.41983931087
202	5936.40483590957
203	5970.90898791209
204	6006.77840707448
205	6042.99219414244
206	6079.63736814855
207	6117.12314677488
208	6155.73102776027
209	6195.38036220914
210	6235.40754638162
211	6274.11937918885
212	6312.01796598181
213	6349.2883228206
214	6386.165693849
215	6423.36067475101
216	6460.69768216837
217	6496.94572404552
218	6532.85666034721
219	6569.16841657764
220	6605.21365314369
221	6641.19632868492
222	6677.0013896616
223	6712.66967968512
224	6748.08967223786
225	6783.83512550094
226	6821.74960406325
227	6861.6148154273
228	6902.20200869715
229	6942.68435819974
230	6981.17723754556
231	7018.0435538325
232	7053.56915735056
233	7087.95243401902
234	7121.48802191396
235	7154.71836303715
236	7190.39788216839
237	7228.36354286365
238	7265.9697155203
239	7303.17071563455
240	7339.9147747479
241	7376.14528620629
242	7412.53323044158
243	7451.18695968267
244	7490.85445529983
245	7527.23038581756
246	7561.67450332812
247	7596.48381237836
248	7631.79441675187
249	7667.73454787622
250	7704.38490984781
251	7741.7396594878
252	7779.26488670029
253	7817.08371256914
254	7853.88421526799
255	7889.50835585698
256	7924.29689758159
257	7960.93829583109
258	8000.03499347102
259	8038.2889161997
260	8076.07540845174
261	8113.83167398838
262	8152.04344086187
263	8190.85929288097
264	8229.38631815935
265	8266.76441023284
266	8303.49424694961
267	8341.59965531751
268	8379.98661830729
269	8416.99569353263
270	8455.00064899032
271	8493.71903438028
272	8531.91308309827
273	8569.95832379762
274	8608.55175451813
275	8647.77363164107
276	8687.14817285419
277	8725.22463962747
278	8762.08585306541
279	8798.06874575725
280	8832.94882285965
281	8867.37646482571
282	8902.96929583402
283	8940.12661081581
284	8977.92011086336
285	9013.46223492995
286	9047.45494103752
287	9081.20200253482
288	9116.3274795194
289	9152.8537983417
290	9190.39551887364
291	9227.94422436066
292	9265.57792851679
293	9303.10686395447
294	9340.5548173467
295	9376.35880403936
296	9410.50085060652
297	9444.70756240677
298	9479.4054738021
299	9514.64587976438
300	9550.31623495115
301	9586.28865703172
302	9621.47742670865
303	9655.74138179836
304	9694.04422646448
305	9732.1502188827
306	9770.39338810625
307	9807.39929085192
308	9843.39258485217
309	9878.97781841326
310	9915.15057848179
311	9951.13696055568
312	9986.78376641627
313	10021.8615273105
314	10056.9176577959
315	10092.7616762747
316	10130.0591206403
317	10165.8313075094
318	10200.0168519984
319	10233.576842279
320	10267.6726902283
321	10302.3803130589
322	10337.3391841162
323	10372.2916021547
324	10406.7923621071
325	10442.0411587273
326	10477.3681231293
327	10512.5554362783
328	10547.9479003995
329	10583.4870321513
330	10619.2818740473
331	10655.2417933832
332	10691.1912984355
333	10727.1093413038
334	10763.116689106
335	10799.618013341
336	10836.7656936282
337	10873.5427122038
338	10909.8748122878
339	10946.1211342066
340	10983.0291212663
341	11020.4415470538
342	11058.1589189024
343	11095.2386701841
344	11131.4871804887
345	11167.3779758108
346	11202.9287967816
347	11238.7643133842
348	11275.2472816781
349	11312.2278666821
350	11348.79531933
351	11384.8353836817
352	11419.9036156684
353	11454.1887851247
354	11491.148314511
355	11526.7606990157
356	11561.2009588451
357	11596.245132602
358	11632.3394347095
359	11669.0863935272
360	11705.5396275146
361	11741.5346572098
362	11776.9170810121
363	11811.6491961307
364	11846.2688600597
365	11882.063120695
366	11919.7890187101
367	11958.0495403111
368	11996.3990567281
369	12034.3530837882
370	12071.8572052793
371	12108.8002289502
372	12145.7869933561
373	12182.9502041793
374	12220.4677526289
375	12259.4496255153
376	12299.9736713171
377	12342.1148080351
378	12383.2248790008
379	12423.2553203536
380	12464.6839547831
381	12506.8667629965
382	12549.6968659755
383	12593.4457500412
384	12638.2029676933
385	12684.0301973103
386	12731.5033922179
387	12778.9067244252
388	12827.0506064251
389	12875.742029427
390	12924.5691945915
391	12973.2727380134
392	13020.8409526503
393	13066.7148460247
394	13111.579403436
395	13157.7667774465
396	13206.0282728991
397	13252.3251262616
398	13297.255260443
399	13342.2610006124
400	13389.2053406657
401	13437.9581095163
402	13487.5474831951
403	13535.3946239824
404	13581.3031224303
405	13629.0190934584
406	13680.2494118965
407	13731.2434724117
408	13781.1858061388
409	13831.0386400617
410	13881.307961151
411	13931.5329755581
412	13981.180886139
413	14030.4602251481
414	14079.4651747504
415	14128.2134065736
416	14175.9836756474
417	14223.5717178847
418	14270.6267944831
419	14317.663551599
420	14365.4411287908
421	14414.8759629707
422	14462.6146029727
423	14508.410305389
424	14554.1255375877
425	14601.6908792368
426	14651.4820742943
427	14699.6854818431
428	14746.7206070816
429	14792.7914952046
430	14837.595396051
431	14881.2867563709
432	14926.180488426
433	14972.9741726524
434	15021.3971297244
435	15070.1529950056
436	15119.216655291
437	15168.3742493681
438	15217.5010993204
439	15266.4751400299
440	15315.0124904466
441	15363.348855079
442	15412.4967766338
443	15463.5008111979
444	15515.3666144507
445	15566.596522205
446	15616.7526214562
447	15667.9243512007
448	15720.0725094651
449	15772.7246863397
450	15825.5066155354
451	15878.2931952212
452	15931.108517415
453	15983.4450296711
454	16036.815998426
455	16093.2487455668
456	16153.9908717152
457	16217.4325588781
458	16281.7726429418
459	16345.187256888
460	16407.0014339563
461	16468.5905941076
462	16530.9542957545
463	16594.1438570963
464	16658.253576282
465	16723.8485374165
466	16790.3003805844
467	16857.1622998174
468	16922.864123941
469	16986.872238781
470	17049.3129872795
471	17112.6306940608
472	17178.6210881195
473	17243.4156923042
474	17305.9528292843
475	17365.4826407585
476	17421.3314469447
477	17478.7902324555
478	17534.2479514636
479	17590.1060732624
480	17649.2672245229
481	17711.6761905911
482	17777.021670151
483	17845.9272061462
484	17907.7286003751
485	17973.0767115959
486	18043.3825401054
487	18114.0112177305
488	18184.7807945017
489	18256.2087514828
490	18328.0636219131
491	18398.4450805401
492	18465.2835725196
493	18529.6968819695
494	18595.27412987
495	18665.2695286147
496	18738.8165617588
497	18811.7031961874
498	18883.8813135041
499	18955.54776811
500	19026.3718791437
501	19096.0903834221
502	19167.0592313195
503	19243.7663400718
504	19327.8435976909
505	19406.4280907433
506	19486.7367773249
507	19568.5302078103
508	19650.2649307919
509	19732.1822652786
510	19814.9369889886
511	19899.4308381434
512	19976.6762029403
513	20049.9761391816
514	20129.3724754635
515	20209.4854142284
516	20287.8927208018
517	20364.1534694443
518	20438.1798302257
519	20510.5597245352
520	20583.8933877179
521	20658.8940735832
522	20735.4217514618
523	20813.2754212374
524	20892.632785218
525	20973.3000657889
526	21055.4862975596
527	21128.6474686044
528	21203.3478832474
529	21276.6075786944
530	21351.2330132206
531	21431.892776493
532	21508.2248546835
533	21581.5932258118
534	21656.0611033224
535	21730.665254669
536	21804.9425768632
537	21878.4462965082
538	21949.6437011936
539	22018.4011157398
540	22086.8343011447
541	22157.0254407099
542	22229.6113748995
543	22305.3446846791
544	22377.6944914927
545	22447.6994567794
546	22521.6545207121
547	22600.3582463145
548	22684.0061494032
549	22769.6151806857
550	22853.2846553418
551	22927.4075298126
552	22994.6569951494
553	23060.606338896
554	23126.6057965587
555	23193.2317487446
556	23261.3869959964
557	23331.5009993624
558	23403.8777842043
559	23477.1465906755
560	23548.3637940411
561	23617.7559306732
562	23689.4268529947
563	23761.4738005077
564	23835.5154002571
565	23905.5368943888
566	23976.7371043329
567	24048.5649857093
568	24122.765281587
569	24201.693730033
570	24286.1289502987
571	24376.9569689903
572	24461.5325610348
573	24541.6584298201
574	24618.8609272792
575	24696.4982466255
576	24777.9037632109
577	24863.4969807148
578	24948.5198876504
579	25029.6745805335
580	25111.0860435707
581	25197.9645827675
582	25283.4563214664
583	25367.9629584518
584	25449.257686036
585	25527.8854071577
586	25608.1762767662
587	25687.0382305251
588	25770.1861605765
589	25856.650401733
590	25943.9949571699
591	26031.5804428528
592	26118.6857903485
593	26201.6847771783
594	26278.3875487455
595	26350.0741862174
596	26417.8998984229
597	26482.7931303384
598	26550.2652876465
599	26623.104082623
600	26703.8751004514
601	26789.0058603074
602	26876.7294790771
603	26972.6784292884
604	27068.0110746783
605	27159.6873142272
606	27248.3757565383
607	27333.7938725367
608	27415.4724917877
609	27494.3115439146
610	27572.2430234741
611	27650.1084294352
612	27736.1232054795
613	27829.7691045228
614	27920.8716094424
615	28005.0800683371
616	28087.191640782
617	28169.9463089987
618	28253.9626009771
619	28337.0058140771
620	28416.9679419792
621	28494.4658776647
622	28578.4509271
623	28670.334026729
624	28764.2059899329
625	28852.5434140159
626	28934.5524249787
627	29012.3533512711
628	29086.3074890194
629	29159.2985938028
630	29232.4746892576
631	29304.8318163919
632	29374.7918142772
633	29444.3289830268
634	29515.5716254838
635	29587.2849883873
636	29658.6814114588
637	29730.1525360042
638	29802.5100738524
639	29874.6911903277
640	29946.6030668782
641	30017.0109345722
642	30084.3965955047
643	30149.6582828526
644	30217.7203679824
645	30289.3517357129
646	30365.3072596126
647	30446.1750795337
648	30532.5277623476
649	30616.6572315325
650	30698.1584787207
651	30780.723357621
652	30869.3103958608
653	30964.631274694
654	31054.3061176401
655	31137.7627860079
656	31215.669903494
657	31288.5904117784
658	31357.6971646412
659	31430.8539648132
660	31510.1487261391
661	31594.9272253222
662	31683.0969927613
663	31774.8168067633
664	31863.2337014921
665	31948.5023999043
666	32030.7425986371
667	32110.1824375918
668	32187.17862934
669	32262.7385893014
670	32336.9180900278
671	32412.0496247598
672	32492.4003751353
673	32579.3673637599
674	32664.679216853
675	32746.9394749036
676	32826.3806927868
677	32903.4105567109
678	32982.5106446107
679	33064.4090043766
680	33149.627586336
681	33233.831953803
682	33316.6404768334
683	33398.3698721094
684	33479.291219662
685	33559.470587241
686	33638.7849946798
687	33716.8595158694
688	33793.7577513972
689	33869.4671594536
690	33943.9979774879
691	34020.6242002254
692	34100.0095490128
693	34181.6234476555
694	34264.2913459933
695	34347.8937318933
696	34431.3246699032
697	34514.4208906496
698	34597.1721110604
699	34679.5576064044
700	34761.6516495324
701	34844.3525896508
702	34927.7380379478
703	35011.9330151345
704	35097.0123093033
705	35183.0655879989
706	35267.539176873
707	35346.1266395813
708	35419.5636521138
709	35488.6327493416
710	35554.2112168795
711	35619.6907210951
712	35690.0496253514
713	35766.5884188538
714	35846.2535848918
715	35929.2469093951
716	36012.4777469943
717	36090.9326745223
718	36165.5595088664
719	36240.1805178717
720	36315.6466083206
721	36392.0318969263
722	36469.3849401886
723	36547.7134211155
724	36627.9677889827
725	36710.6248145731
726	36795.3704900734
727	36880.6919890614
728	36966.5584762569
729	37049.8054335998
730	37129.6161099674
731	37206.2570984171
732	37279.9513089545
733	37351.2820581579
734	37421.381332675
735	37490.5640910379
736	37559.0672151824
737	37627.4524626077
738	37695.6607362072
739	37763.0555342858
740	37829.4373664957
741	37894.7746254272
742	37959.1269750484
743	38022.51661841
744	38084.916436324
745	38146.4248499013
746	38208.3262625026
747	38274.8219477324
748	38347.5130356919
749	38423.2127090268
750	38499.6161544463
751	38576.7445646266
752	38654.6241800142
753	38733.3250543862
754	38809.7759654678
755	38883.4804723606
756	38953.929802417
757	39020.6873873947
758	39084.314496604
759	39147.5561170313
760	39210.3781992343
761	39272.8271056421
762	39334.9174643981
763	39396.6603077301
764	39461.0020564065
765	39528.3159323961
766	39597.1431628659
767	39665.2824216129
768	39732.7600241012
769	39800.4550257517
770	39868.4130334221
771	39936.6885646477
772	40005.2945855576
773	40074.2647424829
774	40145.9131802433
775	40221.5267275418
776	40301.9770697519
777	40382.8825670244
778	40463.7833485969
779	40543.647682385
780	40622.41268715
781	40700.1468166905
782	40776.9078491737
783	40852.7808370142
784	40932.0717536732
785	41016.5127966766
786	41102.3875334448
787	41179.0521935236
788	41249.1255450953
789	41317.8788870727
790	41387.0840608768
791	41456.7622215543
792	41526.951945724
793	41597.6787834566
794	41672.4790527893
795	41753.9201083386
796	41839.1474835514
797	41917.342850016
798	41990.2215095889
799	42062.2603793563
800	42134.7602878494
801	42207.7282854974
802	42281.1692892085
803	42355.0873000136
804	42429.4362897786
805	42504.2682450299
806	42580.2138328166
807	42660.1210520314
808	42744.7043529206
809	42831.2578667063
810	42918.3984266942
811	43006.1052958801
812	43094.3396910732
813	43183.0612866743
814	43269.7910648914
815	43353.9613851395
816	43436.8092725127
817	43521.4566456274
818	43607.9966257521
819	43696.9843811869
820	43788.7143995242
821	43883.3208705967
822	43980.9834262611
823	44082.0708508309
824	44178.9697284836
825	44269.3104586296
826	44354.4935939699
827	44437.1662032056
828	44518.3227852972
829	44599.9630816884
830	44682.9563561743
831	44767.3194217795
832	44853.0556978464
833	44940.2682315805
834	45031.9831015507
835	45130.5665573465
836	45233.6459074067
837	45327.1621175872
838	45413.6189669404
839	45496.7525983498
840	45577.6857224426
841	45656.5589493755
842	45733.4507669231
843	45808.5413591221
844	45884.9903799327
845	45964.4255185394
846	46047.0512014654
847	46131.7426351569
848	46218.7462048137
849	46303.4567468636
850	46384.1748179137
851	46461.9845404482
852	46539.4499434816
853	46616.5171726666
854	46692.8057887061
855	46768.1416655335
856	46841.3644546248
857	46908.4411107837
858	46970.9117904141
859	47033.6337517712
860	47099.2338993314
861	47167.9997710591
862	47240.4239206724
863	47317.8154622906
864	47398.0178629926
865	47480.1780431338
866	47562.6444467409
867	47640.6144908807
868	47714.7716417408
869	47786.9320268858
870	47857.6538992919
871	47926.9670771064
872	47995.0248386036
873	48061.9816699944
874	48132.6641906616
875	48210.1908857138
876	48292.3814742758
877	48367.665144999
878	48437.7382157243
879	48509.9238452451
880	48586.9981250704
881	48669.7304536983
882	48759.2366579469
883	48858.737927772
884	48957.1870667528
885	49051.0619340127
886	49140.4686517907
887	49224.59503013
888	49304.5300585678
889	49384.0447141102
890	49464.2666435644
891	49545.2698858344
892	49627.0693250586
893	49709.6664243506
894	49793.818527001
895	49879.8519706552
896	49967.4728417644
897	50055.534637763
898	50144.0895515396
899	50235.0989686371
900	50329.3819721175
901	50427.1250228715
902	50528.5568233195
903	50634.1235482501
904	50737.5072050482
905	50836.2847213093
906	50931.4622802571
907	51026.3448288828
908	51120.8655681588
909	51215.3207372704
910	51309.9740059004
911	51404.8132756866
912	51499.7954733339
913	51594.8692424999
914	51690.9929309204
915	51788.691462209
916	51887.3358598879
917	51983.3594949029
918	52076.9238373004
919	52169.6876849923
920	52262.5903605976
921	52355.6047225129
922	52448.6946451283
923	52541.849117203
924	52637.6936133833
925	52738.2129371915
926	52841.6652867148
927	52935.4103322227
928	53022.0721926735
929	53105.4710516223
930	53187.2971677585
931	53267.5834633464
932	53346.3864607783
933	53423.7834737817
934	53500.5588723833
935	53577.2485615458
936	53654.23102157
937	53733.8560079834
938	53816.5044192861
939	53897.491698384
940	53974.7600648154
941	54048.6414007709
942	54119.4782083581
943	54187.781677765
944	54254.0557599389
945	54318.5578412795
946	54382.7371594968
947	54452.4381756864
948	54530.6631672581
949	54611.040521035
950	54689.4413387322
951	54765.9909179584
952	54840.8319775754
953	54914.1584523899
954	54988.9845396158
955	55067.6742984884
956	55150.3092738446
957	55230.4297323741
958	55308.3519962689
959	55385.9168581712
960	55464.2982461194
961	55543.5462079082
962	55623.6979722233
963	55704.8308716101
964	55787.3031652352
965	55871.4033011209
966	55956.4029197354
967	56034.25850391
968	56106.9134336551
969	56179.5555037819
970	56255.5267685334
971	56335.1871308588
972	56418.914875653
973	56507.7691570386
974	56598.07334377
975	56686.37467817
976	56772.9988014348
977	56861.2719597134
978	56951.3218403342
979	57041.5643277776
980	57130.6623696294
981	57218.6165347624
982	57305.3841880344
983	57391.0112296643
984	57476.8461967802
985	57564.1619606877
986	57652.9260389311
987	57737.2903326458
988	57817.8763923422
989	57896.9468917034
990	57976.4979911128
991	58056.5456706419
992	58137.0971123297
993	58218.1077096979
994	58300.4037740167
995	58385.1312309498
996	58472.6370012684
997	58553.5641795069
998	58628.9486515057
999	58702.5157269829
1000	58778.0334566324
1001	58855.5989182854
1002	58935.2896073672
1003	59017.3855436918
1004	59099.7414242921
1005	59178.9571382711
1006	59255.4698909351
1007	59329.0463567922
1008	59399.9461424618
1009	59468.9191124829
1010	59536.8404626044
1011	59603.7923410568
1012	59669.8207263579
1013	59734.9408560797
1014	59801.4446052521
1015	59873.3625307054
1016	59953.0203473217
1017	60033.2212899758
1018	60112.9716679742
1019	60191.4994268607
1020	60267.7369671436
1021	60341.8206353946
1022	60413.9289695476
1023	60484.3162541089
1024	60554.5268173363
1025	60626.915963435
1026	60701.7302901051
1027	60777.2260751235
1028	60853.2315685169
1029	60929.2415734881
1030	61004.4020561944
1031	61078.7061092233
1032	61154.262348871
1033	61231.367451199
1034	61310.1053272661
1035	61390.6472717278
1036	61473.2065502044
1037	61554.9694907885
1038	61635.5130377069
1039	61715.6816129305
1040	61797.3773366698
1041	61880.7365897621
1042	61965.837803021
1043	62052.7578430948
1044	62141.8653661996
1045	62233.9302566962
1046	62329.3808434035
1047	62423.5558283975
1048	62515.08219465
1049	62603.793369705
1050	62688.5262545453
1051	62769.8996310539
1052	62852.8461241097
1053	62939.5943454634
1054	63030.5691910356
1055	63126.3040154435
1056	63227.9271079412
1057	63331.3573008414
1058	63434.5222616846
1059	63537.4296211349
1060	63640.5353909141
1061	63743.7911042795
1062	63847.0898920405
1063	63950.4822832325
1064	64055.2126834067
1065	64165.8723991154
1066	64283.6606270651
1067	64398.7855215832
1068	64508.4939507833
1069	64612.8005947291
1070	64710.2825755075
1071	64801.7154331635
1072	64887.9261051129
1073	64969.9192824998
1074	65050.8207377548
1075	65138.979214408
1076	65237.2828645524
1077	65332.3313454602
1078	65420.6699065687
1079	65505.6203033767
1080	65593.8480640662
1081	65685.6117130899
1082	65781.1320966465
1083	65881.1822164863
1084	65985.4370544269
1085	66090.7583968508
1086	66197.1690852046
1087	66302.5773171361
1088	66406.419974097
1089	66508.4710324842
1090	66607.885791803
1091	66704.7991278093
1092	66799.3483296133
1093	66891.733153362
1094	66984.0221736045
1095	67082.366520962
1096	67188.4821300787
1097	67299.3710576926
1098	67413.9190983089
1099	67531.5449966662
1100	67649.5899547792
1101	67768.053289535
1102	67886.9369716008
1103	68006.338969761
1104	68117.9166280192
1105	68220.9467998493
1106	68320.0281134665
1107	68424.7472828639
1108	68536.3390468702
1109	68645.342279387
1110	68749.1209362376
1111	68850.3744063645
1112	68955.5356749053
1113	69065.1769206477
1114	69170.9768584216
1115	69270.9296515385
1116	69368.5485075299
1117	69472.4988310713
1118	69584.4460762538
1119	69695.9265130395
1120	69804.1125176803
1121	69909.6277512036
1122	70013.6591278927
1123	70116.3632632525
1124	70220.5740490716
1125	70327.3964873841
1126	70434.9827530686
1127	70537.3368316389
1128	70635.2148984172
1129	70733.0612488772
1130	70832.3222062121
1131	70931.8333025386
1132	71028.7082983564
1133	71123.2075790035
1134	71219.5717358938
1135	71319.510653409
1136	71420.7736500951
1137	71516.0751651908
1138	71606.4936080772
1139	71697.7332815054
1140	71791.7802541577
1141	71887.0274161311
1142	71978.1828026949
1143	72065.8701001555
1144	72153.0317729459
1145	72240.5270814245
1146	72326.9625930644
1147	72408.3622607283
1148	72485.7413300329
1149	72563.8142706447
1150	72644.2500418951
1151	72726.6244370281
1152	72809.0757337537
1153	72891.6039025688
1154	72976.2914543536
1155	73064.1053914165
1156	73154.0570056455
1157	73242.2658345027
1158	73328.8672498168
1159	73414.1330453486
1160	73498.1904855454
1161	73581.5443727936
1162	73665.2939514908
1163	73749.4448788703
1164	73837.4319826554
1165	73931.6016739692
1166	74031.2282408495
1167	74130.882380494
1168	74230.6461053767
1169	74324.4611004761
1170	74411.8093931413
1171	74494.481559419
1172	74574.5055568343
1173	74652.1921626448
1174	74729.3765192184
1175	74806.6350911398
1176	74884.7983780506
1177	74966.5892687283
1178	75052.7258268218
1179	75135.504357777
1180	75214.996129067
1181	75296.3494888037
1182	75379.6705952692
1183	75465.1603032281
1184	75550.1051054542
1185	75633.5812566757
1186	75715.9574776796
1187	75798.1242456853
1188	75880.0853541175
1189	75959.6882199864
1190	76036.429857139
1191	76111.9708618271
1192	76190.5792770181
1193	76272.7799046535
1194	76357.8815517578
1195	76445.6804798918
1196	76533.6900463911
1197	76615.2106460177
1198	76693.96661564
1199	76771.0760259715
1200	76846.6622617795
1201	76922.8111031283
1202	77007.3418428006
1203	77103.4361562812
1204	77202.3540638049
1205	77300.5488948999
1206	77395.4700588141
1207	77480.7325766609
1208	77559.2556052222
1209	77635.639004728
1210	77711.1884011843
1211	77789.0156898182
1212	77870.3928149005
1213	77956.0460562593
1214	78043.8893574054
1215	78133.1618993437
1216	78222.8584454013
1217	78309.6181337861
1218	78393.7682249195
1219	78480.6000453304
1220	78572.59745971
1221	78669.6291026964
1222	78768.7660133325
1223	78870.1668811907
1224	78967.3115956678
1225	79058.9718561341
1226	79146.7040289297
1227	79232.9973378355
1228	79317.8880862195
1229	79400.9376769013
1230	79482.1114800673
1231	79563.0501259526
1232	79648.6901662457
1233	79740.1794186455
1234	79831.3636914722
1235	79919.9558065228
1236	80006.6202664045
1237	80092.761144916
1238	80178.3921807579
1239	80261.130457613
1240	80340.73623576
1241	80418.963463636
1242	80500.3057285927
1243	80585.2671358583
1244	80670.5882750822
1245	80755.1221618554
1246	80838.2057146781
1247	80917.9889507412
1248	80994.9011481306
1249	81071.0443523934
1250	81147.0358355778
1251	81222.4598428891
1252	81296.1268859565
1253	81368.1984203644
1254	81442.1991907661
1255	81519.7771096927
1256	81600.3435449881
1257	81680.4071128702
1258	81760.0497773101
1259	81840.4199682918
1260	81921.9413147799
1261	82003.3888350212
1262	82081.2238766076
1263	82155.9989621679
1264	82232.3876122779
1265	82312.2691872659
1266	82394.2682664924
1267	82472.8896027654
1268	82548.5545917883
1269	82626.2393347335
1270	82708.0389558879
1271	82793.2104232149
1272	82877.3143952975
1273	82960.3295606786
1274	83043.7719037568
1275	83128.1452494004
1276	83210.7546220369
1277	83284.9619886398
1278	83353.3539712745
1279	83422.2462105484
1280	83493.7438461893
1281	83567.6625991902
1282	83642.5312832944
1283	83718.3953077883
1284	83795.0916431451
1285	83872.5088284663
1286	83950.1935377998
1287	84026.5475829174
1288	84101.6631246483
1289	84176.2141201971
1290	84250.4194555932
1291	84324.1758253827
1292	84397.1035742454
1293	84469.3041356385
1294	84543.1923350749
1295	84619.8202775629
1296	84699.0996990296
1297	84779.9209147347
1298	84862.413006779
1299	84942.1940064348
1300	85018.2957914987
1301	85092.5415881664
1302	85169.443480823
1303	85247.6320069233
1304	85326.5879201628
1305	85406.4125921064
1306	85487.4290527913
1307	85570.8054791331
1308	85656.8211752359
1309	85742.0834864654
1310	85825.5479269923
1311	85908.1473901872
1312	85992.3945111539
1313	86078.438455867
1314	86167.9592884871
1315	86262.0502271356
1316	86358.1032172831
1317	86446.8940292902
1318	86530.4497499093
1319	86616.8926565001
1320	86709.9841545581
1321	86808.1969559632
1322	86901.0950917807
1323	86989.6861575359
1324	87078.8676945025
1325	87170.7015485599
1326	87264.7696289209
1327	87359.4635000014
1328	87454.3935092236
1329	87549.4064098748
1330	87644.5927961249
1331	87740.2338957667
1332	87837.6872903121
1333	87937.1846885607
1334	88037.5296427497
1335	88138.3411713635
1336	88238.7433149308
1337	88336.2237436176
1338	88431.2367048441
1339	88532.1786300802
1340	88643.9065846211
1341	88763.2590849763
1342	88871.4137084824
1343	88971.6482706401
1344	89075.5750083805
1345	89188.6695275642
1346	89307.7813499121
1347	89417.3464625742
1348	89519.7668835065
1349	89622.0014221094
1350	89726.224714976
1351	89832.502174889
1352	89940.9443365117
1353	90051.7843122412
1354	90161.6282097694
1355	90269.4247077329
1356	90376.0668097718
1357	90484.0580612471
1358	90593.4624481939
1359	90697.2702635426
1360	90794.6135604863
1361	90888.5072234385
1362	90984.8644528289
1363	91083.8147078411
1364	91185.5203531962
1365	91290.2903990555
1366	91397.3250314995
1367	91503.211431719
1368	91607.997240993
1369	91708.0759038739
1370	91803.1715163213
1371	91895.6369852469
1372	91990.6306030102
1373	92088.5557997369
1374	92186.2519856622
1375	92282.7117336511
1376	92376.93918883
1377	92465.8613413249
1378	92550.4842662794
1379	92638.5555369586
1380	92733.8466343449
1381	92836.3202994855
1382	92940.390820258
1383	93046.1457432889
1384	93150.0026473212
1385	93250.999673393
1386	93350.7154567157
1387	93453.349955449
1388	93559.2269948479
1389	93667.2357031578
1390	93777.0227117962
1391	93888.330286168
1392	94000.6203864953
1393	94113.9217440372
1394	94223.4755536133
1395	94328.3343374051
1396	94429.794971646
1397	94530.2817428083
1398	94629.8357313571
1399	94727.6815916733
1400	94823.5580714302
1401	94918.1393523472
1402	95012.8159421901
1403	95107.5879996422
1404	95205.2248653645
1405	95306.991584054
1406	95411.6711881557
1407	95513.7989286233
1408	95613.6058311225
1409	95711.8972686978
1410	95808.964117471
1411	95904.2537065368
1412	95996.1019352284
1413	96085.0667710047
1414	96176.5540214483
1415	96272.9710235691
1416	96371.8071769827
1417	96463.556008782
1418	96550.1434747252
1419	96640.0918442338
1420	96737.5912222126
1421	96839.9926304021
1422	96933.8385363504
1423	97021.5795469409
1424	97112.0563386101
1425	97209.2074310259
1426	97311.7320335332
1427	97411.0342433761
1428	97507.5656926194
1429	97601.1181157195
1430	97691.8596571236
1431	97781.7658988184
1432	97876.3092359446
1433	97976.7236057664
1434	98078.8161357296
1435	98180.8975308705
1436	98282.6238857732
1437	98382.6887850861
1438	98481.1017312206
1439	98576.9789201329
1440	98670.2312302362
1441	98761.7606232173
1442	98853.6606939336
1443	98945.8382961741
1444	99039.0324015173
1445	99133.5040260297
1446	99227.9375557354
1447	99318.8676501273
1448	99406.7704414913
1449	99494.0217228583
1450	99581.3573777591
1451	99669.3613837329
1452	99760.2834330357
1453	99854.583899578
1454	99948.3611789201
1455	100040.489760199
1456	100132.138417028
1457	100226.659302631
1458	100324.474084229
1459	100422.134414895
1460	100518.629659684
1461	100612.939670247
1462	100702.229826151
1463	100787.519677531
1464	100874.870116194
1465	100966.829942625
1466	101063.924875179
1467	101165.644510548
1468	101273.234495015
1469	101374.615442373
1470	101467.946848989
1471	101557.295964521
1472	101649.794973332
1473	101746.042650378
1474	101843.119580253
1475	101939.87147341
1476	102036.710551014
1477	102134.562908037
1478	102233.475499579
1479	102332.014435363
1480	102429.589520354
1481	102525.505546616
1482	102617.671064017
1483	102708.3324921
1484	102798.31131453
1485	102887.63237246
1486	102976.941448769
1487	103068.168674724
1488	103161.492267716
1489	103252.774708526
1490	103341.014663111
1491	103428.132124775
1492	103519.138614802
1493	103615.053948362
1494	103709.791722441
1495	103801.527654177
1496	103891.629668126
1497	103983.404075844
1498	104076.988167174
1499	104173.863187604
1500	104274.949511599
1501	104379.805476819
1502	104485.491305177
1503	104592.028509591
1504	104696.933455129
1505	104799.539533502
1506	104901.279388235
1507	105006.012014411
1508	105114.23591381
1509	105219.402201969
1510	105319.964564219
1511	105418.688677011
1512	105522.488861144
1513	105632.549498416
1514	105744.592410779
1515	105857.180744325
1516	105970.015170886
1517	106082.187133544
1518	106193.713841649
1519	106301.301758298
1520	106404.462920904
1521	106504.312534353
1522	106602.671272504
1523	106699.651671814
1524	106798.326929878
1525	106899.825898103
1526	107001.774873207
1527	107097.097983134
1528	107187.255802798
1529	107278.346871933
1530	107373.046834779
1531	107471.660310671
1532	107573.9880324
1533	107680.626578747
1534	107785.414939317
1535	107886.892817441
1536	107986.64741654
1537	108088.569179504
1538	108192.861424749
1539	108297.227604085
1540	108400.893816958
1541	108502.380064574
1542	108597.372787085
1543	108687.384898775
1544	108778.891322905
1545	108874.216941577
1546	108972.99478615
1547	109072.792331059
1548	109173.523741006
1549	109274.955489866
1550	109377.133578565
1551	109480.230324891
1552	109584.632718717
1553	109690.404032509
1554	109798.459442049
1555	109909.227618209
1556	110023.427849357
1557	110142.875313681
1558	110268.624112668
1559	110389.210075322
1560	110502.242830282
1561	110611.32346947
1562	110724.070153315
1563	110841.141396598
1564	110963.936632515
1565	111093.565670724
1566	111228.450618852
1567	111360.573928506
1568	111490.15183901
1569	111619.188102958
1570	111748.168496424
1571	111876.852708256
1572	112004.687549133
1573	112131.546698857
1574	112255.620819458
1575	112376.702081081
1576	112495.076280769
1577	112611.476155596
1578	112726.166526591
1579	112841.300434383
1580	112957.601571499
1581	113076.035090343
1582	113200.27008173
1583	113331.644245502
1584	113458.251134496
1585	113577.449442249
1586	113691.755467059
1587	113805.828883425
1588	113919.808843177
1589	114029.803616493
1590	114135.084811696
1591	114238.928304631
1592	114350.431696213
1593	114472.276636649
1594	114596.364020001
1595	114719.665720088
1596	114842.792247473
1597	114966.932136238
1598	115092.102032125
1599	115213.530317811
1600	115330.163910663
1601	115443.864062955
1602	115559.085496712
1603	115675.737018487
1604	115792.939384155
1605	115910.541569514
1606	116027.830817528
1607	116142.899698215
1608	116255.768827655
1609	116367.01731442
1610	116476.870940019
1611	116586.787291147
1612	116701.409756608
1613	116821.544601792
1614	116940.869458015
1615	117057.52440736
1616	117172.860990251
1617	117290.942939978
1618	117412.057153605
1619	117528.048632536
1620	117637.449862162
1621	117743.070456836
1622	117850.366796973
1623	117959.462392011
1624	118068.053984199
1625	118175.36405303
1626	118282.330924072
1627	118391.700328399
1628	118503.710734379
1629	118610.315766054
1630	118710.249581457
1631	118806.055253499
1632	118901.965749442
1633	118997.98554304
1634	119096.266136529
1635	119197.683537847
1636	119300.973316548
1637	119401.019818215
1638	119498.227485918
1639	119592.827517593
1640	119685.055215902
1641	119775.687720898
1642	119866.320545286
1643	119957.083287591
1644	120047.971626096
1645	120138.989174459
1646	120231.076433453
1647	120327.152331707
1648	120428.382881366
1649	120529.061538148
1650	120627.363702333
1651	120723.014254897
1652	120814.783098563
1653	120903.413513333
1654	120992.529780812
1655	121083.252591997
1656	121175.326246777
1657	121267.305376408
1658	121359.063999356
1659	121451.955815548
1660	121546.469053653
1661	121641.908367197
1662	121736.475814107
1663	121830.216375161
1664	121923.733119456
1665	122017.267052791
1666	122110.448585575
1667	122201.825718804
1668	122291.452744604
1669	122379.104161841
1670	122464.814291716
1671	122549.652119748
1672	122636.842162098
1673	122726.891267274
1674	122816.401354702
1675	122904.18590008
1676	122991.506651137
1677	123082.276118392
1678	123177.169046802
1679	123269.008608527
1680	123356.206407175
1681	123440.808710727
1682	123526.493323848
1683	123613.195422223
1684	123701.366096757
1685	123791.25131604
1686	123882.401030243
1687	123972.730242226
1688	124062.152736413
1689	124151.64813499
1690	124241.545333909
1691	124331.107921126
1692	124417.882262848
1693	124502.109640737
1694	124585.400151898
1695	124668.262625495
1696	124751.823019028
1697	124839.307134084
1698	124931.77304714
1699	125024.426163096
1700	125115.616099996
1701	125204.420298684
1702	125288.458361651
1703	125368.752604249
1704	125449.491103612
1705	125532.186412447
1706	125616.591772116
1707	125701.504009449
1708	125786.937677893
1709	125871.333393564
1710	125954.224490748
1711	126036.534394546
1712	126121.301436518
1713	126208.957865288
1714	126296.717525153
1715	126383.517693878
1716	126469.541807631
1717	126555.380245901
1718	126641.03593307
1719	126725.620479853
1720	126808.938148788
1721	126891.606028866
1722	126975.31696752
1723	127060.157178244
1724	127145.070773549
1725	127229.702654075
1726	127314.494997145
1727	127400.80494494
1728	127488.792000256
1729	127574.79748715
1730	127658.065522943
1731	127740.297700307
1732	127825.836242101
1733	127915.404120629
1734	128005.44460204
1735	128094.751531545
1736	128182.882609631
1737	128268.557053545
1738	128352.060789218
1739	128431.856465152
1740	128508.041823502
1741	128582.098224758
1742	128657.047002412
1743	128732.947501609
1744	128809.557556911
1745	128886.810323998
1746	128964.206368331
1747	129039.8191856
1748	129113.73237709
1749	129186.443055383
1750	129258.13797545
1751	129330.694625458
1752	129408.720695645
1753	129485.549677048
1754	129561.224862848
1755	129635.821560605
1756	129709.624472118
1757	129783.280029994
1758	129856.791226264
1759	129930.950003014
1760	130006.175485095
1761	130082.147130928
1762	130157.656963712
1763	130232.721457986
1764	130308.510330105
1765	130385.480500697
1766	130462.770800108
1767	130537.721646491
1768	130610.670278242
1769	130683.491385218
1770	130756.754257222
1771	130830.746937025
1772	130906.734080802
1773	130985.00371804
1774	131062.722095516
1775	131139.001047727
1776	131214.120164526
1777	131288.759047878
1778	131362.939202551
1779	131438.052275578
1780	131514.639069119
1781	131593.059958045
1782	131674.138206916
1783	131758.572076563
1784	131845.355840042
1785	131934.100081599
1786	132024.853784945
1787	132117.390314399
1788	132211.677601615
1789	132306.902281216
1790	132402.957699257
1791	132501.126043108
1792	132602.061989785
1793	132705.694510704
1794	132810.539490899
1795	132916.485083218
1796	133023.072882888
1797	133128.389116529
1798	133233.363832409
1799	133341.20342841
1800	133452.408364706
1801	133566.650305611
1802	133682.681640176
1803	133800.779518177
1804	133922.299263729
1805	134051.131692678
1806	134181.703714777
1807	134303.44205647
1808	134437.621609153
1809	134576.507668878
1810	134717.852823131
1811	134856.330512777
1812	134983.595408214
1813	135113.846171288
1814	135267.829879772
1815	135432.182243382
1816	135597.440048866
1817	135759.692473597
1818	135909.708001929
1819	136072.305368434
1820	136234.263781618
1821	136395.436807974
1822	136574.728738599
1823	136757.170648445
1824	136942.045760682
1825	137124.459082382
1826	137302.993346338
1827	137476.154662156
1828	137639.928536196
1829	137805.178289676
1830	137982.351679038
1831	138173.292021819
1832	138361.810596819
1833	138530.751508742
1834	138713.767395103
1835	138905.589276811
1836	139101.270958688
1837	139308.47569797
1838	139534.418758005
1839	139744.34874369
1840	139939.535493358
1841	140127.002617426
1842	140318.169669458
1843	140527.068598489
1844	140743.670764422
1845	140958.361323089
1846	141168.691834959
1847	141372.191761733
1848	141570.887737137
1849	141774.613262787
1850	141973.335297199
1851	142171.02582691
1852	142384.441520094
1853	142574.026792039
1854	142773.526347428
1855	142984.795278622
1856	143199.46410663
1857	143403.550390673
1858	143598.54626963
1859	143800.547958586
1860	144024.818269317
1861	144247.595817376
1862	144427.704937148
1863	144620.687996971
1864	144820.867006459
1865	145013.131398353
1866	145200.728159583
1867	145395.404511454
1868	145574.03086058
1869	145774.480863184
1870	145973.396719152
1871	146163.30909822
1872	146360.191981381
1873	146572.953192705
1874	146762.085602056
1875	146936.811177011
1876	147130.937840878
1877	147320.73925914
1878	147528.408801324
1879	147729.886699897
1880	147930.746460287
1881	148130.007673479
1882	148314.299744475
1883	148485.751742629
1884	148664.940050945
1885	148850.756013845
1886	149034.14480272
1887	149207.5854439
1888	149397.491944257
1889	149580.114668037
1890	149764.385659186
1891	149956.769586157
1892	150154.504172765
1893	150346.026944021
1894	150525.271225751
1895	150700.968133737
1896	150879.636683236
1897	151071.177835704
1898	151272.358469768
1899	151466.841480571
1900	151656.358328813
1901	151841.401808157
1902	152025.300378959
1903	152236.15616961
1904	152432.603033085
1905	152633.768391779
1906	152839.56290269
1907	153047.171641453
1908	153260.206819754
1909	153470.155068498
1910	153704.627982695
1911	153956.380817487
1912	154170.027638701
1913	154381.009913439
1914	154606.364485317
1915	154854.224724525
1916	155113.404934713
1917	155352.977898619
1918	155601.342310322
1919	155852.309703533
1920	156114.036072096
1921	156379.657857502
1922	156625.555218878
1923	156871.894023587
1924	157120.608169087
1925	157384.178419987
1926	157655.635806412
1927	157917.461109392
1928	158176.25381517
1929	158432.106922313
1930	158698.233939187
1931	158959.007331053
1932	159186.835308034
1933	159434.589315388
1934	159687.670562564
1935	159951.404610505
1936	160220.923792577
1937	160453.961322346
1938	160639.71128067
1939	160840.403573217
1940	161055.120198254
1941	161271.153456909
1942	161482.974739998
1943	161706.147481804
1944	161926.629060203
1945	162148.945172151
1946	162370.443545893
1947	162583.420406387
1948	162814.669489786
1949	163055.176452227
1950	163289.272665761
1951	163506.392085042
1952	163705.758491918
1953	163895.445838352
1954	164087.931834663
1955	164296.266271054
1956	164516.687852969
1957	164723.947425005
1958	164927.893791158
1959	165126.253226011
1960	165352.15730925
1961	165601.343255985
1962	165832.93697571
1963	166061.545763536
1964	166291.752009315
1965	166528.142992818
1966	166773.456786513
1967	167032.09812332
1968	167277.271723247
1969	167505.383647907
1970	167723.361883406
1971	167936.166310147
1972	168155.818885335
1973	168372.558992334
1974	168582.635032986
1975	168784.358020298
1976	168981.207081168
1977	169181.469746588
1978	169383.420254303
1979	169581.672234499
1980	169773.483076152
1981	169963.930285758
1982	170170.91686908
1983	170386.151958067
1984	170606.579448252
1985	170815.419208443
1986	171014.035875462
1987	171215.777043826
1988	171421.129633935
1989	171629.908639138
1990	171844.229417752
1991	172065.907727235
1992	172298.220685935
1993	172521.688623797
1994	172732.060222503
1995	172944.066736516
1996	173159.205019578
1997	173367.347249552
1998	173572.707199368
1999	173784.698894913
2000	174005.002094566
2001	174227.086875784
2002	174431.8868051
2003	174639.84664785
2004	174853.65874399
2005	175071.992163794
2006	175295.31944461
2007	175526.998728447
2008	175767.777901009
2009	176018.253291084
2010	176285.073168158
2011	176572.53412858
2012	176828.55475645
2013	177074.686976917
2014	177335.364797629
2015	177606.747499273
2016	177878.507017167
2017	178149.529358163
2018	178417.539891187
2019	178678.734368648
2020	178935.35610148
2021	179188.182369642
2022	179428.650921336
2023	179663.108620459
2024	179899.249929522
2025	180144.811425617
2026	180410.92467361
2027	180659.435258922
2028	180901.437876184
2029	181150.827846847
2030	181405.47271047
2031	181660.541221763
2032	181903.593891507
2033	182146.405449809
2034	182409.732596578
2035	182695.3408625
2036	182996.914675888
2037	183280.483025402
2038	183560.346010342
2039	183860.999009726
2040	184173.266483716
2041	184475.207539686
2042	184771.962241628
2043	185064.746814868
2044	185356.248946068
2045	185640.334693208
2046	185910.112278519
2047	186181.160414402
2048	186440.283477621
2049	186671.581271624
2050	186896.05423926
2051	187142.856099198
2052	187391.824865705
2053	187637.744938898
2054	187871.951589499
2055	188104.267075317
2056	188347.217848223
2057	188580.717853549
2058	188805.549813794
2059	189021.690872891
2060	189231.723737941
2061	189438.378686203
2062	189632.798643541
2063	189820.897871716
2064	190010.526762762
2065	190197.912787447
2066	190375.259998471
2067	190535.221285059
2068	190691.608703969
2069	190862.169141733
2070	191050.729441462
2071	191262.663720038
2072	191455.73262844
2073	191643.010575557
2074	191842.540328945
2075	192052.817736521
2076	192264.324190764
2077	192458.914494855
2078	192650.307028548
2079	192858.760428371
2080	193081.513673528
2081	193306.279864441
2082	193518.632149152
2083	193715.805619983
2084	193895.574881973
2085	194068.337887297
2086	194243.739904019
2087	194411.560699554
2088	194578.768686261
2089	194756.257244037
2090	194946.454994327
2091	195151.268513686
2092	195352.304438612
2093	195550.366187897
2094	195747.113073233
2095	195942.081188823
2096	196132.828838944
2097	196313.816491449
2098	196492.462570222
2099	196678.783010075
2100	196865.526048997
2101	197043.590163752
2102	197220.751098302
2103	197412.272473427
2104	197606.093580658
2105	197792.577026229
2106	197973.213069437
2107	198147.290199791
2108	198315.923266535
2109	198495.572115558
2110	198687.45917188
2111	198872.750886598
2112	199072.611356804
2113	199263.898472227
2114	199445.428473321
2115	199625.508253854
2116	199812.243517915
2117	199986.930950281
2118	200167.73670111
2119	200357.999364789
2120	200555.473450875
2121	200752.664559307
2122	200946.77868478
2123	201151.929032677
2124	201372.592565576
2125	201596.584637573
2126	201806.295876004
2127	202036.374507844
2128	202266.760862243
2129	202494.37616026
2130	202722.100020869
2131	202953.813946997
2132	203187.649922587
2133	203431.681193522
2134	203687.961791971
2135	203957.48839594
2136	204237.533653887
2137	204512.406315517
2138	204787.336445592
2139	205063.038777006
2140	205343.151620118
2141	205627.525662321
2142	205878.300231883
2143	206132.699755937
2144	206396.243409476
2145	206666.963263342
2146	206939.895766287
2147	207201.026635551
2148	207452.082777905
2149	207701.765066262
2150	207963.650688955
