depth,dep
138.05,18.987
138.6,20.4664
139.15,22.133
139.7,20.6
140.25,20.4737
140.8,20.2581
141.35,17.0175
141.9,19.637
142.45,21.705
143.0,23.3347
143.55,20.4211
144.1,20.2968
144.65,17.9725
145.2,15.6663
145.75,18.5141
146.3,18.6689
146.85,21.3367
147.4,19.0632
147.95,19.3322
148.5,18.9343
149.05,19.8511
149.6,19.7528
150.15,19.4496
150.7,19.4757
151.25,19.2878
151.8,19.7
152.35,20.1722
152.9,19.1725
153.45,18.8359
154.0,20.5914
154.55,20.2907
155.1,20.1378
155.65,19.0914
156.2,19.4652
156.75,19.08
157.3,18.6768
157.85,19.0715
158.4,19.5019
158.95,22.3982
159.5,20.8315
160.05,21.7914
160.6,19.9873
161.15,19.9882
161.7,19.8264
162.25,18.5533
162.8,18.9182
163.35,19.2326
163.9,18.8471
164.45,18.1207
165.0,19.3082
165.55,18.1368
166.1,19.1852
166.65,18.353
167.2,18.2582
167.75,18.8411
168.3,21.5229
168.85,21.1259
169.4,20.4229
169.95,18.4469
170.5,20.2943
171.05,18.3196
171.6,20.9682
172.15,20.6679
172.7,20.657
173.25,19.7432
173.8,18.1119
174.35,19.1239
174.9,19.7907
175.45,19.2389
176.0,18.0948
176.55,19.5243
177.1,17.3222
177.65,20.5796
178.2,19.5996
178.75,18.2859
179.3,18.6204
179.85,19.3764
180.4,20.8526
180.95,23.0407
181.5,20.4962
182.05,18.3147
182.6,17.9963
183.15,19.3579
183.7,17.017
184.25,19.2414
184.8,21.0111
185.35,18.8989
185.9,18.9975
186.45,19.5326
187.0,36.6682
187.55,17.1707
188.1,19.7368
188.65,19.5456
189.2,17.7157
189.75,18.0482
190.3,16.7896
190.85,16.5396
191.4,17.7443
191.95,19.3737
192.5,18.9275
193.05,20.414
194.7,17.361
195.25,20.2678
195.8,20.4532
196.35,17.2626
196.9,17.9456
197.45,18.2196
198.0,20.1078
198.55,20.4043
199.1,19.0067
199.65,22.635
200.2,18.0626
200.75,15.8891
201.3,13.223
201.85,14.3029
202.4,16.8496
202.95,19.4641
203.5,25.05
204.05,18.5874
204.6,18.1714
205.15,20.4152
205.7,22.5929
206.25,18.3074
206.8,17.4721
207.35,17.8122
207.9,17.59
208.45,17.8152
209.0,17.4085
209.55,19.0925
210.1,18.2533
210.65,19.2511
211.2,19.9646
211.75,21.2754
212.3,20.8263
212.85,19.5856
213.4,20.3022
213.95,20.3189
214.5,21.2171
215.05,21.9722
215.6,20.695
216.15,21.4767
216.7,19.9659
217.25,19.2226
217.8,20.5843
218.35,20.4048
218.9,22.6414
219.45,25.0226
220.0,18.8971
220.55,20.2722
221.1,20.2868
221.65,19.4922
222.2,21.0207
222.75,19.33
223.3,20.67
223.85,20.2637
224.4,18.4679
224.95,16.6877
225.5,19.2233
226.05,17.4361
226.6,18.7039
227.15,22.2464
227.7,20.2785
228.25,19.5711
228.8,21.3035
229.35,19.5639
229.9,18.4396
230.45,20.0464
231.0,19.4374
231.55,20.4489
232.1,18.7796
232.65,19.1668
233.2,18.8122
233.75,19.7959
234.3,18.8664
234.85,19.5848
235.4,18.9615
235.95,20.4268
236.5,21.3111
237.05,18.5314
237.6,18.9896
238.15,20.0725
238.7,20.6163
239.25,19.1561
239.8,19.28
240.35,21.1678
240.9,21.3179
241.45,20.2156
242.0,20.0761
242.55,22.977
243.1,22.7807
243.65,20.4989
244.2,19.6382
244.75,17.9393
245.3,18.8042
245.85,19.4446
246.4,19.0078
246.95,20.8318
247.5,21.7022
248.05,20.1436
248.6,19.4837
249.15,19.2354
249.7,18.85
250.25,18.2759
250.8,21.5296
251.35,19.8348
251.9,19.2636
252.45,19.9259
253.0,18.6304
253.55,21.3685
254.1,21.6621
254.65,19.3845
255.2,20.5467
255.75,46.6932
256.3,23.2141
256.85,18.5675
257.4,18.8733
257.95,20.2375
258.5,19.9893
259.05,20.4815
259.6,20.8426
260.15,20.9957
260.7,22.5359
261.25,19.9196
261.8,20.1656
262.35,20.5618
262.9,20.2889
263.45,24.8896
264.0,20.9107
264.55,22.1482
265.1,21.0375
265.65,19.6704
266.2,19.9547
266.75,19.94
267.3,20.8714
267.85,19.4558
268.4,22.8489
268.95,29.2904
269.5,22.9208
270.05,20.5671
270.6,21.0382
271.15,20.3243
271.7,19.2937
272.25,19.9963
272.8,23.3246
273.35,22.1448
273.9,22.3793
274.45,20.6678
275.0,20.6411
275.55,18.95
276.1,20.8996
276.65,20.6654
277.2,20.3833
277.75,21.3661
278.3,18.8946
278.85,20.2068
279.4,22.2856
279.95,21.63
280.5,22.5348
281.05,25.28
281.6,22.8593
282.15,20.4356
282.7,18.0982
283.25,20.8582
283.8,20.0557
284.35,21.9507
284.9,21.5543
285.45,21.0126
286.0,18.9463
286.55,21.7479
287.1,23.4744
287.65,21.1143
288.2,19.547
288.75,21.8626
289.3,22.0293
289.85,20.2311
290.4,22.2356
290.95,19.6854
291.5,16.3156
292.05,21.135
292.6,22.4178
293.15,19.2337
293.7,22.0225
294.25,22.3874
294.8,22.0525
295.35,25.413
295.9,21.3978
296.45,20.1129
297.0,19.2554
297.55,18.18
298.1,19.8886
298.65,21.223
299.2,19.7364
299.75,21.2352
300.3,17.2861
300.85,18.7274
301.4,18.5261
301.95,19.3346
302.5,18.7161
303.05,18.4759
303.6,18.9254
304.15,19.413
304.7,20.143
305.25,20.5946
305.8,20.4682
306.35,19.8624
306.9,21.7943
307.45,19.397
308.0,21.7439
308.55,22.9886
309.1,22.7943
309.65,22.2782
310.2,20.4611
310.75,21.8663
311.3,21.5189
311.85,21.4396
312.4,21.2248
312.95,20.0382
313.5,21.4648
314.05,20.4007
314.6,20.2959
315.15,20.08
315.7,21.8911
316.25,21.7219
316.8,20.0393
317.35,20.0636
317.9,19.2857
318.45,18.92
319.0,18.0211
319.55,23.7768
320.1,20.2059
320.65,30.0744
321.2,20.657
321.75,19.7033
322.3,21.3454
322.85,18.9393
323.4,19.8596
323.95,21.1889
324.5,20.8825
325.05,20.0356
325.6,19.9496
326.15,20.3382
326.7,20.5361
327.25,19.9808
327.8,22.1348
328.35,22.6329
328.9,20.3089
329.45,20.3029
330.0,22.3359
330.55,19.3993
331.1,22.5096
331.65,25.6452
332.2,20.524
332.75,22.6156
333.3,20.9346
333.85,18.4393
334.4,19.0554
334.95,19.6186
335.5,20.0689
336.05,16.2382
336.6,18.0564
337.15,19.9186
337.7,21.4404
338.25,23.3004
338.8,25.0421
339.35,30.4285
339.9,20.1489
340.45,21.3914
341.0,20.5082
341.55,19.5797
342.1,25.8282
342.65,21.7359
343.2,20.9036
343.75,20.1093
344.3,18.6774
344.85,21.53
345.4,19.757
345.95,19.6221
346.5,20.7493
347.05,19.5152
347.6,19.3839
348.15,19.1541
348.7,19.6357
349.25,21.6512
349.8,20.3775
350.35,20.0107
350.9,20.7075
351.45,20.4662
352.0,22.0093
352.55,21.2252
353.1,19.9721
353.65,21.6696
354.2,22.0472
354.75,21.5456
355.3,20.8425
355.85,22.0512
356.4,20.5136
356.95,20.8185
357.5,19.4036
358.05,20.9648
358.6,21.2415
359.15,20.9589
359.7,21.0852
360.25,20.6296
360.8,19.6307
361.35,20.5647
361.9,18.9367
362.45,20.8943
363.0,19.865
363.55,20.3536
364.1,20.4448
364.65,18.7429
365.2,21.6437
365.75,21.1359
366.3,20.9848
366.85,20.1239
367.4,17.6552
367.95,16.5136
368.5,18.2663
369.05,19.5075
369.6,20.2544
370.15,19.8326
370.7,18.2825
371.25,19.4052
371.8,17.2325
372.35,19.6269
372.9,19.4952
373.45,19.5132
374.0,21.1956
374.55,17.9179
375.1,21.4743
375.65,21.9707
376.2,20.3815
376.75,19.3539
377.3,19.3356
377.85,20.6915
378.4,20.6411
378.95,18.6837
379.5,19.4889
380.6,19.9492
381.15,21.1659
381.7,20.4618
382.25,18.5793
382.8,18.6581
383.35,20.8607
383.9,19.0645
384.45,21.16
385.0,20.2782
385.55,21.1296
386.1,20.8518
386.65,19.5263
387.2,19.7168
387.75,20.293
388.3,19.5933
388.85,19.6868
389.4,21.8278
389.95,20.0304
390.5,22.2915
391.05,21.4121
391.6,21.4789
392.15,19.8221
392.7,20.8521
393.25,19.8515
393.8,25.6675
394.35,20.3526
394.9,21.1681
395.45,20.6139
396.0,20.5726
396.55,19.6893
397.1,19.2639
397.65,19.037
398.2,19.9614
398.75,23.1785
399.3,20.9132
399.85,20.933
400.4,22.5333
400.95,20.1771
401.5,21.4396
402.05,21.01
402.6,22.0011
403.15,20.7543
403.7,20.6744
404.25,20.1352
404.8,20.9385
405.35,24.2746
405.9,21.9319
406.45,18.3793
407.0,19.0919
407.55,20.0241
408.1,20.5889
408.65,22.6596
409.2,18.3332
409.75,20.6237
410.3,20.5454
410.85,19.8719
411.4,17.1811
411.95,20.3289
412.5,21.9985
413.05,26.3693
413.6,20.2496
414.15,20.4415
414.7,23.8548
415.25,19.3761
415.8,20.0156
416.35,18.3654
416.9,18.9154
417.45,19.0807
418.0,21.6479
418.55,18.5089
419.1,21.0293
419.65,19.4374
420.2,20.6471
420.75,19.8948
421.3,20.7021
421.85,21.2415
422.4,20.4256
422.95,20.8186
423.5,21.0774
424.05,19.6707
424.6,19.0336
425.15,19.6885
425.7,19.6571
426.25,18.22
426.8,20.7493
427.35,18.7222
427.9,20.3307
428.45,20.1082
429.0,26.2963
429.55,21.0904
430.1,17.9941
430.65,19.7829
431.2,18.9085
431.75,19.0445
432.3,17.9836
432.85,20.1989
433.4,21.3389
433.95,22.8152
434.5,19.4585
435.05,20.4079
435.6,18.6096
436.15,20.4462
436.7,20.3122
437.25,19.4561
437.8,21.5174
438.35,19.2857
438.9,18.2826
439.45,19.4411
440.0,19.4518
440.55,18.383
441.1,18.3569
441.65,17.91
442.2,19.4441
442.75,18.2971
443.3,18.215
443.85,18.3639
444.4,19.93
444.95,19.8364
445.5,18.6452
446.05,21.243
446.6,19.9167
447.15,19.2075
447.7,17.527
448.25,18.4904
448.8,19.4252
449.35,20.2507
449.9,19.3596
450.45,20.2421
451.0,20.2108
451.55,19.5021
452.1,19.6978
452.65,17.9082
453.2,17.0589
453.75,16.7132
454.3,18.8141
454.85,32.8721
455.4,21.2389
455.95,20.2018
456.5,19.8067
457.05,19.1257
457.6,20.8882
458.15,20.0504
458.7,20.0944
459.25,18.8043
459.8,19.8107
460.35,20.5337
460.9,19.7582
461.45,21.5436
462.0,20.4652
462.55,19.6182
463.1,20.887
463.65,21.813
464.2,19.847
464.75,19.7968
465.3,19.3989
465.85,19.4714
466.4,20.2748
466.95,19.7644
467.5,18.2636
468.05,19.6111
468.6,18.1015
471.35,19.1304
471.9,19.6289
472.45,19.7807
473.0,18.9822
473.55,21.1811
474.1,25.4148
474.65,23.1011
475.2,19.4763
475.75,21.1629
476.3,19.2569
476.85,20.7918
477.4,22.3567
477.95,17.4636
478.5,20.3942
479.05,22.4254
479.6,17.9407
480.15,16.6671
480.7,15.7541
481.25,19.7426
481.8,16.4279
482.35,21.5893
482.9,17.8
483.45,17.3389
484.0,18.6989
484.55,19.0196
485.1,18.1244
485.65,18.9221
486.2,22.4744
486.75,20.2261
487.3,19.7563
487.85,19.7196
488.4,19.2763
488.95,20.0382
489.5,19.7029
490.05,20.8137
490.6,18.7231
491.15,20.2604
491.7,19.9856
492.25,19.8779
492.8,33.4844
493.35,22.6121
493.9,19.0585
494.45,20.7604
495.0,20.4544
495.55,19.0893
496.1,20.8221
496.65,18.9456
497.2,19.7146
497.75,18.668
498.3,19.7821
498.85,19.3515
499.4,20.5854
499.95,21.1185
500.5,20.0021
501.05,21.1952
501.6,19.7882
502.15,18.953
502.7,20.13
503.25,20.4956
503.8,19.2921
504.35,18.8619
504.9,18.6746
505.45,20.1374
506.0,19.823
506.55,19.0061
507.1,19.3811
507.65,20.5493
508.2,18.9222
508.75,20.0286
509.3,19.0415
509.85,18.7178
510.4,19.1886
510.95,18.9996
511.5,19.3268
512.05,19.683
512.6,19.0348
513.15,23.0411
513.7,18.8372
514.25,18.4922
514.8,18.2275
515.35,18.3496
515.9,19.02
516.45,20.6485
517.0,19.1293
517.55,18.5896
518.1,18.5146
518.65,20.8659
519.2,18.1233
519.75,19.2354
520.3,18.7437
520.85,19.855
521.4,19.1026
521.95,20.6818
522.5,20.1341
523.05,19.4475
523.6,16.62
524.15,18.6747
524.7,20.0337
525.25,17.1818
525.8,18.4867
526.35,30.4978
526.9,18.9836
527.45,16.2793
528.0,18.985
528.55,21.4348
529.1,20.6261
529.65,18.8741
530.2,18.6546
530.75,20.6885
531.3,20.4122
531.85,20.2736
532.4,20.7811
532.95,18.2989
533.5,19.7541
534.05,24.6864
534.6,19.6563
535.15,19.0629
535.7,20.0015
536.25,22.2625
536.8,19.9507
537.35,17.0911
537.9,20.723
538.45,23.1911
539.0,20.9196
539.55,18.2279
540.1,17.6674
540.65,19.4248
541.2,17.4611
541.75,20.0719
542.3,18.4875
542.85,19.5365
543.4,19.6796
543.95,21.2137
544.5,19.7389
545.05,17.9485
546.7,18.766
547.25,20.2971
547.8,18.1593
548.35,17.7259
548.9,19.0633
549.45,21.2619
550.0,20.6179
550.55,19.8229
551.1,20.2821
551.65,18.7056
552.2,18.1793
552.75,19.8265
553.3,27.2632
553.85,19.9796
554.4,18.9811
554.95,18.6933
555.5,18.2159
556.05,18.7854
556.6,19.333
557.15,18.4821
557.7,19.6804
558.25,20.3882
558.8,19.7285
559.35,21.7118
559.9,18.9611
560.45,21.3763
561.0,20.3068
561.55,18.7159
562.1,19.0018
562.65,18.9982
563.2,21.4004
563.75,18.8041
564.3,18.305
564.85,19.4062
565.4,19.4618
565.95,19.203
566.5,20.0146
567.05,19.0356
567.6,18.94
568.15,20.7207
568.7,19.0279
569.25,22.8078
569.8,19.9248
570.35,19.2996
570.9,19.4525
571.45,20.6448
572.0,20.2654
572.55,20.2475
573.1,20.4067
573.65,20.26
574.2,20.3467
574.75,19.0144
575.3,20.1322
575.85,17.9746
576.4,19.5837
576.95,20.4861
577.5,19.9131
578.05,19.9348
578.6,19.7814
579.15,19.7145
579.7,19.1723
580.25,24.78
580.8,20.6418
581.35,19.6889
581.9,19.0225
582.45,18.9882
583.0,18.4775
583.55,20.1163
584.1,17.3089
584.65,19.3162
585.2,20.3839
585.75,22.0237
586.3,24.5457
586.85,21.8241
587.4,18.8133
587.95,20.31
588.5,21.643
589.05,19.0393
589.6,17.4365
590.15,21.9075
590.7,20.3752
591.25,20.2661
591.8,18.4033
592.35,19.6345
592.9,20.3346
593.45,20.1
594.0,19.1979
594.55,20.9063
595.1,20.4582
595.65,19.0786
596.2,20.0048
596.75,19.2829
597.3,21.0344
597.85,19.6679
598.4,20.6141
598.95,18.8682
599.5,23.0154
600.05,21.1168
600.6,19.7241
601.15,18.7889
601.7,19.5356
602.25,20.93
602.8,22.8468
603.35,18.8389
603.9,19.4514
604.45,19.3115
605.0,19.5207
605.55,18.8515
606.1,19.2025
606.65,19.8631
607.2,19.5771
607.75,19.1285
608.3,18.3807
608.85,17.5393
609.4,18.6522
609.95,22.7971
610.5,18.5285
611.05,17.8311
611.6,19.9233
612.15,18.7333
612.7,18.3468
613.25,18.4093
613.8,18.9496
614.35,20.2964
614.9,19.6448
615.45,19.5443
616.0,19.7567
616.55,19.94
617.1,18.5961
617.65,19.1393
618.2,18.9771
618.75,20.0845
619.3,20.8274
619.85,20.1589
620.4,20.4822
620.95,20.41
621.5,20.0993
622.05,18.1014
622.6,20.9096
623.15,19.0046
623.7,19.0273
624.25,19.6896
624.8,18.9367
625.35,21.5529
625.9,21.4274
626.45,20.0721
627.0,19.5907
627.55,19.7793
628.1,20.1875
628.65,19.2711
629.2,19.675
629.75,19.0048
630.3,19.6948
630.85,20.2029
631.4,20.7567
631.95,18.9393
632.5,20.2252
633.05,18.0511
633.6,18.4239
634.15,19.1752
634.7,17.6946
635.25,19.8464
635.8,19.9907
636.35,17.435
636.9,16.2185
637.45,18.85
638.0,19.2014
638.55,17.5148
639.1,19.533
639.65,19.0993
640.2,20.7326
640.75,18.6629
641.3,28.0493
641.85,20.8615
642.4,20.3471
642.95,19.6819
643.5,19.1204
644.05,20.5467
644.6,20.1704
645.15,20.2521
645.7,19.3289
646.25,19.5504
646.8,21.1841
647.35,19.2022
647.9,19.0093
648.45,19.2937
649.0,20.3626
649.55,19.0682
650.1,20.6786
650.65,17.9004
651.2,16.7885
651.75,19.6245
652.3,18.1464
652.85,18.0663
653.4,20.3911
653.95,18.4727
654.5,18.1893
655.05,21.0004
655.6,18.295
656.15,17.7119
656.7,19.6304
657.25,17.4448
657.8,18.8689
658.35,19.2648
658.9,23.7825
659.45,19.5452
660.0,19.3218
660.55,19.0719
661.1,22.9654
661.65,18.7007
662.2,20.0525
662.75,19.3215
663.3,19.6279
663.85,22.4815
664.4,19.7243
664.95,21.1004
665.5,20.8067
666.05,19.1557
666.6,20.7041
667.15,19.5246
667.7,20.2548
668.25,17.7735
668.8,18.3889
669.35,18.9514
669.9,19.3996
670.45,18.3318
671.0,20.1285
671.55,20.4357
672.1,21.2893
672.65,20.9854
673.2,25.4075
673.75,21.9985
674.3,20.4904
674.85,19.8763
675.4,19.0533
675.95,19.3646
676.5,18.2256
677.05,19.1786
677.6,18.1235
678.15,19.8048
678.7,19.2193
679.25,19.4941
679.8,19.2185
680.35,21.5337
680.9,20.5757
681.45,19.1389
682.0,18.6683
682.55,21.8584
683.1,20.6764
683.65,19.4993
684.2,19.0382
684.75,18.7085
685.3,20.4307
685.85,19.1937
686.4,19.4207
686.95,19.1093
687.5,18.467
688.05,19.5521
688.6,18.1096
689.15,18.3311
689.7,20.9889
690.25,20.7254
690.8,19.4859
691.35,20.3754
691.9,20.2411
692.45,19.1844
693.0,20.7707
693.55,19.4774
694.1,17.7714
694.65,18.9959
695.2,17.7004
695.75,19.9661
696.3,19.0341
696.85,18.7596
697.4,19.2925
697.95,20.0844
698.5,20.5189
699.05,20.58
699.6,20.2641
700.15,18.2678
700.7,19.4604
701.25,21.993
701.8,30.9995
702.35,30.9473
702.9,19.5636
703.45,20.1923
704.0,17.4467
704.55,24.1227
705.1,21.8116
705.65,22.547
706.2,23.7693
706.75,20.8946
707.3,24.5393
707.85,20.4528
708.4,23.6275
708.95,23.6247
709.5,23.8951
710.05,21.8837
710.6,18.8661
711.15,18.1374
711.7,19.3123
712.25,19.137
712.8,19.782
713.35,19.1353
713.9,19.5216
714.45,20.1549
715.0,19.9196
715.55,21.9192
724.9,23.0907
725.45,26.3827
726.0,19.8454
726.55,19.9473
727.1,17.6127
727.65,17.3926
728.2,16.1954
728.75,15.1462
729.3,18.9587
729.85,16.3971
730.4,14.6031
730.95,16.934
731.5,15.6961
732.05,15.0889
732.6,16.8791
733.15,18.756
733.7,14.4456
734.25,16.1409
734.8,13.5634
735.35,14.9013
735.9,25.1583
736.45,28.2146
737.0,14.7446
737.55,18.1451
738.1,16.5614
738.65,15.6279
739.2,17.2552
739.75,17.2271
740.3,26.2083
740.85,14.4658
741.4,16.6397
741.95,14.8097
742.5,14.2926
743.05,15.0222
744.15,17.9224
744.7,14.7722
745.25,15.4709
745.8,14.9902
746.35,16.484
746.9,13.2457
747.45,14.8231
748.0,15.7193
748.55,15.674
749.1,19.0268
749.65,18.431
750.2,18.2846
750.75,16.4493
751.3,17.7571
751.85,17.3129
752.4,13.9582
752.95,16.4641
753.5,17.8162
754.05,15.7647
754.6,17.484
755.15,16.4002
755.7,16.0799
756.25,18.6287
756.8,16.9926
757.35,16.0695
757.9,16.095
758.45,16.6957
759.0,16.6411
759.55,18.0338
760.1,17.1707
760.65,17.7266
761.2,18.2675
761.75,18.3699
762.3,19.768
762.85,17.432
763.4,16.2468
763.95,15.8454
764.5,16.4289
765.05,14.8914
765.6,12.3694
766.15,15.9965
766.7,15.7287
767.25,15.9878
767.8,14.9765
768.35,16.9669
768.9,16.5293
769.45,18.9208
770.0,14.2603
770.55,14.0098
771.1,16.3746
771.65,16.001
772.2,18.4823
772.75,16.4448
773.3,17.4949
773.85,14.8142
774.4,19.8795
774.95,20.545
775.5,18.6821
776.05,20.2208
776.6,21.9466
777.15,21.2725
777.7,20.4087
778.25,22.7399
778.8,23.5514
779.35,23.5292
780.45,14.3697
781.0,17.2814
781.55,17.8019
782.1,16.7569
782.65,18.3469
783.2,16.4063
783.75,18.0485
784.3,24.1831
784.85,16.6182
785.4,16.4287
785.95,17.7879
786.5,16.5087
787.05,17.9313
787.6,21.5916
788.15,28.3061
788.7,17.8254
789.25,18.1483
789.8,17.4921
790.35,15.9666
790.9,15.7276
791.45,15.7379
792.0,18.1908
792.55,16.4447
793.1,18.9239
793.65,17.1736
794.2,18.5802
794.75,17.2178
795.3,18.5956
795.85,17.5378
796.4,20.188
796.95,20.2672
797.5,18.969
798.05,17.768
798.6,18.5515
799.15,20.9493
799.7,20.7416
800.25,22.9012
800.8,21.5744
801.35,19.5781
801.9,18.4239
802.45,46.2535
803.0,19.2249
803.55,21.6186
804.1,20.3832
804.65,19.2688
805.2,19.7617
805.75,19.5547
806.3,20.6999
806.85,20.7527
807.4,19.4376
807.95,18.5753
808.5,16.4575
809.05,18.197
809.6,17.8375
810.15,17.4429
810.7,19.0216
811.25,19.5086
811.8,19.7183
812.35,16.1781
812.9,18.7947
813.45,17.6525
814.0,19.8535
814.55,17.3441
815.1,18.1123
815.65,20.3944
816.2,21.688
816.75,19.9467
817.3,19.3357
817.85,21.0497
818.4,21.4963
818.95,25.0692
819.5,20.8284
820.05,20.5242
820.6,22.0462
821.15,21.0802
821.7,21.0814
822.25,22.6159
822.8,21.006
823.35,21.6402
823.9,22.0868
824.45,18.8778
825.0,22.2051
825.55,22.0486
826.1,24.0485
826.65,20.3336
827.2,16.3507
827.75,21.7249
828.3,23.6287
828.85,22.8701
829.4,23.5676
829.95,19.8672
830.5,21.1084
831.05,21.4635
831.6,20.2967
832.15,23.8328
832.7,23.2771
833.25,22.0758
833.8,19.9724
834.35,21.37
834.9,25.0985
835.45,22.5806
836.0,24.6229
836.55,22.6329
837.1,20.7283
837.65,22.4462
838.2,19.4513
838.75,19.2094
839.3,19.0616
839.85,16.9305
840.4,18.6081
840.95,19.718
841.5,17.3934
842.05,15.5946
842.6,15.9842
843.15,14.8556
843.7,15.0334
844.25,15.9924
844.8,17.4153
845.35,18.2971
845.9,16.5915
846.45,18.8043
847.0,18.0486
847.55,18.3043
848.1,17.3086
848.65,18.8012
849.2,17.5738
849.75,21.5068
850.3,16.7652
850.85,18.3628
851.4,17.0445
851.95,16.8248
852.5,15.8409
853.05,15.5076
853.6,15.8629
854.15,17.8174
854.7,16.7334
855.25,16.5031
855.8,15.6709
856.35,14.5953
856.9,14.8676
857.45,18.2278
858.0,20.179
858.55,20.8754
859.1,18.3637
859.65,18.6549
860.2,16.9321
860.75,18.2202
861.3,15.7502
861.85,17.5044
862.4,15.8414
862.95,18.9614
863.5,17.8337
864.05,17.3703
864.6,15.5502
865.15,18.8352
865.7,24.2895
866.25,20.9845
866.8,18.9462
867.35,18.2077
867.9,20.9801
868.45,16.593
869.0,17.3349
869.55,18.0892
870.1,18.9995
870.65,15.9646
871.2,14.6796
871.75,14.8313
872.3,13.9247
872.85,14.4342
873.4,15.9693
873.95,15.1366
874.5,15.5428
875.05,17.5706
875.6,17.0302
876.15,16.7888
876.7,16.5062
877.25,19.7432
877.8,17.896
878.35,18.2249
878.9,18.4864
879.45,17.9399
880.0,11.8153
880.55,15.5707
881.1,16.7532
881.65,16.1059
882.2,19.7742
882.75,19.285
883.3,17.5642
883.85,18.3325
884.4,18.3909
884.95,18.0929
885.5,17.6675
886.05,17.3818
886.6,18.3781
887.15,18.0864
887.7,18.0303
888.25,17.771
888.8,21.1465
889.35,18.9986
889.9,17.4484
890.45,18.4267
891.0,18.955
891.55,18.0062
892.1,18.2596
892.65,15.2231
893.2,17.1726
893.75,19.2432
894.3,16.4647
894.85,15.9512
895.4,17.3941
895.95,17.9414
896.5,18.7363
897.05,19.397
897.6,17.7669
898.15,18.0664
898.7,16.3748
899.25,20.1645
899.8,22.2565
900.35,16.7865
900.9,14.5162
901.45,14.3974
902.0,15.0417
902.55,14.6278
903.1,16.549
903.65,17.9001
904.2,17.9209
904.75,18.8008
905.3,18.1299
905.85,14.9463
906.4,16.4388
906.95,16.4004
907.5,18.5011
908.05,18.0958
908.6,17.7811
909.15,17.6811
909.7,19.1164
910.25,16.1413
910.8,16.369
911.35,17.614
911.9,19.3304
912.45,20.3133
913.0,18.575
913.55,18.6643
914.1,18.2292
914.65,17.8693
915.2,16.9025
915.75,16.1142
916.3,18.6124
916.85,16.4349
917.4,14.4398
917.95,16.6422
918.5,16.3729
919.05,19.4867
919.6,19.0387
920.15,18.7681
920.7,21.739
921.25,18.382
921.8,18.1996
922.35,17.928
922.9,20.016
923.45,17.7962
924.0,19.8184
924.55,19.1314
925.1,18.0162
925.65,17.6956
926.2,19.4871
926.75,19.6558
927.3,17.0142
927.85,17.4118
928.4,17.7895
928.95,16.6186
929.5,16.624
930.05,18.3311
930.6,17.1118
931.15,21.9456
931.7,29.1994
932.25,21.1009
932.8,23.4942
933.35,24.0666
933.9,23.8685
934.45,23.6083
935.0,23.4929
935.55,20.5246
936.1,19.5013
936.65,21.6203
937.2,21.0045
937.75,22.4358
938.3,20.4416
938.85,19.236
939.4,22.3814
939.95,21.0722
940.5,22.5841
941.05,23.0764
941.6,22.0531
942.15,19.9943
942.7,19.314
943.25,20.9675
943.8,19.7828
944.35,21.4577
944.9,19.2951
945.45,22.659
946.0,22.7937
946.55,23.3828
947.1,20.4826
947.65,22.8183
948.2,22.7525
948.75,21.4636
950.4,21.9095
950.95,21.9535
951.5,22.1323
952.05,23.7756
952.6,22.581
953.15,22.2117
953.7,23.3974
954.25,23.1137
954.8,22.5766
955.35,21.8653
955.9,21.026
956.45,24.6913
957.0,22.9808
957.55,22.4309
958.1,23.4728
958.65,29.724
959.2,25.9539
959.75,23.1271
960.3,25.671
960.85,26.3314
961.4,26.8756
961.95,25.8796
962.5,27.4682
963.05,35.7212
963.6,29.1135
964.15,27.4526
964.7,25.3858
965.25,25.3066
965.8,33.0539
966.35,22.4614
966.9,22.3822
967.45,22.3326
968.0,22.2394
968.55,19.4639
969.1,23.5523
969.65,25.7721
970.2,21.1328
970.75,21.3305
971.3,23.6548
971.85,24.657
972.4,22.4445
972.95,22.7978
973.5,22.2414
974.05,21.8071
974.6,18.9935
975.15,21.0123
975.7,22.0102
976.25,21.6025
976.8,21.9348
977.35,22.2126
977.9,22.5686
978.45,21.1608
979.0,22.3425
979.55,20.3642
980.1,20.0864
980.65,21.9961
981.2,22.9345
981.75,22.6617
982.3,23.3729
982.85,22.3608
983.4,22.1034
983.95,22.409
984.5,21.4046
985.05,22.9636
985.6,22.7807
986.15,21.8603
986.7,20.3769
987.25,22.3582
987.8,22.8879
988.35,25.6195
988.9,21.1997
989.45,20.8346
990.0,21.9333
990.55,22.7761
991.1,22.987
991.65,21.1496
992.2,23.2027
992.75,24.2127
993.3,23.4773
993.85,22.1285
994.4,21.6003
994.95,20.6055
995.5,19.9989
996.05,20.941
996.6,21.6129
997.15,21.792
997.7,20.7272
998.25,21.4631
998.8,21.736
999.35,21.3324
999.9,20.2092
1000.45,21.7129
1001.0,19.7874
1001.55,22.7754
1002.1,19.475
1002.65,18.1349
1003.2,19.4087
1003.75,20.7453
1004.3,19.25
1004.85,18.255
1005.4,20.1392
1005.95,21.7153
1006.5,22.2012
1007.05,22.7064
1007.6,28.3213
1008.15,21.7674
1008.7,21.4074
1009.25,21.4485
1010.35,22.7114
1010.9,21.3453
1011.45,22.4666
1012.55,22.8123
1013.1,20.9993
1013.65,23.4402
1014.2,20.9948
1014.75,21.5185
1015.3,22.0362
1015.85,20.8999
1016.4,23.0187
1016.95,20.1917
1017.5,20.4628
1018.05,20.3751
1018.6,23.2202
1019.15,19.831
1019.7,19.1597
1020.25,19.4069
1020.8,20.2604
1021.35,20.0837
1021.9,22.3395
1022.45,21.5363
1023.0,20.6079
1023.55,20.5386
1024.1,21.924
1024.65,22.2226
1025.2,21.6181
1025.75,24.2297
1026.3,22.0376
1026.85,19.4097
1027.4,19.9196
1027.95,20.0696
1028.5,22.7057
1029.05,21.7825
1029.6,23.6604
1030.15,22.4443
1030.7,23.547
1031.25,22.6113
1031.8,21.4916
1032.35,21.6262
1032.9,23.2204
1033.45,21.3555
1034.0,22.0238
1034.55,21.422
1035.1,23.6643
1035.65,21.568
1036.2,19.9405
1036.75,22.5928
1037.3,20.9676
1037.85,20.9979
1038.4,22.6778
1038.95,21.3131
1039.5,22.9182
1040.05,20.1446
1040.6,20.633
1041.15,22.4941
1041.7,23.2846
1042.25,20.8698
1042.8,22.6203
1043.35,22.6317
1043.9,23.757
1044.45,21.9051
1045.0,20.1921
1045.55,19.7377
1046.1,24.631
1046.65,20.0778
1047.2,20.035
1047.75,21.4271
1048.3,22.527
1048.85,21.0188
1049.4,21.091
1049.95,22.8547
1050.5,21.0934
1051.05,22.9705
1051.6,22.6428
1052.15,20.4219
1052.7,19.1998
1053.25,19.4413
1053.8,20.9544
1054.35,25.3106
1054.9,25.3057
1055.45,26.4147
1056.0,24.1505
1056.55,21.3753
1057.1,21.397
1057.65,27.7391
1058.2,22.3164
1058.75,22.9374
1059.3,22.1797
1059.85,22.9182
1060.4,23.965
1060.95,21.7413
1061.5,19.4902
1062.05,18.6156
1062.6,22.203
1063.15,21.9809
1063.7,21.737
1064.25,22.712
1064.8,21.7896
1065.35,21.1568
1065.9,20.7788
1066.45,22.8847
1068.1,22.7295
1068.65,20.6501
1069.2,21.9902
1069.75,22.091
1070.3,19.9649
1070.85,21.1738
1071.95,16.0324
1072.5,17.3773
1073.05,18.7749
1073.6,18.6768
1074.15,31.1896
1074.7,21.5851
1075.25,22.328
1075.8,21.4409
1076.9,22.0578
1077.45,21.5959
1078.0,21.9717
1078.55,21.9943
1079.1,21.1131
1079.65,23.1803
1080.2,21.44
1080.75,23.5459
1081.3,20.7931
1081.85,21.7694
1082.4,22.2865
1082.95,20.0017
1083.5,21.4363
1084.05,20.1194
1084.6,18.6219
1085.15,21.5892
1085.7,22.5348
1086.25,21.1439
1086.8,20.6698
1087.35,21.1869
1087.9,22.7896
1088.45,22.2964
1089.0,20.3398
1089.55,23.1523
1090.1,24.01
1090.65,22.3674
1091.2,19.756
1091.75,20.5834
1092.3,18.1011
1092.85,19.963
1093.4,18.8194
1093.95,21.5051
1094.5,20.355
1095.05,19.8605
1095.6,18.5282
1096.15,20.287
1096.7,21.055
1097.25,22.3029
1097.8,22.0516
1098.35,19.8005
1098.9,20.6994
1099.45,20.0789
1100.0,20.0568
1100.55,22.9627
1101.1,21.4273
1101.65,21.0526
1102.2,21.0061
1102.75,20.7681
1103.3,19.7336
1103.85,24.6266
1104.4,21.6417
1104.95,21.7954
1105.5,20.6829
1106.05,20.0735
1106.6,18.642
1107.15,20.3779
1107.7,20.3658
1108.25,21.9897
1108.8,23.1349
1109.35,22.8891
1109.9,20.7523
1110.45,21.9622
1111.0,22.078
1111.55,22.6333
1112.1,23.9727
1112.65,20.6806
1113.2,20.9277
1113.75,19.8838
1114.3,21.11
1114.85,20.6621
1115.4,21.2799
1115.95,19.274
1116.5,20.1302
1117.05,21.2752
1117.6,22.2554
1118.15,21.8628
1118.7,23.0126
1119.25,24.8379
1119.8,18.9311
1120.35,18.9295
1120.9,25.2943
1121.45,22.0835
1122.0,21.0713
1122.55,22.2566
1123.1,20.1792
1123.65,19.1509
1124.2,21.0039
1124.75,26.944
1125.3,22.8887
1125.85,22.4211
1126.4,31.6953
1126.95,21.8367
1127.5,20.3922
1128.05,20.4994
1128.6,23.1722
1129.15,21.2786
1129.7,23.4326
1130.25,23.5151
1130.8,20.6333
1131.35,21.1523
1131.9,26.2107
1132.45,22.434
1133.0,20.3551
1133.55,22.4181
1134.1,22.2246
1134.65,23.0964
1135.2,21.6434
1135.75,20.1946
1136.3,19.6696
1136.85,20.2061
1137.4,20.4691
1137.95,21.9832
1138.5,21.8332
1139.05,22.0123
1139.6,23.2099
1140.15,20.8515
1140.7,21.5123
1141.25,25.252
1141.8,21.7714
1142.35,23.1457
1142.9,21.6253
1143.45,21.5551
1144.0,20.7654
1144.55,26.1363
1145.1,25.91
1145.65,20.0111
1146.2,20.5784
1146.75,20.8649
1147.3,22.8418
1147.85,21.4556
1148.4,23.0316
1148.95,24.5128
1149.5,21.5282
1150.05,21.6803
1150.6,20.8878
1151.15,22.9057
1151.7,22.8141
1152.25,20.4429
1152.8,20.149
1153.35,27.8195
1153.9,22.816
1154.45,23.599
1155.0,21.865
1155.55,22.875
1156.1,21.9629
1156.65,22.6805
1157.2,20.5833
1157.75,20.5666
1158.3,21.0638
1158.85,22.7813
1159.4,19.4204
1159.95,21.8072
1160.5,21.5921
1161.05,20.6822
1161.6,22.7022
1162.15,21.1778
1162.7,21.9463
1163.25,23.5279
1163.8,23.5918
1164.35,21.8605
1164.9,18.8905
1165.45,31.1954
1166.0,21.6975
1166.55,21.5775
1167.1,21.6115
1167.65,22.2676
1168.2,20.9708
1168.75,20.7119
1169.3,22.1383
1169.85,22.7746
1170.4,21.3677
1170.95,22.3862
1171.5,20.7999
1172.05,20.2744
1172.6,21.5099
1173.15,22.9445
1173.7,21.9621
1174.25,20.5542
1174.8,20.5282
1175.35,21.0529
1175.9,22.0317
1176.45,20.5851
1177.0,20.4498
1177.55,20.7752
1178.1,23.1851
1178.65,22.0517
1179.2,20.9922
1179.75,21.2731
1180.3,21.8742
1180.85,21.8385
1181.4,20.816
1181.95,22.434
1182.5,24.3219
1183.05,22.1572
1183.6,19.6458
1184.15,21.1575
1184.7,20.7431
1185.25,23.6728
1185.8,21.507
1186.35,23.3511
1186.9,21.5001
1187.45,20.6876
1188.0,21.2427
1188.55,22.7164
1189.1,20.6955
1189.65,21.6313
1190.2,23.8011
1190.75,21.4613
1191.3,21.5442
1191.85,23.9829
1192.4,24.2329
1192.95,23.0255
1193.5,21.3352
1194.05,20.8637
1194.6,21.4363
1195.15,20.4509
1195.7,20.3355
1196.25,21.0501
1196.8,22.8893
1197.35,20.9489
1197.9,21.0467
1198.45,23.6404
1199.0,21.5212
1199.55,21.068
1200.1,22.2546
1200.65,22.8288
1201.2,21.2268
1201.75,22.921
1202.3,20.647
1202.85,23.203
1203.4,22.817
1203.95,22.7878
1204.5,21.3111
1205.05,21.6311
1205.6,22.0514
1206.15,17.7345
1206.7,20.0552
1207.25,20.0393
1207.8,23.8667
1208.35,23.6326
1208.9,21.4895
1209.45,22.5921
1210.0,23.5597
1210.55,20.8936
1211.1,19.9524
1211.65,20.5552
1212.2,20.2727
1212.75,22.1855
1213.3,22.5641
1213.85,22.0291
1214.4,24.9036
1214.95,22.9388
1215.5,26.4316
1216.05,19.712
1216.6,19.5456
1217.15,23.8156
1217.7,22.1504
1218.25,20.2446
1218.8,21.9085
1219.35,21.7578
1219.9,25.4601
1220.45,23.0445
1221.0,22.2897
1221.55,23.0411
1222.1,22.6163
1222.65,20.248
1223.2,21.1117
1223.75,21.6494
1224.3,20.6693
1224.85,43.2152
1225.4,21.5383
1225.95,19.803
1226.5,20.432
1227.05,18.4708
1227.6,20.3745
1228.15,22.4763
1228.7,21.0157
1229.25,19.2023
1229.8,23.2352
1230.35,22.9234
1230.9,21.4962
1231.45,20.7169
1232.0,27.6947
1232.55,22.6998
1233.1,22.5099
1233.65,23.9643
1234.2,22.2487
1234.75,23.2553
1235.3,20.779
1235.85,20.1101
1236.4,22.043
1236.95,24.858
1237.5,19.3006
1238.05,19.4712
1238.6,20.8061
1239.15,22.9267
1239.7,21.707
1240.25,21.6581
1240.8,20.8921
1241.35,21.7109
1241.9,21.6722
1242.45,20.3256
1243.0,20.0697
1243.55,22.2995
1244.1,18.9986
1244.65,21.3196
1245.2,20.0574
1245.75,21.3933
1246.3,20.9121
1246.85,19.939
1247.4,18.7906
1247.95,20.0814
1248.5,19.9199
1249.05,20.1528
1249.6,19.6544
1250.15,20.4955
1250.7,20.4284
1251.25,20.1399
1251.8,27.5584
1252.35,22.3176
1252.9,22.4734
1253.45,21.3966
1254.0,19.8128
1254.55,18.9645
1255.1,22.5904
1255.65,21.0136
1256.2,22.7894
1256.75,20.9508
1257.3,25.165
1257.85,21.4645
1258.4,21.6767
1258.95,23.8343
1259.5,23.2989
1260.05,21.6995
1260.6,21.5507
1261.15,22.646
1261.7,23.6938
1262.25,24.5212
1262.8,19.2406
1263.35,22.4171
1263.9,22.6734
1264.45,19.3676
1265.0,21.8123
1265.55,20.0519
1266.1,21.0467
1266.65,19.7828
1267.2,20.146
1267.75,23.9967
1268.3,23.2814
1268.85,26.3166
1269.4,33.0705
1269.95,21.78
1270.5,23.7752
1271.05,21.5064
1271.6,20.9836
1272.15,20.8877
1272.7,21.4347
1273.25,21.2786
1273.8,19.4133
1274.35,19.4974
1274.9,22.4777
1275.45,21.9135
1276.0,20.0801
1276.55,22.8799
1277.1,21.5463
1277.65,21.3508
1278.2,19.4091
1278.75,19.2812
1279.3,21.438
1279.85,21.2229
1280.4,20.9343
1280.95,21.3747
1281.5,19.7379
1282.05,21.5291
1282.6,21.1518
1283.15,20.872
1283.7,20.9581
1284.25,23.7149
1284.8,20.4526
1285.35,20.1531
1285.9,21.5898
1286.45,20.506
1287.0,21.1591
1287.55,20.7169
1288.1,23.5378
1288.65,22.02
1289.2,20.8994
1289.75,22.7427
1290.3,19.6485
1290.85,23.6637
1291.4,18.5647
1291.95,18.9949
1292.5,21.9871
1293.05,21.4105
1293.6,19.9076
1294.15,20.3665
1294.7,19.5752
1295.25,24.0808
1295.8,20.4555
1296.35,21.0704
1296.9,23.1124
1297.45,20.412
1298.0,20.529
1298.55,19.1943
1299.1,20.9032
1299.65,19.8738
1300.2,25.2157
1300.75,18.8866
1301.3,18.0953
1301.85,18.7134
1302.4,21.5665
1302.95,19.1633
1303.5,19.4802
1304.05,19.9299
1304.6,24.4153
1305.15,19.2832
1305.7,19.8363
1306.25,22.4599
1306.8,20.9964
1307.35,20.3812
1307.9,16.9966
1308.45,16.516
1309.0,19.6143
1309.55,21.6613
1310.1,17.867
1310.65,20.8557
1311.2,19.889
1311.75,21.3074
1312.3,19.6404
1312.85,20.1992
1313.4,22.0149
1313.95,19.9638
1314.5,17.2778
1315.05,21.0053
1315.6,20.876
1316.15,19.3133
1316.7,21.6449
1317.25,21.1025
1317.8,19.7257
1318.35,18.4742
1318.9,19.9685
1319.45,19.7846
1320.0,20.8235
1320.55,21.299
1321.1,19.9603
1321.65,19.583
1322.2,22.5947
1322.75,21.2593
1323.3,21.7888
1323.85,19.635
1324.4,20.105
1324.95,20.9677
1325.5,16.4759
1326.05,18.6835
1326.6,18.604
1327.15,18.2949
1327.7,17.1959
1328.25,19.5151
1328.8,18.5067
1329.35,19.0937
1329.9,20.5772
1330.45,18.14
1331.0,17.4492
1331.55,24.9298
1332.1,24.7786
1332.65,21.1612
1333.2,19.0025
1333.75,24.4676
1334.3,22.879
1334.85,22.6594
1335.4,22.1991
1335.95,26.2157
1336.5,25.1291
1337.05,24.3053
1337.6,22.4488
1338.15,19.4865
1338.7,20.9741
1339.25,23.1892
1339.8,22.6749
1340.35,28.5405
1340.9,23.85
1341.45,21.1506
1342.0,23.1567
1342.55,25.0263
1343.1,24.6667
1343.65,23.4354
1344.2,20.4897
1344.75,21.5085
1345.3,22.7276
1345.85,22.0249
1346.4,29.3284
1346.95,20.7442
1347.5,20.9757
1348.05,24.8138
1348.6,23.7272
1349.15,22.1781
1349.7,21.5565
1350.25,24.2139
1350.8,21.1084
1351.35,21.8892
1351.9,19.9913
1352.45,23.5446
1353.0,23.2089
1353.55,21.671
1354.1,26.4831
1354.65,37.8374
1355.2,20.9399
1355.75,21.3767
1356.3,20.1644
1356.85,23.6376
1357.4,21.8126
1357.95,22.0152
1358.5,23.8202
1359.05,26.6338
1359.6,25.2309
1360.15,21.826
1360.7,23.2686
1361.25,26.2564
1361.8,26.2482
1362.35,27.2722
1362.9,26.1357
1363.45,22.7502
1364.0,22.4905
1364.55,22.5443
1365.1,22.636
1365.65,22.4953
1366.2,24.1023
1366.75,23.0959
1367.3,25.3674
1367.85,23.0086
1368.4,26.858
1368.95,30.411
1369.5,20.057
1370.05,21.8646
1370.6,22.906
1371.15,20.4506
1371.7,21.9052
1372.25,20.5965
1372.8,22.6985
1373.35,20.4904
1373.9,19.9884
1374.45,22.5901
1375.0,21.5036
1375.55,21.1689
1376.1,20.8299
1376.65,18.9465
1377.2,18.4232
1377.75,20.1728
1378.3,19.7986
1378.85,22.3724
1379.4,21.0504
1379.95,44.484
1380.5,32.4132
1381.05,22.146
1381.6,23.5503
1382.15,22.2474
1382.7,19.9129
1383.25,21.2413
1383.8,17.6808
1384.35,18.7895
1384.9,23.7519
1385.45,22.2436
1386.0,25.7501
1386.55,21.7479
1387.1,21.3566
1387.65,20.3414
1388.2,23.7624
1388.75,19.0833
1389.3,19.1017
1389.85,21.4788
1390.4,23.28
1390.95,20.5629
1391.5,21.016
1392.05,20.4696
1392.6,20.3558
1393.15,19.382
1393.7,19.6851
1394.25,23.082
1394.8,23.7487
1395.35,22.213
1395.9,19.821
1396.45,19.2929
1397.0,19.8102
1397.55,19.4354
1398.1,19.0673
1398.65,18.3049
1399.2,20.3545
1399.75,21.1429
1400.3,20.4505
1400.85,18.5732
1401.4,21.8444
1401.95,22.0617
1402.5,21.249
1403.05,20.2548
1403.6,23.4086
1404.15,31.4139
1404.7,21.1114
1405.25,20.7145
1405.8,22.979
1406.35,21.0752
1406.9,16.7139
1407.45,17.3919
1408.0,17.1
1408.55,18.9719
1409.1,20.0356
1409.65,20.3458
1410.2,20.1286
1410.75,20.16
1411.3,22.6999
1411.85,21.3332
1412.4,19.3884
1412.95,21.1481
1413.5,23.1502
1414.05,26.5249
1414.6,23.7203
1415.15,22.8695
1415.7,22.956
1416.25,22.484
1416.8,21.5306
1417.35,19.2266
1417.9,21.1161
1418.45,23.4355
1419.0,19.2686
1419.55,18.4242
1420.1,18.3119
1420.65,19.2185
1421.2,20.5802
1421.75,19.636
1422.3,19.8309
1422.85,20.422
1423.4,20.3605
1423.95,20.0726
1424.5,21.9409
1425.05,26.8587
1425.6,20.4798
1426.15,21.8943
1426.7,19.2181
1427.25,25.0898
1427.8,19.7258
1428.35,18.0185
1428.9,20.735
1429.45,22.0146
1430.0,19.4157
1430.55,20.7455
1431.1,20.4747
1431.65,21.8923
1432.2,23.3714
1432.75,22.5517
1433.3,20.9594
1433.85,21.3347
1434.4,20.5168
1434.95,21.6371
1435.5,18.6123
1436.05,22.082
1436.6,18.4508
1437.15,19.3214
1437.7,20.5523
1438.25,22.0293
1438.8,19.5544
1439.35,17.0827
1439.9,19.3937
1440.45,18.8236
1441.0,18.9599
1441.55,22.2875
1442.1,18.9813
1442.65,23.327
1443.2,19.6781
1443.75,20.1217
1444.3,21.3618
1444.85,21.0637
1445.4,20.6478
1445.95,24.8886
1446.5,20.1391
1447.05,18.7918
1447.6,22.3072
1448.15,19.0166
1448.7,19.4415
1449.25,20.2149
1449.8,19.6625
1450.35,20.8252
1450.9,20.0448
1451.45,18.9174
1452.0,21.8587
1452.55,26.014
1453.1,20.1132
1453.65,20.382
1454.2,20.6454
1454.75,21.8265
1455.3,23.5543
1455.85,20.879
1456.4,23.1352
1456.95,25.4987
1457.5,25.0953
1458.05,24.0029
1458.6,25.0619
1459.15,26.9468
1459.7,30.0241
1460.25,25.9629
1460.8,26.7094
1461.35,28.162
1461.9,28.1927
1462.45,27.1797
1463.0,22.9416
1463.55,19.2335
1464.1,21.0862
1464.65,21.3124
1465.2,24.3857
1465.75,18.8067
1466.3,21.8141
1466.85,23.3604
1467.4,19.4922
1467.95,18.4604
1468.5,19.6745
1469.05,21.8105
1469.6,19.4538
1470.15,20.2974
1470.7,18.5523
1471.25,17.9446
1471.8,21.0592
1472.35,20.3938
1472.9,18.699
1473.45,19.6269
1474.0,23.2099
1474.55,18.8669
1475.1,21.909
1475.65,22.3645
1476.2,22.1402
1476.75,20.0103
1477.3,22.5493
1477.85,19.9038
1478.4,20.1049
1478.95,21.7611
1479.5,22.4335
1480.05,23.155
1480.6,20.563
1481.15,23.6324
1481.7,21.6028
1482.25,24.2069
1482.8,26.3649
1483.35,26.2457
1483.9,24.5908
1484.45,22.4569
1485.0,22.6751
1485.55,20.3547
1486.1,21.2402
1486.65,19.788
1487.2,21.8846
1487.75,20.0742
1488.3,21.524
1488.85,22.3959
1489.4,23.5689
1489.95,21.2646
1490.5,20.1618
1491.05,24.0084
1491.6,22.9994
1492.15,23.3598
1492.7,27.0076
1493.25,21.1974
1493.8,21.6963
1494.35,22.4879
1494.9,20.2637
1495.45,21.1739
1496.0,24.2268
1496.55,20.3081
1497.1,20.5269
1497.65,22.3986
1498.2,22.9313
1498.75,20.6899
1499.3,21.1953
1499.85,28.2935
1500.4,24.2826
1500.95,22.3513
1501.5,22.4362
1502.05,25.2808
1502.6,23.9915
1503.15,21.366
1503.7,22.175
1504.25,25.604
1504.8,24.609
1505.35,30.7469
1505.9,26.8895
1506.45,27.4594
1507.0,22.238
1507.55,22.902
1508.1,26.0206
1508.65,23.7937
1509.2,22.2937
1509.75,20.1103
1510.3,21.3638
1510.85,23.8524
1511.4,23.1959
1511.95,24.0182
1514.15,20.0952
1514.7,20.4683
1515.25,18.8109
1515.8,21.8835
1516.35,20.5019
1516.9,29.3216
1517.45,24.1223
1518.0,21.2833
1519.65,21.3568
1520.2,22.8632
1520.75,26.5443
1521.3,20.6923
1521.85,19.7312
1522.4,22.4856
1522.95,22.0414
1523.5,20.0456
1524.05,20.67
1524.6,22.3525
1525.15,22.9662
1525.7,22.3015
1526.25,19.4874
1526.8,21.0817
1527.35,20.7254
1527.9,20.9017
1528.45,27.9105
1529.0,31.7332
1529.55,31.4425
1530.1,24.4973
1530.65,21.9416
1531.2,17.4246
1531.75,17.204
1532.3,20.1919
1532.85,17.2405
1533.4,15.3716
1533.95,16.2055
1534.5,18.0228
1535.05,19.64
1535.6,18.23
1536.15,24.2982
1536.7,20.8476
1537.25,20.1042
1537.8,22.2291
1538.35,19.267
1538.9,36.2276
1539.45,18.875
1540.0,20.1174
1540.55,20.1213
1541.1,21.0613
1541.65,18.6348
1542.2,21.2235
1542.75,20.8048
1543.3,20.995
1543.85,18.1125
1544.4,21.5704
1544.95,21.693
1545.5,21.8265
1546.05,18.5827
1546.6,21.8787
1547.15,20.9186
1547.7,22.722
1548.25,21.465
1548.8,21.1699
1549.35,22.4514
1549.9,22.8362
1550.45,25.3146
1551.0,22.4471
1551.55,23.3612
1552.1,24.0727
1552.65,23.1207
1553.2,22.2258
1553.75,26.4508
1554.3,22.7637
1554.85,20.4027
1555.4,20.1173
1555.95,18.4444
1556.5,24.0317
1557.05,19.615
1557.6,15.3099
1558.15,18.6823
1558.7,17.6392
1559.25,19.3802
1559.8,20.0412
1560.35,20.2753
1560.9,21.1131
1561.45,23.4123
1562.0,24.1727
1562.55,22.2801
1563.1,26.4453
1563.65,25.1575
1564.2,24.3366
1564.75,21.551
1565.3,21.5916
1565.85,20.3524
1566.4,20.3012
1566.95,22.3603
1567.5,19.6339
1568.05,19.06
1568.6,18.5877
1569.15,19.0509
1569.7,20.9305
1570.25,22.0746
1570.8,21.0893
1571.35,20.6038
1571.9,23.2901
1572.45,22.8718
1573.0,24.3381
1573.55,23.8502
1574.1,25.117
1574.65,25.0812
1575.2,21.2064
1575.75,23.1415
1576.3,21.2368
1576.85,19.0825
1577.4,19.3957
1577.95,18.0343
1578.5,19.5627
1579.05,19.3982
1579.6,20.8542
1580.15,22.3245
1580.7,21.8716
1581.25,19.2738
1581.8,19.7834
1582.35,20.6773
1582.9,22.0943
1583.45,24.557
1584.0,22.7428
1584.55,20.2338
1585.1,21.2801
1585.65,21.6617
1586.2,19.6844
1586.75,20.8136
1587.3,27.2107
1587.85,25.0896
1588.4,25.3979
1588.95,21.7795
1589.5,20.7581
1590.05,17.6312
1590.6,20.5536
1591.15,25.6865
1591.7,21.9041
1592.25,22.4724
1592.8,26.8279
1593.35,27.8829
1593.9,23.5979
1594.45,24.2236
1595.0,25.0187
1595.55,29.5033
1596.1,25.2534
1596.65,24.7122
1597.2,20.8939
1597.75,20.8033
1598.3,23.8356
1598.85,30.8471
1599.4,18.976
1599.95,19.6436
1600.5,22.6353
1601.05,20.7142
1601.6,19.136
1602.15,18.3523
1602.7,21.1469
1603.25,22.9852
1603.8,22.1204
1604.35,21.7476
1604.9,21.1564
1605.45,20.5443
1606.0,19.094
1606.55,20.7256
1607.1,18.2362
1607.65,18.7224
1608.2,18.8413
1608.75,18.3734
1609.3,21.6856
1609.85,21.4066
1610.4,18.4781
1610.95,20.5454
1611.5,21.3305
1612.05,20.7595
1612.6,18.5499
1613.15,15.6015
1613.7,16.7588
1614.25,17.7624
1614.8,19.5234
1615.35,20.8971
1615.9,19.5724
1616.45,16.7682
1617.0,18.1526
1617.55,16.0166
1618.1,20.5025
1618.65,20.489
1619.2,21.428
1619.75,20.1611
1620.3,21.7183
1620.85,19.0337
1621.4,18.297
1621.95,19.2592
1622.5,17.22
1623.05,17.8033
1623.6,14.44
1624.15,12.5445
1624.7,9.4564
1625.25,10.2437
1625.8,9.6095
1626.35,9.8052
1626.9,9.7346
1627.45,11.7537
1628.0,10.449
1628.55,9.9412
1629.1,10.2779
1629.65,10.0749
1630.2,9.9459
1630.75,10.0035
1631.3,9.2517
1631.85,9.5453
1632.4,9.706
1632.95,9.6574
1633.5,10.3641
1634.05,10.3971
1634.6,10.7655
1635.15,9.8436
1635.7,9.798
1636.25,10.2676
1636.8,10.8748
1637.35,10.1814
1637.9,10.2236
1638.45,10.4499
1639.0,10.9381
1639.55,10.5294
1640.1,10.4119
1640.65,10.3335
1641.2,11.9773
1641.75,9.6307
1642.3,10.0644
1642.85,10.0215
1643.4,10.8682
1643.95,10.0594
1644.5,10.1583
1645.05,9.4452
1645.6,9.2224
1646.15,9.0893
1646.7,8.5842
1647.25,8.6029
1647.8,9.3424
1648.35,8.7267
1648.9,8.0226
1649.45,9.0322
1650.0,8.5206
1650.55,9.1771
1651.1,9.3291
1651.65,9.0761
1652.2,9.323
1652.75,11.1976
1653.3,9.4205
1653.85,9.5401
1654.4,10.5506
1654.95,10.2103
1655.5,10.7852
1656.05,10.6998
1656.6,10.6671
1657.15,10.659
1657.7,12.3713
1658.25,9.2449
1658.8,9.6923
1659.35,10.5464
1659.9,9.5815
1660.45,10.4671
1661.0,10.3049
1661.55,13.7741
1662.1,15.3537
1662.65,13.733
1663.2,27.1691
1663.75,15.8004
1664.3,17.7117
1664.85,17.1991
1665.4,17.1665
1665.95,18.2517
1666.5,24.8446
1667.05,15.8615
1667.6,18.7492
1668.15,23.412
1668.7,17.9979
1669.25,14.0859
1669.8,11.7911
1670.35,12.176
1670.9,15.404
1671.45,12.3325
1672.0,11.6008
1672.55,12.4249
1673.1,10.2825
1673.65,9.2631
1674.2,8.9555
1674.75,10.2326
1675.3,9.393
1675.85,12.7503
1676.4,10.4076
1676.95,10.3037
1677.5,15.9507
1678.05,10.9175
1678.6,12.0667
1679.15,10.9509
1679.7,12.3332
1680.25,15.7175
1680.8,14.0997
1681.35,11.8174
1681.9,9.4399
1682.45,10.6148
1683.0,10.8974
1683.55,9.7127
1684.1,12.2075
1684.65,12.2682
1685.2,13.066
1685.75,14.0304
1686.3,12.5418
1686.85,15.6602
1687.4,17.7457
1687.95,15.402
1688.5,14.9513
1689.05,19.7354
1689.6,16.1621
1690.15,16.6572
1690.7,17.7596
1691.25,16.2846
1691.8,20.2529
1692.35,19.6872
1692.9,18.7933
1693.45,19.9481
1694.0,22.0241
1694.55,23.8535
1695.1,21.4806
1695.65,25.9624
1696.2,26.3352
1696.75,15.4633
1697.3,17.3997
1697.85,16.2455
1698.4,12.0538
1698.95,12.8431
1699.5,13.1691
1700.05,14.5172
1700.6,12.4945
1701.15,13.0821
1701.7,11.4614
1702.25,11.8041
1702.8,12.2488
1703.35,13.3749
1703.9,13.8459
1704.45,11.473
1705.0,16.5916
1705.55,14.0848
1706.1,19.5493
1706.65,12.9431
1707.2,10.1648
1707.75,12.6122
1708.3,13.5252
1708.85,16.469
1709.4,15.216
1709.95,13.3118
1710.5,13.6844
1711.05,12.0414
1711.6,14.1516
1712.15,11.9129
1712.7,13.2889
1713.25,15.8378
1713.8,13.3319
1714.35,12.9058
1714.9,9.3623
1715.45,8.1934
1716.0,9.2913
1716.55,13.0066
1717.1,18.0013
1717.65,14.724
1718.2,14.0862
1718.75,20.8178
1719.3,15.4073
1719.85,16.6266
1720.4,18.3794
1720.95,18.2221
1721.5,23.1309
1722.05,20.6566
1722.6,21.4524
1723.15,15.9212
1723.7,19.5858
1724.25,18.6207
1724.8,18.7396
1725.35,22.079
1725.9,19.4503
1726.45,19.2104
1727.0,18.1216
1727.55,20.8321
1728.1,21.0627
1728.65,21.2526
1729.2,16.2183
1729.75,19.5127
1730.3,20.5956
1730.85,20.1062
1731.4,20.2287
1731.95,20.7166
1732.5,21.9078
1733.05,16.6029
1733.6,19.0551
1734.15,20.5083
1734.7,18.6999
1735.25,19.4665
1735.8,16.8082
1736.35,18.6275
1736.9,16.4531
1737.45,17.2199
1738.0,15.6673
1738.55,21.5615
1739.1,18.3619
1739.65,19.385
1740.2,18.3827
1740.75,18.8318
1741.3,18.3776
1741.85,21.8588
1742.4,19.8983
1742.95,18.3949
1743.5,18.3627
1744.05,21.1571
1744.6,18.4795
1745.15,16.3225
1745.7,15.0522
1746.25,13.0543
1746.8,13.1482
1747.35,13.4076
1747.9,13.6672
1748.45,13.4972
1749.0,15.5271
1749.55,16.5987
1750.1,14.5992
1750.65,9.9341
1751.2,11.72
1751.75,10.2133
1752.3,9.0337
1752.85,8.8027
1753.4,11.0045
1753.95,8.2843
1754.5,9.9553
1755.05,13.6229
1755.6,10.6887
1756.15,11.7299
1756.7,10.2294
1757.25,11.0937
1757.8,10.7907
1758.35,11.8213
1758.9,10.6408
1759.45,11.3377
1760.0,10.7524
1760.55,9.4884
1761.1,9.9895
1761.65,10.0264
1762.2,10.1995
1762.75,9.9766
1763.3,9.726
1763.85,10.5651
1764.4,10.708
1764.95,10.4092
1765.5,10.0482
1766.05,10.5443
1766.6,9.4728
1767.15,9.0699
1767.7,9.0153
1768.25,8.9821
1768.8,9.766
1769.35,10.0756
1769.9,9.0195
1770.45,9.842
1771.0,11.0106
1771.55,11.2171
1772.1,10.2531
1772.65,11.0613
1773.2,10.6314
1773.75,10.0606
1774.3,9.8489
1774.85,10.6666
1775.4,10.6528
1775.95,10.033
1776.5,9.7048
1777.05,9.7041
1777.6,9.1643
1778.15,8.8252
1778.7,8.6411
1779.25,8.8426
1779.8,9.4096
1780.35,8.3356
1780.9,7.9472
1781.45,8.4481
1782.0,9.5198
1782.55,9.129
1783.1,8.7104
1783.65,8.6682
1784.2,8.3222
1784.75,7.5408
1785.3,7.0149
1785.85,7.858
1786.4,9.4725
1786.95,9.3399
1787.5,8.9274
1788.05,9.2218
1788.6,10.9081
1789.15,11.03
1789.7,10.1344
1790.25,10.8505
1790.8,10.6994
1791.35,10.052
1791.9,10.2377
1792.45,9.1623
1793.0,11.1354
1793.55,10.1279
1794.1,9.6613
1794.65,10.3972
1795.2,9.7915
1795.75,9.9435
1796.3,9.7976
1796.85,9.8747
1797.4,9.1272
1797.95,10.1445
1798.5,9.9571
1799.05,9.3059
1799.6,9.2622
1800.15,9.3744
1800.7,9.4694
1801.25,8.6911
1801.8,9.3126
1802.35,9.439
1802.9,9.487
1803.45,9.4105
1804.0,9.3569
1804.55,8.1795
1805.1,9.1646
1805.65,8.5932
1806.2,8.3329
1806.75,9.3174
1807.3,9.0401
1807.85,9.529
1808.4,9.5376
1808.95,9.6301
1809.5,9.1258
1810.05,9.1628
1810.6,8.9744
1811.15,9.2435
1811.7,8.9651
1812.25,8.9492
1812.8,8.9069
1813.35,9.2579
1813.9,9.4868
1814.45,8.8752
1815.0,8.6366
1815.55,9.3512
1816.1,9.5238
1816.65,8.8971
1817.2,8.9269
1817.75,9.5525
1818.3,9.4214
1818.85,9.8075
1819.4,9.8266
1819.95,11.6107
1820.5,11.3019
1821.05,10.1558
1821.6,10.617
1822.15,10.5595
1822.7,10.6008
1823.25,10.1721
1823.8,10.5621
1824.35,10.3334
1824.9,8.8928
1825.45,7.8676
1826.0,7.8151
1826.55,8.6596
1827.1,8.9721
1827.65,8.1519
1828.2,9.0152
1828.75,9.3233
1829.3,9.4611
1829.85,9.2713
1830.4,9.096
1830.95,9.0761
1831.5,9.7554
1832.05,9.5721
1832.6,9.3097
1833.15,9.4662
1833.7,8.9942
1834.25,9.0499
1834.8,8.7134
1835.35,8.5538
1835.9,9.6062
1836.45,9.9769
1837.0,8.8156
1837.55,8.6997
1838.1,9.7874
1838.65,10.5073
1839.2,10.4
1839.75,10.6345
1840.3,9.4627
1840.85,8.7122
1841.4,8.6065
1841.95,8.0494
1842.5,9.208
1843.05,9.5308
1843.6,9.35
1844.15,9.2172
1844.7,10.3556
1845.25,10.4179
1845.8,10.7325
1846.35,10.6664
1846.9,10.2513
1847.45,11.0995
1848.0,10.3666
1848.55,10.0604
1849.1,9.6238
1849.65,8.3515
1850.2,8.2213
1850.75,8.7216
1851.3,9.2014
1851.85,9.2862
1852.4,8.2536
1852.95,9.4623
1853.5,8.9354
1854.05,9.2705
1854.6,8.3542
1855.15,10.0212
1855.7,9.8051
1856.25,9.9177
1856.8,8.9689
1857.35,10.981
1857.9,10.3594
1858.45,9.7907
1859.0,9.6409
1859.55,10.193
1860.1,9.7231
1860.65,8.7605
1861.2,8.4353
1861.75,9.5201
1862.3,9.7918
1862.85,8.9746
1863.4,9.3202
1863.95,9.1964
1864.5,10.0768
1865.05,10.0743
1865.6,9.2633
1866.15,8.6201
1866.7,9.3769
1867.25,8.6067
1867.8,8.9852
1868.35,8.1335
1868.9,9.1294
1869.45,8.5651
1870.0,9.1469
1870.55,9.4457
1871.1,9.2506
1871.65,8.8059
1872.2,9.9113
1872.75,9.6331
1873.3,8.9519
1873.85,9.499
1874.4,9.4968
1874.95,8.724
1875.5,8.5676
1876.05,7.8119
1876.6,8.9589
1877.15,8.6858
1877.7,9.1641
1878.25,9.0738
1878.8,9.3538
1879.35,10.1361
1879.9,10.1472
1880.45,9.8666
1881.0,10.202
1881.55,9.4544
1882.1,10.2478
1882.65,8.6944
1883.2,8.293
1883.75,8.6186
1884.3,9.9731
1884.85,10.0516
1885.4,9.7108
1885.95,9.7469
1886.5,8.4591
1887.05,7.8313
1887.6,7.4788
1888.15,8.0645
1888.7,9.0931
1889.25,8.6857
1889.8,8.9593
1890.35,9.1666
1890.9,10.383
1891.45,11.0817
1892.0,11.0468
1892.55,10.8121
1893.1,11.3577
1893.65,10.4142
1894.2,10.922
1894.75,11.0963
1895.3,10.891
1895.85,10.8121
1896.4,10.4837
1896.95,10.4403
1897.5,10.8686
1898.05,9.3621
1898.6,8.9329
1899.15,9.1348
1899.7,9.5286
1900.25,9.7966
1900.8,9.469
1901.35,8.704
1901.9,9.5937
1902.45,7.9126
1903.0,10.6305
1903.55,10.8991
1904.1,10.1814
1904.65,11.2852
1905.2,11.0728
1905.75,11.1091
1906.3,11.0376
1906.85,11.2005
1907.4,11.3379
1907.95,11.5028
1908.5,11.0952
1909.05,11.0988
1909.6,11.0668
1910.15,10.6645
1910.7,11.3521
1911.25,11.3047
1911.8,10.4894
1912.35,9.8317
1912.9,9.5737
1913.45,9.528
1914.0,9.2348
1914.55,9.2406
1915.1,9.4627
1915.65,9.0871
1916.2,9.3077
1916.75,9.8077
1917.3,9.6777
1917.85,9.2503
1918.4,9.5671
1918.95,11.0043
1919.5,11.4116
1920.05,11.4513
1920.6,11.7102
1921.15,11.2433
1921.7,11.2272
1922.25,10.7999
1922.8,11.2011
1923.35,11.3328
1923.9,10.8783
1924.45,10.6243
1925.0,10.5403
1925.55,10.7374
1926.1,10.1348
1926.65,9.9849
1927.2,10.066
1927.75,10.5291
1928.3,11.2209
1928.85,10.5908
1929.4,10.9722
1929.95,10.8582
1930.5,9.8104
1931.05,9.6541
1931.6,9.5383
1932.15,10.0084
1932.7,10.7857
1933.25,10.0743
1933.8,9.6934
1934.35,10.2426
1934.9,11.4663
1935.45,11.4037
1936.0,10.7835
1936.55,9.945
1937.1,9.0852
1937.65,9.4456
1938.2,9.4385
1938.75,9.7077
1939.3,9.6333
1939.85,9.1829
1940.4,8.8021
1940.95,8.7067
1941.5,7.7097
1942.05,7.8021
1942.6,8.0375
1943.15,9.1495
1943.7,9.1368
1944.25,9.6833
1944.8,9.5726
1945.35,10.1281
1945.9,10.4
1946.45,10.1951
1947.0,10.166
1947.55,9.338
1948.1,9.9544
1948.65,9.3303
1949.2,9.2027
1949.75,9.1346
1950.3,8.7275
1950.85,7.927
1951.4,7.7795
1951.95,8.0424
1952.5,7.6714
1953.05,9.2275
1953.6,9.5785
1954.15,9.7478
1954.7,9.7503
1955.25,11.3825
1955.8,11.1558
1956.35,10.9292
1956.9,11.304
1957.45,12.0287
1958.0,10.4942
1958.55,11.1284
1959.1,10.8473
1959.65,12.4839
1960.2,11.5171
1960.75,11.045
1961.3,11.167
1961.85,11.4084
1962.4,9.9704
1962.95,9.8377
1963.5,10.0527
1964.05,9.2184
1964.6,10.1178
1965.15,9.6889
1965.7,9.7984
1966.25,9.313
1966.8,9.974
1967.35,9.9835
1967.9,9.9217
1968.45,10.4919
1969.0,10.3354
1969.55,10.1361
1970.1,9.3097
1970.65,9.6355
1971.2,9.3413
1971.75,8.4688
1972.3,9.2693
1972.85,8.9251
1973.4,10.2091
1973.95,9.767
1974.5,9.7746
1975.05,12.0081
1975.6,11.4628
1976.15,11.4516
1976.7,11.3916
1977.25,10.5934
1977.8,10.318
1978.35,9.9456
1978.9,10.3506
1979.45,10.7877
1980.0,11.037
1980.55,11.562
1981.1,11.2503
1981.65,11.087
1982.2,11.6546
1982.75,11.4534
1983.3,10.8682
1983.85,11.0948
1984.4,11.9674
1984.95,11.6874
1985.5,11.5746
1986.05,10.2881
1986.6,11.5053
1987.15,11.4685
1987.7,10.9771
1988.25,10.3145
1988.8,11.1489
1989.35,11.4343
1989.9,10.9182
1990.45,11.1561
1991.0,10.5512
1991.55,12.0119
1992.1,11.4956
1992.65,11.3212
1993.2,11.6794
1993.75,11.5195
1994.3,10.5008
1994.85,10.8504
1995.4,10.9303
1995.95,10.8188
1996.5,11.0923
1997.05,10.5372
1997.6,10.6377
1998.15,11.3091
1998.7,10.5825
1999.25,10.8765
1999.8,10.824
2000.35,11.5178
2000.9,10.299
2001.45,10.024
2002.0,9.6006
2002.55,9.5367
2003.1,8.9326
2003.65,7.8055
2004.2,7.6487
2004.75,8.0303
2005.3,8.6324
2005.85,8.9828
2006.4,8.8842
2006.95,8.7352
2007.5,9.4533
2008.05,9.9932
2008.6,10.5744
2009.15,9.5131
2009.7,10.0798
2010.25,11.129
2010.8,10.2126
2011.35,9.5888
2011.9,9.7153
2012.45,10.4548
2013.0,9.4021
2013.55,9.5177
2014.1,9.7822
2014.65,10.4184
2015.2,9.8896
2015.75,9.768
2016.3,9.7138
2016.85,9.9906
2017.4,10.4635
2017.95,9.7979
2018.5,9.8103
2019.05,10.2344
2019.6,9.1969
2020.15,9.3705
2020.7,9.2646
2021.25,10.378
2021.8,10.4385
2022.35,9.9656
2022.9,12.3732
2023.45,10.2803
2024.0,10.5286
2024.55,11.3319
2025.1,9.7583
2025.65,10.884
2026.2,10.4578
2026.75,9.9861
2027.3,9.481
2027.85,10.136
2028.4,10.3653
2028.95,10.1382
2029.5,10.077
2030.05,10.9943
2030.6,10.9911
2031.15,11.3197
2031.7,10.8592
2032.25,10.6269
2032.8,10.356
2033.35,10.2133
2033.9,11.0858
2034.45,10.618
2035.0,9.8833
2035.55,9.4987
2036.1,9.4798
2036.65,11.2963
2037.2,10.5327
2037.75,9.7187
2038.3,9.3816
2038.85,10.1418
2039.4,9.3648
2039.95,9.0143
2040.5,9.0491
2041.05,9.5126
2041.6,9.1997
2042.15,8.8484
2042.7,8.864
2043.25,13.1889
2043.8,8.2708
2044.35,7.9121
2044.9,7.8111
2045.45,8.7593
2046.0,9.2832
2046.55,9.5708
2047.1,8.5394
2047.65,9.8855
2048.2,10.6914
2048.75,10.259
2049.3,10.7878
2049.85,10.6128
2050.4,9.6643
2050.95,9.6338
2051.5,9.8153
2052.05,9.3719
2052.6,9.5961
2053.15,10.5117
2053.7,9.8633
2054.25,9.6776
2054.8,10.5618
2055.35,10.7968
2055.9,11.2229
2056.45,10.322
2057.0,11.4163
2057.55,11.2286
2058.1,10.6049
2058.65,10.5813
2059.2,11.8689
2059.75,11.0163
2060.3,11.2058
2060.85,10.2055
2061.4,9.93
2061.95,9.5201
2062.5,9.851
2063.05,10.3614
2063.6,9.8688
2064.15,9.7048
2064.7,9.7049
2065.25,9.6303
2065.8,9.8639
2066.35,9.7978
2066.9,10.3436
2067.45,10.6403
2068.0,10.1671
2068.55,9.8979
2069.1,10.1435
2069.65,9.605
2070.2,9.7543
2070.75,9.9648
2071.3,10.227
2071.85,9.5268
2072.4,9.7894
2072.95,9.557
2073.5,9.3919
2074.05,9.9298
2074.6,8.7237
2075.15,9.1234
2075.7,9.1976
2076.25,11.2226
2076.8,10.5269
2077.35,11.0161
2077.9,10.9153
2078.45,11.9805
2079.0,11.9219
2079.55,11.4195
2080.1,12.631
2080.65,12.3132
2081.2,11.4625
2081.75,11.1846
2082.3,11.6562
2082.85,10.7049
2083.4,9.2826
2083.95,9.0662
2084.5,8.7401
2085.05,9.6049
2085.6,9.1843
2086.15,9.0179
2086.7,8.6384
2087.25,9.1954
2087.8,9.6327
2088.35,8.3383
2088.9,8.2529
2089.45,8.5112
2090.0,9.0769
2090.55,8.733
2091.1,8.5078
2091.65,9.4613
2092.2,10.3765
2092.75,8.6868
2093.3,9.3712
2093.85,10.7607
2094.4,10.9976
2094.95,9.1534
2095.5,9.5139
2096.05,11.5009
2096.6,11.6779
2097.15,10.3234
2097.7,11.4498
2098.25,11.6699
2098.8,10.5269
2099.35,10.9338
2099.9,10.5796
2100.45,11.6846
2101.0,11.1444
2101.55,10.5305
2102.1,10.409
2102.65,11.2667
2103.2,10.9262
2103.75,10.9608
2104.3,10.4971
2104.85,10.9822
2105.4,10.3228
2105.95,10.5883
2106.5,10.2847
2107.05,9.8626
2107.6,9.9529
2108.15,8.9176
2108.7,9.1863
2109.25,8.7343
2109.8,9.7615
2110.35,8.5334
2110.9,8.6003
2111.45,8.7235
2112.0,10.0556
2112.55,10.3437
2113.1,10.2051
2113.65,9.278
2114.2,10.1479
2114.75,9.9526
2115.3,10.1947
2115.85,11.1554
2116.4,9.8946
2116.95,11.8796
2117.5,8.0581
2118.05,7.9303
2118.6,9.0804
2119.15,9.4268
2119.7,8.9268
2120.25,8.7279
2120.8,9.1723
2121.35,9.8104
2121.9,9.2331
2122.45,9.7945
2123.0,8.9373
2123.55,9.8618
2124.1,9.5094
2124.65,9.117
2125.2,8.6727
2125.75,9.5751
2126.3,8.5525
2126.85,8.343
2127.4,7.9095
2127.95,10.5072
2128.5,11.1231
2129.05,10.9636
2129.6,11.4244
2130.15,11.2218
2130.7,11.1215
2131.25,11.2928
2131.8,11.4037
2132.35,13.653
2132.9,10.7442
2133.45,15.7623
2134.0,10.9719
2134.55,12.1928
2135.1,11.3153
2135.65,12.0958
2136.2,9.8364
2136.75,10.4466
2137.3,9.8902
2137.85,10.3819
2138.4,11.7651
2138.95,10.0513
2139.5,9.5716
2140.05,12.219
2140.6,12.5239
2141.15,10.6413
2141.7,8.5757
2142.25,9.6102
2142.8,8.7083
2143.35,9.7555
2143.9,11.3327
2144.45,12.4567
2145.0,10.3043
2145.55,12.0756
2146.1,10.9394
2146.65,10.6665
2147.2,9.5156
2147.75,8.9303
2148.3,9.6832
2148.85,9.5884
2149.4,10.1267
2149.95,11.1677
2150.5,10.4112
2151.05,10.4326
2151.6,10.958
2152.15,10.9493
2152.7,10.5417
2153.25,11.1943
2153.8,10.2618
2154.35,11.7281
2154.9,11.0377
2155.45,10.541
2156.0,10.4096
2156.55,10.7268
2157.1,11.5302
2157.65,11.2617
2158.2,11.0073
2158.75,11.6838
2159.3,11.2293
2159.85,11.1936
2160.4,10.7446
2160.95,11.104
2161.5,10.5709
2162.05,10.8292
2162.6,10.081
2163.15,10.4068
2163.7,9.8784
2164.25,10.2397
2164.8,9.4217
2165.35,9.8449
2165.9,10.2625
2166.45,9.2322
2167.0,10.6481
2167.55,9.3019
2168.1,10.2919
2168.65,9.7179
2169.2,9.8166
2169.75,8.9696
2170.3,9.6507
2170.85,9.0987
2171.4,10.6219
2171.95,15.0532
2172.5,10.4293
2173.05,10.5565
2173.6,11.5015
2174.15,12.5888
2174.7,13.3382
2175.25,11.5457
2175.8,11.6806
2176.35,11.2962
2176.9,8.3163
2177.45,10.404
2178.0,9.5107
2178.55,9.4209
2179.1,9.7964
2179.65,11.4616
2180.2,10.6738
2180.75,11.3235
2181.3,11.7666
2181.85,12.7282
2182.4,11.6754
2182.95,10.5109
2183.5,11.5499
2184.05,9.6849
2184.6,13.0102
2185.15,10.7555
2185.7,10.6089
2186.25,16.3097
2186.8,11.1097
2187.35,10.8887
2187.9,9.9987
2188.45,12.6715
2189.0,13.1821
2189.55,15.0577
2190.1,14.9251
2190.65,15.5903
2191.2,13.3984
2191.75,11.8215
2192.3,12.1989
2192.85,16.0404
2193.4,15.3948
2193.95,12.772
2194.5,11.4479
2195.05,12.7047
2195.6,12.0614
2196.15,13.5793
2196.7,12.8598
2197.25,13.2086
2197.8,20.0914
2198.35,12.3145
2198.9,10.0525
2199.45,9.7261
2200.0,10.3451
2200.55,10.2617
2201.1,9.7681
2201.65,9.1871
2202.2,9.3004
2202.75,10.048
2203.3,9.3278
2203.85,10.269
2204.4,10.1042
2204.95,10.3102
2205.5,9.3988
2206.05,10.571
2206.6,9.7221
2207.15,8.9106
2207.7,8.9544
2208.25,9.5791
2208.8,8.6231
2209.35,8.8675
2209.9,8.6675
2210.45,8.9483
2211.0,9.4112
2211.55,9.0833
2212.1,8.8682
2212.65,9.2014
2213.2,10.4567
2213.75,10.9014
2214.3,9.5003
2214.85,10.1557
2215.4,10.8651
2215.95,11.1646
2216.5,11.2096
2217.05,10.7638
2217.6,10.578
2218.15,11.6234
2218.7,10.699
2219.25,10.7968
2219.8,9.788
2220.35,10.1944
2220.9,9.7373
2221.45,9.0789
2222.0,8.9014
2222.55,8.718
2223.1,10.5613
2223.65,9.9438
2224.2,10.5986
2224.75,9.8885
2225.3,10.5331
2225.85,11.5578
2226.4,10.9064
2226.95,10.6714
2227.5,10.1988
2228.05,11.0536
2228.6,10.4794
2229.15,10.6649
2229.7,9.6061
2230.25,10.7805
2230.8,9.9368
2231.35,9.5667
2231.9,9.0866
2232.45,8.5819
2233.0,9.3366
2233.55,8.378
2234.1,8.0643
2234.65,8.134
2235.2,8.0747
2235.75,9.5695
2236.3,12.2449
2236.85,11.5443
2237.4,9.2454
2237.95,9.5546
2238.5,10.5662
2239.05,9.3501
2239.6,9.2485
2240.15,8.9778
2240.7,9.9601
2241.25,12.2792
2241.8,9.2366
2242.35,9.3323
2242.9,9.8217
2243.45,9.3663
2244.0,8.4093
2244.55,8.4384
2245.1,8.3773
2245.65,9.9433
2246.2,9.1226
2246.75,9.3415
2247.3,9.7286
2247.85,10.0238
2248.4,11.6078
2248.95,11.0376
2249.5,10.828
2250.05,11.5746
2250.6,11.569
2251.15,10.9628
2251.7,10.6075
2252.25,9.9211
2252.8,9.6509
2253.35,10.6556
2253.9,9.1077
2254.45,8.7719
2255.0,8.6558
2255.55,9.2819
2256.1,10.2442
2256.65,9.7937
2257.2,9.793
2257.75,11.7727
2258.3,10.4133
2258.85,12.3451
2259.4,10.3495
2259.95,9.6862
2260.5,9.5893
2261.05,11.3082
2261.6,9.6839
2262.15,9.8317
2262.7,9.2166
2263.25,9.606
2263.8,10.0794
2264.35,10.265
2264.9,10.1392
2265.45,10.2404
2266.0,10.7814
2266.55,9.0796
2267.1,9.3808
2267.65,9.3304
2268.2,10.1938
2268.75,10.8436
2269.3,9.9696
2269.85,11.5005
2270.4,11.4014
2270.95,10.1718
2271.5,9.6439
2272.05,9.8814
2272.6,9.7773
2273.15,10.0919
2273.7,10.7405
2274.25,10.4081
2274.8,10.6677
2275.35,10.3289
2275.9,9.8768
2276.45,9.5157
2277.0,9.0168
2277.55,8.591
2278.1,9.5323
2278.65,9.6229
2279.2,9.219
2279.75,9.1971
2280.3,9.0491
2280.85,10.3541
2281.4,12.211
2281.95,14.0783
2282.5,15.8794
2283.05,11.0685
2283.6,12.1529
2284.15,10.1858
2284.7,10.2691
2285.25,10.0735
2285.8,10.6745
2286.35,9.9326
2286.9,11.4147
2287.45,9.0251
2288.0,10.0049
2288.55,11.1954
2289.1,11.1399
2289.65,10.1195
2290.2,10.3375
2290.75,11.6206
2291.3,10.1608
2291.85,10.265
2292.4,10.1387
2292.95,10.4067
2293.5,10.1492
2294.05,9.156
2296.25,13.0656
2296.8,9.8852
2297.35,10.3445
2297.9,13.2644
2298.45,17.9062
2299.0,15.0709
2299.55,11.7125
2300.1,11.0885
2300.65,12.7961
2301.2,16.2495
2301.75,13.6008
2302.3,13.5436
2302.85,12.5357
2303.4,15.182
2303.95,11.6953
2304.5,14.3199
2305.05,11.0109
2305.6,13.1173
2306.15,12.3067
2306.7,16.0897
2307.25,14.7009
2307.8,11.9043
2308.35,11.4075
2308.9,14.8128
2309.45,11.2164
2310.0,12.7755
2310.55,13.8025
2311.1,13.6668
2311.65,12.8236
2312.2,10.4662
2312.75,10.2721
2313.3,13.4798
2313.85,11.9615
2314.4,11.1144
2314.95,11.5515
2315.5,12.8985
2316.05,14.375
2316.6,13.9207
2317.15,11.5965
2317.7,14.3782
2318.25,12.6587
2318.8,11.2031
2319.35,11.046
2319.9,12.2145
2320.45,14.1753
2321.0,9.9652
2321.55,12.6135
2322.1,13.1042
2322.65,11.8045
2323.2,10.256
2323.75,9.711
2324.3,11.1814
2324.85,11.0394
2325.4,11.0638
2325.95,11.6301
2326.5,11.4402
2327.05,11.0512
2327.6,10.8176
2328.15,11.1358
2328.7,11.0655
2329.25,10.5731
2329.8,10.8125
2330.35,11.1188
2330.9,10.7174
2331.45,11.8034
2332.0,10.9002
2332.55,11.5444
2333.1,11.2931
2333.65,11.0755
2334.2,11.9387
2334.75,11.6707
2335.3,11.7007
2335.85,11.826
2336.4,11.2905
2336.95,11.2908
2337.5,10.3066
2338.05,10.1587
2338.6,10.7028
2339.15,10.3419
2339.7,9.3367
2340.25,9.5937
2340.8,9.8112
2341.35,10.4561
2341.9,9.7731
2342.45,9.9375
2343.0,9.9695
2343.55,9.6513
2344.1,9.9847
2344.65,9.5608
2345.2,11.9968
2345.75,9.9029
2346.3,9.3694
2346.85,12.5875
2347.4,10.6847
2347.95,9.5092
2348.5,9.4254
2349.05,10.6039
2349.6,9.4901
2350.15,9.322
2350.7,10.361
2351.25,10.8567
2351.8,10.5162
2352.35,10.2336
2352.9,10.4272
2353.45,10.4237
2354.0,9.7451
2354.55,9.6245
2355.1,9.8082
2355.65,9.8363
2356.2,9.6755
2356.75,9.5454
2357.3,9.7631
2357.85,10.2404
2358.4,10.0949
2358.95,9.6782
2359.5,9.6118
2360.05,9.8184
2360.6,10.0543
2361.15,10.1401
2361.7,10.1306
2362.25,9.907
2362.8,9.8691
2363.35,10.0978
2363.9,10.5118
2364.45,9.909
2365.0,9.8509
2365.55,11.2616
2366.1,10.4974
2366.65,9.619
2367.2,9.937
2367.75,9.8961
2368.3,9.7374
2368.85,9.6611
2369.4,9.2752
2369.95,9.5483
2370.5,10.7198
2371.05,9.8468
2371.6,9.6665
2372.15,9.4337
2372.7,9.8585
2373.25,12.356
2373.8,10.7481
2374.35,10.0403
2374.9,9.8479
2375.45,10.5449
2376.0,10.0211
2376.55,10.4894
2377.1,9.7778
2377.65,9.756
2378.2,9.8691
2378.75,9.7494
2379.3,9.7035
2379.85,10.7527
2380.4,9.6996
2380.95,13.2027
2381.5,13.1056
2382.05,14.5348
2382.6,14.0071
2383.15,11.9242
2383.7,13.8202
2384.25,12.8237
2384.8,12.3418
2385.35,12.4608
2385.9,14.6248
2386.45,15.0494
2387.0,11.6178
2387.55,12.4523
2388.1,12.1484
2388.65,12.149
2389.2,11.5051
2389.75,12.1499
2390.3,19.9409
2390.85,14.574
2391.4,12.7768
2391.95,11.1014
2392.5,10.6907
2393.05,12.7596
2393.6,11.2795
2394.15,12.8186
2394.7,12.9186
2395.25,14.1323
2395.8,11.8238
2396.35,12.8805
2396.9,14.5059
2397.45,12.9946
2398.0,11.186
2398.55,14.3534
2399.1,15.4394
2399.65,13.5311
2400.2,12.5955
2400.75,13.5125
2401.3,13.8721
2401.85,12.2207
2402.4,16.2765
2402.95,11.871
2403.5,15.1868
2404.05,14.2035
2404.6,15.2087
2405.15,16.401
2405.7,13.3798
2406.25,12.8836
2406.8,13.8586
2407.35,14.9648
2407.9,12.9635
2408.45,14.7183
2409.0,15.2159
2409.55,13.3928
2410.1,12.7304
2410.65,12.117
2411.2,12.2399
2411.75,13.5867
2412.3,10.0381
2412.85,11.9557
2413.4,10.7503
2413.95,12.3372
2414.5,13.4686
2415.05,13.4007
2415.6,13.2063
2416.15,12.8024
2416.7,9.7649
2417.25,10.2212
2417.8,10.6263
2418.35,10.9404
2418.9,12.222
2419.45,9.8724
2420.0,13.545
2420.55,10.2085
2421.1,10.625
2421.65,10.5652
2422.2,10.1858
2422.75,10.2645
2423.3,10.3806
2423.85,10.4
2424.4,10.8381
2424.95,10.682
2425.5,10.5232
2426.05,10.6283
2426.6,9.728
2427.15,9.3243
2427.7,9.8012
2428.25,10.4202
2428.8,10.3697
2429.35,10.5873
2429.9,10.9201
2430.45,11.0092
2431.0,13.8435
2431.55,10.5771
2432.1,10.576
2432.65,10.2066
2433.2,9.4772
2433.75,9.9481
2434.3,10.2523
2434.85,9.6309
2435.4,9.7717
2437.6,10.6412
2438.15,10.7086
2438.7,10.9873
2439.25,10.7832
2439.8,11.1065
2440.35,10.6925
2440.9,10.2763
2441.45,10.0771
2442.0,9.9586
2442.55,9.4489
2443.1,9.6092
2443.65,9.2912
2444.2,9.6025
2444.75,9.6648
2445.3,9.8371
2445.85,9.2023
2446.4,9.6017
2446.95,9.7721
2447.5,10.2468
2448.05,9.7945
2448.6,9.8061
2449.15,11.021
2449.7,11.1678
2450.25,9.4599
2450.8,9.5801
2451.35,9.6525
2451.9,9.6863
2452.45,9.4562
2453.0,10.7474
2453.55,9.593
2454.1,9.9992
2454.65,10.8723
2455.2,9.5404
2455.75,9.8881
2456.3,10.5637
2456.85,11.2732
2457.4,12.6158
2457.95,13.2417
2458.5,9.4943
2459.05,10.726
2459.6,13.8322
2460.15,9.8335
2460.7,9.8843
2461.25,10.8293
2461.8,10.5227
2462.35,10.3814
2462.9,10.3375
2463.45,9.9435
2464.0,10.4994
2464.55,10.3122
2465.1,9.8693
2465.65,10.1992
2466.2,14.015
2466.75,14.6035
2467.3,14.495
2467.85,10.4973
2468.4,11.9934
2468.95,12.8389
2469.5,11.6501
2470.05,11.9314
2470.6,10.6023
2471.15,9.7592
2471.7,9.3773
2472.25,10.2911
2472.8,10.2599
2473.35,10.3501
2473.9,9.7689
2474.45,11.8982
2475.0,10.504
2475.55,9.8242
2476.1,10.436
2476.65,10.5253
2477.2,10.21
2477.75,10.6488
2478.3,10.6872
2478.85,10.9501
2479.4,10.3948
2479.95,10.6288
2480.5,10.692
2481.05,11.0248
2481.6,10.3492
2482.15,10.5009
2482.7,10.7388
2483.25,10.5154
2483.8,10.8818
2484.35,10.459
2484.9,10.5207
2485.45,10.7916
2486.0,10.7701
2486.55,10.5142
2487.1,10.6376
2487.65,10.4775
2488.2,10.4227
2488.75,10.9318
2489.3,10.7882
2489.85,10.9684
2490.4,10.5208
2490.95,10.4912
2491.5,10.5602
2492.05,10.717
2492.6,10.7672
2493.15,10.6439
2493.7,10.6328
2494.25,10.9818
2494.8,11.0787
2495.35,10.5861
2495.9,10.9656
2496.45,10.5814
2497.0,10.963
2497.55,10.8555
2498.1,10.9285
2498.65,10.8061
2499.2,11.0504
2499.75,10.543
2500.3,10.4413
2500.85,10.0533
2501.4,9.9934
2501.95,9.9474
2502.5,10.2237
2503.05,10.5613
2503.6,10.1024
2504.15,10.1993
2504.7,9.4643
2505.25,9.1339
2505.8,9.1646
2506.35,9.2394
2506.9,9.4662
2507.45,10.414
2508.0,10.5567
2508.55,10.3846
2509.1,10.2168
2509.65,10.5717
2510.2,10.5924
2510.75,10.5522
2511.3,10.3486
2511.85,10.382
2512.4,10.1484
2512.95,10.4177
2513.5,10.6606
2514.05,10.7169
2514.6,10.4905
2515.15,10.7742
2515.7,10.5476
2516.25,10.7377
2516.8,10.98
2517.35,10.2785
2517.9,9.939
2518.45,9.976
2519.0,10.0347
2519.55,10.0827
2520.1,10.2246
2520.65,9.8861
2521.2,10.0457
2521.75,9.7975
2522.3,9.9191
2522.85,10.1026
2523.4,9.6426
2523.95,10.0937
2524.5,10.1521
2525.05,10.1706
2525.6,10.1784
2526.15,10.0084
2526.7,9.9317
2527.25,10.1556
2527.8,10.4627
2528.35,10.2845
2528.9,10.6073
2529.45,10.3598
2530.0,10.4494
2530.55,10.4778
2531.1,10.1134
2531.65,10.1495
2532.2,10.192
2532.75,10.3451
2533.3,10.1673
2533.85,9.8339
2534.4,9.2859
2534.95,8.9371
2535.5,9.185
2536.05,9.517
2536.6,10.0004
2537.15,10.135
2537.7,10.2506
2538.25,10.5429
2538.8,10.2281
2539.35,9.7867
2539.9,9.3054
2540.45,9.5914
2541.0,9.3636
2541.55,9.54
2542.1,9.336
2542.65,8.9985
2543.2,9.0023
2543.75,9.8029
2544.3,9.0862
2544.85,9.4339
2545.4,9.2538
2545.95,9.1163
2546.5,10.0265
2547.05,10.609
2547.6,9.0152
2548.15,8.9177
2548.7,9.8276
2549.25,15.4551
2549.8,10.238
2550.35,9.5705
2550.9,9.3665
2551.45,11.6963
2552.0,9.4517
2552.55,10.1563
2553.1,9.7775
2553.65,11.9796
2554.2,11.7885
2554.75,11.5391
2555.3,11.5534
2555.85,10.7972
2556.4,9.3691
2556.95,8.7485
2557.5,9.082
2558.05,9.726
2558.6,10.019
2559.15,9.7844
2559.7,9.7064
2560.25,9.7065
2560.8,9.8617
2561.35,9.818
2561.9,9.7675
2562.45,9.999
2563.0,10.0892
2563.55,9.9816
2564.1,10.2016
2564.65,9.9001
2565.2,9.2571
2565.75,9.0916
2566.3,9.9009
2566.85,10.043
2567.4,12.2284
2567.95,10.0651
2568.5,13.6899
2569.05,14.3692
2569.6,12.7449
2570.15,11.6659
2572.9,11.9643
2573.45,14.3784
2574.0,14.1185
2574.55,14.4134
2575.1,13.0855
2575.65,14.1302
2576.2,16.1307
2576.75,13.1204
2577.3,10.6929
2577.85,12.9672
2578.4,13.5153
2578.95,13.4574
2579.5,13.3344
2580.05,11.458
2580.6,12.9501
2581.15,12.1268
2581.7,12.0529
2582.25,12.6184
2582.8,11.5135
2583.35,11.2279
2583.9,12.2761
2584.45,11.7838
2585.0,9.1058
2585.55,9.5229
2586.1,9.5008
2586.65,9.6969
2587.2,9.1452
2587.75,9.7924
2588.3,9.8569
2588.85,9.884
2589.4,9.9298
2589.95,9.8694
2590.5,9.6448
2591.05,9.4929
2591.6,9.2697
2592.15,10.17
2592.7,10.7946
2593.25,10.8335
2593.8,9.3834
2594.35,9.2963
2594.9,9.3981
2595.45,9.5764
2596.0,10.1325
2596.55,9.5435
2597.1,9.4393
2597.65,10.7749
2598.2,11.9117
2598.75,13.0032
2599.3,11.4811
2599.85,10.396
2600.4,12.3409
2600.95,11.0672
2601.5,11.6093
2602.05,11.5441
2602.6,9.3407
2603.15,9.397
2603.7,9.5751
2604.25,11.954
2604.8,9.7075
2605.35,9.4192
2605.9,9.4249
2606.45,9.4374
2607.0,10.1975
2607.55,12.422
2608.1,14.7418
2608.65,10.3426
2609.2,9.3766
2609.75,10.5337
2610.3,13.0065
2610.85,12.9782
2611.4,15.0248
2611.95,14.9808
2612.5,14.5555
2613.05,12.4589
2613.6,12.5329
2614.15,11.8959
2614.7,14.5826
2615.25,13.8782
2615.8,14.7926
2616.35,17.0909
2616.9,14.4665
2617.45,15.0464
2618.0,14.7554
2618.55,14.7349
2619.1,14.6965
2619.65,15.9717
2620.2,14.7688
2620.75,14.7528
2621.3,15.8174
2621.85,13.7182
2622.4,15.7441
2622.95,14.8213
2623.5,14.7043
2624.05,16.1424
2624.6,15.4482
2625.15,17.3308
2625.7,15.6006
2626.25,15.5556
2626.8,13.8658
2627.35,14.026
2627.9,15.0669
2628.45,15.1506
2629.0,13.7299
2629.55,15.4279
2630.1,15.1591
2630.65,16.4573
2631.2,14.161
2631.75,13.4629
2632.3,16.9172
2632.85,15.4774
2633.4,18.7563
2633.95,17.8658
2634.5,18.6225
2635.05,15.9031
2635.6,16.405
2636.15,17.9083
2636.7,18.4187
2637.25,16.4672
2637.8,15.6649
2638.35,17.174
2638.9,18.0209
2639.45,16.7605
2640.0,15.9326
2640.55,16.9544
2641.1,17.3701
2642.75,16.1344
2643.3,16.1781
2643.85,16.1398
2644.4,16.5918
2644.95,16.4354
2645.5,15.4681
2646.05,15.8277
2646.6,14.7464
2647.15,17.532
2647.7,15.3132
2648.25,12.3878
2648.8,9.3193
2649.35,9.2693
2649.9,11.3261
2650.45,11.0186
2651.0,9.217
2651.55,9.2115
2652.1,9.3292
2652.65,9.5136
2653.2,9.6949
2653.75,9.1587
2654.3,9.3594
2654.85,9.7181
2655.4,9.5793
2655.95,9.5258
2656.5,9.2294
2657.05,9.4095
2657.6,9.5918
2658.15,9.5826
2658.7,9.5204
2659.25,9.3525
2659.8,9.5424
2660.35,9.635
2660.9,9.3139
2661.45,9.8483
2662.0,9.8468
2662.55,10.0195
2663.1,9.9018
2663.65,10.0211
2664.2,9.1168
2664.75,9.3115
2665.3,9.4319
2665.85,9.5596
2666.4,12.0718
2666.95,9.5379
2667.5,9.732
2668.05,13.0531
2668.6,10.117
2669.15,11.9585
2669.7,13.2691
2670.25,13.3322
2670.8,11.1481
2671.35,13.4537
2671.9,15.3514
2673.55,13.2488
2674.1,13.6563
2674.65,14.3775
2675.2,15.3611
2675.75,17.1893
2676.3,16.8141
2676.85,16.5402
2677.4,14.9341
2677.95,14.3591
2678.5,14.3059
2680.7,11.7776
2681.25,12.7332
2681.8,12.9245
2682.35,10.5898
2682.9,11.4859
2683.45,11.8279
2685.65,10.4365
2686.2,9.279
2686.75,10.1772
2687.3,9.8725
2687.85,12.8407
2688.4,13.2207
2688.95,12.8547
2689.5,10.4279
2690.05,13.9506
2690.6,13.3458
2691.15,17.7923
2691.7,12.9713
2692.25,13.4693
2692.8,10.4296
2693.35,10.4384
2693.9,12.168
2694.45,13.2442
2695.0,11.1184
2695.55,16.0829
2696.1,13.0951
2696.65,13.879
2697.2,13.6278
2697.75,12.8194
2699.95,11.4334
2700.5,13.0318
2701.05,13.1243
2701.6,16.226
2702.15,12.5765
2702.7,11.0379
2703.25,13.1032
2703.8,11.39
2704.35,12.4383
2704.9,13.8777
2705.45,13.5251
2706.0,12.8185
2706.55,12.9732
2707.1,13.3686
2707.65,11.7295
2708.75,15.8656
2709.3,17.1533
2709.85,13.3821
2710.4,14.2411
2710.95,13.5685
2711.5,12.6624
2712.05,11.0357
2712.6,14.5267
2713.15,13.7164
2713.7,12.16
2714.25,13.6638
2714.8,15.6765
2715.35,14.8625
2715.9,15.7613
2716.45,12.9261
2717.0,12.2825
2717.55,13.3658
2718.1,14.1621
2718.65,14.8831
2719.2,13.8439
2719.75,14.1727
2720.3,15.0247
2720.85,14.212
2721.4,15.2779
2721.95,16.8125
2722.5,17.3166
2723.05,16.0718
2723.6,15.7051
2724.15,16.1911
2724.7,15.5979
2725.25,15.0942
2725.8,15.4933
2726.35,15.1963
2726.9,18.0483
2727.45,15.1336
2728.0,15.1656
2728.55,16.1194
2729.1,15.5653
2729.65,17.3506
2730.2,17.6463
2730.75,20.429
2731.3,17.1884
2731.85,16.3702
2732.4,16.6975
2732.95,15.756
2733.5,16.8297
2734.05,17.6035
2734.6,16.9899
2735.15,15.9303
2735.7,15.0142
2736.25,15.1207
2736.8,15.5538
2737.35,17.6331
2737.9,17.7276
2738.45,17.8437
2739.0,16.3294
2739.55,15.7482
2740.1,16.3792
2740.65,16.9631
2741.2,17.0457
2741.75,17.0593
2742.3,15.3507
2742.85,14.4922
2743.4,15.7639
2743.95,16.3127
2744.5,16.1876
2745.05,16.2342
2745.6,15.7478
2746.15,16.831
2746.7,16.2279
2747.25,15.6607
2747.8,15.8503
2748.35,15.9963
2748.9,16.2957
2749.45,15.731
2750.0,15.0398
2750.55,15.7842
2751.1,10.828
2751.65,9.2386
2752.2,9.601
2752.75,9.3164
2753.3,9.0569
2754.4,13.5776
2754.95,12.9131
2755.5,9.2588
2756.05,8.925
2756.6,9.3887
2757.15,12.4911
2757.7,14.306
2758.25,15.8914
2758.8,15.2569
2759.35,14.2207
2759.9,14.5909
2760.45,14.0507
2761.0,14.6368
2761.55,12.406
2762.1,12.7545
2762.65,12.7299
2763.2,11.6676
2763.75,11.4472
2764.3,11.3754
2764.85,13.2505
2765.4,14.0278
2765.95,13.1239
2766.5,12.331
2767.05,12.4692
2767.6,11.7989
2768.15,11.5687
2768.7,12.8475
2769.25,11.2342
2769.8,10.6149
2770.35,11.0887
2770.9,11.5592
2771.45,12.3591
2772.0,12.3507
2772.55,10.8886
2773.1,9.7058
2773.65,10.1213
2774.2,12.0272
2774.75,13.1425
2775.3,12.2636
2775.85,10.4613
2776.4,10.4218
2776.95,10.9931
2777.5,11.1864
2778.05,10.8247
2778.6,12.0172
2779.15,14.1505
2779.7,16.6366
2780.25,15.9459
2780.8,12.5585
2783.0,11.0935
2783.55,11.2559
2784.1,11.3832
2784.65,12.2852
2785.2,14.7376
2785.75,14.0822
2786.3,13.3119
2786.85,13.8648
2787.4,12.8195
2787.95,14.3591
2788.5,16.3394
2789.05,16.5975
2789.6,16.6726
2790.15,17.6579
2790.7,17.3984
2791.25,17.1234
2791.8,16.7096
2792.35,15.8347
2792.9,16.6012
2793.45,15.8527
2794.0,16.794
2794.55,16.6874
2795.1,16.9031
2795.65,17.9357
2796.2,18.4459
2796.75,14.1963
2797.3,17.9246
2797.85,17.351
2798.4,16.8602
2798.95,16.4669
2799.5,15.8887
2800.05,15.1887
2800.6,14.8394
2801.15,15.8702
2801.7,16.1661
2802.25,15.7637
2802.8,16.2663
2803.35,16.1465
2803.9,15.4716
2804.45,14.1051
2805.0,13.742
2805.55,12.2023
2806.1,11.1685
2806.65,12.0849
2807.2,13.6342
2807.75,13.001
2808.3,11.1017
2808.85,15.3826
2809.4,18.2622
2809.95,18.2005
2810.5,16.6399
2811.05,17.2865
2811.6,18.5696
2812.15,18.2563
2812.7,17.1434
2813.25,17.6093
2813.8,17.4773
2814.35,17.9029
2814.9,16.106
2815.45,16.3474
2816.0,16.5844
2816.55,16.4661
2817.1,16.0367
2817.65,15.9036
2818.2,16.3823
2818.75,16.6293
2819.3,16.1828
2819.85,14.1775
2820.4,14.6827
2820.95,14.9829
2821.5,13.852
2822.05,13.0835
2822.6,14.3662
2823.15,15.011
2823.7,14.6454
2824.25,14.6758
2824.8,14.3856
2825.35,13.5281
2825.9,13.0697
2826.45,12.7001
2827.0,12.8962
2827.55,13.2608
2828.1,13.9987
2828.65,14.0376
2829.2,14.7164
2829.75,15.0748
2830.3,14.8627
2830.85,14.1695
2831.4,13.4009
2831.95,13.4103
2832.5,14.646
2833.05,13.7539
2833.6,15.8853
2834.15,16.306
2834.7,13.959
2835.25,13.4656
2835.8,14.5766
2836.35,15.2549
2836.9,17.4398
2837.45,18.0753
2838.0,18.5802
2838.55,18.8802
2839.1,18.2
2839.65,17.9962
2840.2,18.5322
2840.75,17.9194
2841.3,18.0459
2841.85,17.9967
2842.4,18.5689
2842.95,18.2683
2843.5,18.2814
2844.05,18.108
2844.6,18.1977
2845.15,18.4243
2845.7,18.9772
2846.25,18.1752
2846.8,15.1094
2847.35,13.0998
2847.9,18.4542
2848.45,18.7001
2849.0,17.9379
2849.55,18.6926
2850.1,18.2744
2850.65,18.082
2851.2,17.3173
2851.75,13.355
2852.3,13.7465
2852.85,18.7099
2853.4,15.2944
2853.95,17.6391
2854.5,16.7408
2855.05,13.3662
2855.6,18.3554
2856.15,18.6696
2856.7,19.1812
2857.25,18.4839
2857.8,13.2614
2858.35,9.2119
2858.9,9.0464
2859.45,15.0297
2860.0,18.2703
2860.55,18.6128
2861.1,17.5178
2861.65,12.3328
2862.2,9.5396
2862.75,10.5103
2863.3,9.278
2863.85,9.5454
2864.4,11.8689
2864.95,12.1367
2867.15,9.2905
2867.7,9.2291
2868.25,9.2123
2868.8,9.1192
2869.35,9.2445
2869.9,9.6077
2870.45,11.79
2871.0,8.7516
2871.55,9.1381
2872.1,9.0426
2872.65,9.1871
2873.2,8.8791
2873.75,9.3852
2874.3,9.3671
2874.85,9.7281
2875.4,9.3116
2875.95,9.1542
2876.5,9.239
2877.05,9.358
2877.6,9.2675
2878.15,8.9601
2878.7,8.7947
2879.25,9.1855
2879.8,9.0617
2880.35,9.1765
2880.9,9.4693
2881.45,9.2124
2882.0,10.0284
2882.55,10.2534
2883.1,10.2053
2883.65,10.1127
2884.2,10.0873
2884.75,10.2785
2885.3,9.8377
2885.85,9.7087
2886.4,9.7419
2886.95,9.9723
2887.5,9.7994
2888.05,9.3157
2888.6,9.114
2889.15,9.3396
2889.7,9.6165
2890.25,9.6524
2890.8,9.5902
2891.35,9.8681
2891.9,9.8199
2892.45,9.6684
2893.0,10.0425
2893.55,9.8265
2894.1,9.7906
2894.65,10.1668
2895.2,9.6394
2895.75,9.6369
2896.3,9.661
2896.85,10.2566
2897.4,10.1238
2897.95,9.7392
2898.5,9.1996
2899.05,9.604
2899.6,9.7298
2900.15,9.7343
2900.7,10.0983
2901.25,10.0593
2901.8,9.5594
2902.35,9.6005
2902.9,9.4048
2903.45,9.4177
2904.0,9.555
2904.55,9.1739
2905.1,9.1096
2905.65,8.8849
2906.2,8.9079
2906.75,8.9929
2907.3,8.7839
2907.85,9.0375
2908.4,9.1123
2908.95,8.9033
2909.5,8.9271
2910.05,8.6936
2910.6,9.0304
2911.15,8.9557
2911.7,8.6385
2912.25,8.8022
2912.8,8.9619
2913.35,9.5559
2913.9,8.8858
2914.45,8.5566
2915.0,8.971
2915.55,15.8572
2916.1,18.3137
2916.65,16.1533
2917.2,8.9231
2917.75,9.103
2918.3,9.2083
2918.85,13.6583
2919.4,9.4303
2919.95,9.826
2920.5,9.1842
2921.05,9.3416
2921.6,9.4447
2922.15,9.6399
2922.7,9.7813
2923.25,9.7202
2923.8,9.5937
2924.35,9.6869
2924.9,9.551
2925.45,9.3974
2926.0,9.9738
2926.55,9.4123
2927.1,9.4222
2927.65,9.5965
2928.2,9.5582
2928.75,12.1981
2929.3,10.1509
2929.85,9.098
2930.4,15.686
2930.95,9.3126
2931.5,9.8136
2932.05,10.1326
2932.6,9.0959
2933.15,11.2506
2933.7,14.9049
2934.25,13.6154
2934.8,10.3839
2935.35,9.0076
2935.9,9.6473
2936.45,9.3845
2937.0,8.9932
2937.55,8.7768
2938.1,8.8792
2938.65,8.9847
2939.2,8.9741
2939.75,8.912
2940.3,9.0169
2940.85,9.2733
2941.4,8.5758
2941.95,8.6164
2942.5,8.6646
2943.05,8.9551
2943.6,8.9438
2944.15,8.859
2944.7,9.554
2945.25,9.3694
2945.8,8.801
2946.35,9.0637
2946.9,9.7935
2947.45,12.0104
2948.0,13.3206
2948.55,11.129
2949.1,9.0408
2949.65,8.7367
2950.2,8.8451
2950.75,8.7187
2951.3,8.848
2951.85,9.0561
2952.4,9.7897
2952.95,9.2106
2953.5,9.3511
2954.05,9.2756
2954.6,9.094
2955.15,9.0112
2955.7,9.0364
2956.25,9.2152
2956.8,9.2163
2957.35,10.2677
2957.9,9.2462
2958.45,9.7564
2959.0,11.9926
2959.55,9.7069
2960.1,10.1688
2960.65,13.3376
2961.2,12.3345
2961.75,12.3802
2962.3,12.7244
2962.85,12.0856
2963.4,9.3197
2963.95,9.6424
2964.5,9.65
2965.05,10.1522
2965.6,9.2275
2966.15,9.4631
2966.7,9.8985
2967.25,11.5792
2967.8,9.0788
2968.35,10.9762
2968.9,11.3433
2969.45,11.9222
2970.0,10.2712
2970.55,11.1525
2971.1,11.8606
2971.65,10.5737
2972.2,11.0131
2972.75,11.699
2973.3,12.3336
2973.85,12.809
2974.4,10.4139
2974.95,10.469
2975.5,11.9063
2976.05,9.3529
2976.6,10.858
2977.15,11.3758
2977.7,9.0173
2978.25,8.8516
2978.8,8.9824
2979.35,9.1953
2979.9,8.9502
2980.45,8.8346
2981.0,9.013
2981.55,9.0039
2982.1,9.3406
2982.65,8.9847
2983.2,8.9851
2983.75,9.2289
2984.3,9.0427
2984.85,8.9337
2985.4,8.9967
2985.95,8.8313
2986.5,9.0245
2987.05,8.8346
2987.6,9.0136
2988.15,8.9585
2988.7,9.3234
2989.25,9.2226
2989.8,9.0794
2990.35,8.486
2990.9,8.8508
2991.45,8.8022
2992.0,8.8419
2992.55,9.3249
2993.1,9.3734
2993.65,9.6535
2994.2,9.6358
2994.75,9.6644
2995.3,9.3414
2995.85,8.9225
2996.4,8.9667
2996.95,8.9723
2997.5,9.3709
2998.05,9.3769
2998.6,8.9809
2999.15,8.785
2999.7,9.0427
3000.25,9.1473
3000.8,8.9038
3001.35,8.9681
3001.9,9.1614
3002.45,9.2023
3003.0,9.1799
3003.55,9.045
3004.1,9.1699
3004.65,9.2277
3005.2,9.2999
3005.75,9.2371
3006.3,9.251
3006.85,9.0646
3007.4,8.9103
3007.95,9.2337
3008.5,9.133
3009.05,8.8887
3009.6,8.9712
3010.15,8.8949
3010.7,9.5269
3011.25,9.8139
3011.8,9.0342
3012.35,10.0949
3012.9,15.9359
3013.45,13.9479
3014.0,10.8094
3014.55,10.537
3015.1,10.2852
3015.65,9.8483
3016.2,9.9748
3016.75,9.9365
3017.3,9.101
3017.85,9.3248
3018.4,9.3229
3018.95,9.1028
3019.5,8.8941
3020.05,8.9679
3020.6,8.911
3021.15,8.9069
3021.7,9.0946
