#PROGRAM: dep90.pas
#PROT: N: 49
#PROT: TE: -27.7
#PROT: T: 26.400
#PROT: DB: 1650 78.00 # end of core
#PROT: DB: 550 78.00 # bag cut
#PROT: DB: 1100 78.00 # bag cut
#PROT: DB: 930 78.00
# depth c250k g250k c200k g200k c100k g100k c50k g50k 
    26.405   0.113442  37.922600   0.113770  37.738200   0.116710  37.008200   0.125554  35.848700 
    26.410   0.129681  46.455100   0.130076  46.298500   0.133689  45.438200   0.144664  44.062800 
    26.415   0.134693  49.725200   0.135162  49.542200   0.139456  48.587600   0.152511  46.899000 
    26.420   0.136958  53.635600   0.137614  53.356000   0.143117  52.046000   0.159166  49.671600 
    26.425   0.138162  55.101300   0.138864  54.846500   0.144676  53.460200   0.161673  50.953100 
    26.430   0.138736  55.203300   0.139401  54.966700   0.144933  53.735200   0.161562  51.464100 
    26.435   0.139430  56.206600   0.140102  55.973300   0.145668  54.712400   0.162467  52.482400 
    26.440   0.140175  57.171500   0.140841  56.927000   0.146402  55.687700   0.163269  53.474000 
    26.445   0.140209  57.406200   0.140861  57.178700   0.146358  55.974100   0.163133  53.842500 
    26.450   0.140226  57.605900   0.140884  57.387400   0.146304  56.199600   0.162975  54.136800 
    26.455   0.140866  58.595800   0.141525  58.370000   0.147009  57.191600   0.164010  55.160300 
    26.460   0.141862  60.677500   0.142582  60.428500   0.148466  59.162300   0.166579  56.967500 
    26.465   0.142252  62.638100   0.143029  62.356200   0.149470  60.964500   0.169141  58.528700 
    26.470   0.142485  64.436900   0.143329  64.170400   0.150220  62.668800   0.171233  60.031700 
    26.475   0.142871  66.058900   0.143755  65.793000   0.150895  64.264500   0.172805  61.553800 
    26.480   0.143061  67.259700   0.143959  66.970600   0.151331  65.416500   0.173962  62.634100 
    26.485   0.143172  68.550100   0.144146  68.227500   0.151940  66.547000   0.175614  63.558800 
    26.490   0.142976  69.620500   0.144030  69.288800   0.152280  67.422000   0.177104  64.169000 
    26.495   0.142685  70.276500   0.143805  69.925300   0.152403  67.912600   0.177881  64.428200 
    26.500   0.142571  70.684900   0.143703  70.286700   0.152473  68.201000   0.178183  64.641000 
    26.505   0.142500  70.928300   0.143606  70.540300   0.152359  68.471100   0.178007  64.913500 
    26.510   0.142499  70.928600   0.143583  70.558000   0.152151  68.549800   0.177428  65.109400 
    26.515   0.142517  70.489200   0.143558  70.157000   0.151847  68.173000   0.176393  64.908800 
    26.520   0.142637  69.965400   0.143668  69.594700   0.151710  67.724800   0.175559  64.620800 
    26.525   0.142970  69.568300   0.143950  69.236600   0.151790  67.488000   0.175221  64.477600 
    26.530   0.143148  69.229300   0.144103  68.875600   0.151693  67.235200   0.174651  64.384900 
    26.535   0.143284  69.039600   0.144216  68.748900   0.151646  67.124700   0.174206  64.381400 
    26.540   0.143670  69.225300   0.144565  68.873800   0.151860  67.374800   0.174147  64.689800 
    26.545   0.143915  69.427600   0.144808  69.150600   0.151968  67.625600   0.174054  65.076700 
    26.550   0.143770  69.668500   0.144685  69.354700   0.151938  67.799400   0.174219  65.193700 
    26.555   0.143264  70.065200   0.144222  69.748700   0.151849  68.056500   0.174738  65.192800 
    26.560   0.142891  70.651500   0.143880  70.302100   0.151771  68.458500   0.174955  65.461000 
    26.565   0.142612  70.824800   0.143592  70.480400   0.151515  68.612600   0.174802  65.622000 
    26.570   0.142070  70.867900   0.143088  70.517700   0.151062  68.611900   0.174505  65.563900 
    26.575   0.141979  71.494900   0.143030  71.128400   0.151272  69.174700   0.175372  65.976700 
    26.580   0.142326  72.367600   0.143444  71.995500   0.151901  69.995800   0.176607  66.712300 
    26.585   0.142393  72.633600   0.143498  72.261100   0.151998  70.254400   0.176901  66.938800 
    26.590   0.142155  72.429500   0.143226  72.075900   0.151556  70.113800   0.176099  66.929400 
    26.595   0.142184  72.805300   0.143255  72.444900   0.151573  70.455100   0.176001  67.299300 
    26.600   0.142226  73.354000   0.143330  72.953700   0.151885  70.867400   0.176600  67.572300 
    26.605   0.142241  73.132700   0.143359  72.747400   0.151853  70.673800   0.176488  67.368600 
    26.610   0.141977  71.998300   0.143026  71.618000   0.151234  69.665000   0.175293  66.539100 
    26.615   0.141483  71.127800   0.142532  70.769000   0.150605  68.852800   0.174303  65.759800 
    26.620   0.141692  71.735300   0.142766  71.338700   0.151073  69.291200   0.175129  66.023800 
    26.625   0.141871  71.761700   0.142980  71.346500   0.151342  69.238400   0.175331  65.873200 
    26.630   0.141877  70.100800   0.142881  69.731900   0.150721  67.790900   0.173240  64.714300 
    26.635   0.141996  67.209600   0.142817  66.910500   0.149469  65.360300   0.169281  62.938900 
    26.640   0.142400  64.839100   0.143082  64.576800   0.148771  63.348100   0.166306  61.457300 
    26.645   0.142801  63.855200   0.143439  63.625900   0.148837  62.457600   0.165495  60.699400 
    26.650   0.142560  63.009200   0.143186  62.787900   0.148496  61.636000   0.164774  59.883500 
    26.655   0.141778  62.596800   0.142436  62.355000   0.147932  61.135300   0.164688  59.184800 
    26.660   0.141418  62.758700   0.142095  62.507800   0.147819  61.259400   0.165158  59.179200 
    26.665   0.141984  64.690100   0.142753  64.434900   0.149099  62.988800   0.168132  60.597000 
    26.670   0.142598  67.698400   0.143529  67.360000   0.150933  65.600900   0.172447  62.601600 
    26.675   0.142393  68.624500   0.143369  68.292600   0.151001  66.438400   0.173096  63.349600 
    26.680   0.141758  68.218700   0.142666  67.898600   0.150091  66.095900   0.171646  63.151500 
    26.685   0.141128  67.747400   0.142051  67.414500   0.149357  65.649600   0.170571  62.745800 
    26.690   0.140757  67.412800   0.141680  67.081600   0.148878  65.351700   0.169855  62.498000 
    26.695   0.140911  67.536000   0.141813  67.227600   0.148965  65.505900   0.169794  62.709100 
    26.700   0.141270  67.779200   0.142155  67.464400   0.149306  65.767300   0.170224  63.036100 
    26.705   0.142150  68.655500   0.143072  68.357300   0.150346  66.664900   0.171852  63.864200 
    26.710   0.142732  69.933900   0.143708  69.580200   0.151389  67.741800   0.173893  64.752500 
    26.715   0.142939  71.056800   0.143986  70.650100   0.152089  68.613500   0.175510  65.397600 
    26.720   0.143298  71.972100   0.144377  71.537200   0.152602  69.501600   0.176589  66.276300 
    26.725   0.143169  72.285500   0.144198  71.938900   0.152499  69.961800   0.176811  66.762300 
    26.730   0.142836  72.773800   0.143927  72.399800   0.152407  70.377500   0.177319  67.079100 
    26.735   0.143209  74.048200   0.144375  73.625100   0.153200  71.472900   0.178908  68.033600 
    26.740   0.143740  75.167600   0.144930  74.745800   0.153990  72.528700   0.180307  68.983700 
    26.745   0.143417  75.372700   0.144610  74.967400   0.153769  72.750400   0.180469  69.170400 
    26.750   0.143096  75.635700   0.144314  75.232200   0.153625  72.994400   0.181009  69.383600 
    26.755   0.143991  77.072800   0.145259  76.634900   0.154942  74.345500   0.183510  70.578000 
    26.760   0.145172  78.678200   0.146468  78.220200   0.156500  75.901100   0.186165  71.942900 
    26.765   0.145590  79.327600   0.146881  78.891200   0.156961  76.532700   0.186982  72.618900 
    26.770   0.145600  79.415300   0.146887  78.995100   0.156914  76.657600   0.186899  72.797800 
    26.775   0.145209  78.851900   0.146497  78.433100   0.156490  76.178500   0.186208  72.291300 
    26.780   0.144583  77.866800   0.145855  77.421000   0.155643  75.164700   0.184906  71.402900 
    26.785   0.144177  77.277200   0.145452  76.850600   0.155238  74.548600   0.184377  70.759700 
    26.790   0.144017  76.928600   0.145317  76.470700   0.155228  74.079100   0.184315  70.192000 
    26.795   0.144264  76.306700   0.145538  75.868900   0.155352  73.511600   0.184158  69.598000 
    26.800   0.144097  75.172200   0.145343  74.776000   0.155049  72.426900   0.183275  68.519400 
    26.805   0.143428  73.288500   0.144631  72.871500   0.154018  70.611600   0.181190  66.759000 
    26.810   0.142928  70.236000   0.144021  69.884300   0.152568  67.861500   0.177724  64.400900 
    26.815   0.142394  66.616900   0.143330  66.313600   0.150929  64.587200   0.173615  61.583600 
    26.820   0.142132  63.357400   0.142963  63.054900   0.149736  61.563600   0.170157  58.900500 
    26.825   0.142279  60.301000   0.142995  60.055500   0.149022  58.685100   0.167312  56.363400 
    26.830   0.142438  57.130500   0.143053  56.865100   0.148224  55.690000   0.164230  53.712100 
    26.835   0.142222  53.304100   0.142684  53.113200   0.146847  52.209200   0.160151  50.741000 
    26.840   0.141687  50.966000   0.142090  50.774900   0.145904  50.093300   0.158055  48.640100 
    26.845   0.141234  50.137600   0.141647  49.969300   0.145470  49.172400   0.157699  47.777900 
    26.850   0.141101  49.461500   0.141472  49.341500   0.145207  48.612100   0.157342  47.229200 
    26.855   0.140881  49.499100   0.141277  49.360300   0.145170  48.608500   0.157751  47.109100 
    26.860   0.140447  49.962800   0.140886  49.794100   0.145112  48.961800   0.158532  47.284800 
    26.865   0.140652  50.928200   0.141140  50.767900   0.145686  49.947000   0.159887  48.070500 
    26.870   0.140885  51.826500   0.141410  51.636600   0.146157  50.668600   0.161102  48.738400 
    26.875   0.140872  52.762700   0.141451  52.571800   0.146501  51.515400   0.162303  49.431600 
    26.880   0.140826  53.816800   0.141437  53.621300   0.146917  52.449300   0.163757  50.132600 
    26.885   0.140738  54.306100   0.141394  54.092900   0.147155  52.823800   0.164515  50.359300 
    26.890   0.140873  53.941200   0.141541  53.698000   0.147179  52.462000   0.164365  50.011900 
    26.895   0.141224  52.419700   0.141807  52.209300   0.146941  51.101600   0.162781  48.979700 
    26.900   0.142653  51.078200   0.143130  50.905600   0.147595  50.041400   0.162044  48.298900 
    26.905   0.144616  51.001100   0.145052  50.849500   0.149218  50.056600   0.163061  48.524800 
    26.910   0.145239  50.790000   0.145655  50.638700   0.149745  49.871000   0.163401  48.382100 
    26.915   0.144966  50.107900   0.145374  49.964500   0.149432  49.319700   0.162770  47.753100 
    26.920   0.145029  49.738400   0.145431  49.577100   0.149434  48.891800   0.162745  47.371600 
    26.925   0.145495  49.752500   0.145908  49.615000   0.149974  48.918300   0.163393  47.348300 
    26.930   0.145542  49.533900   0.145939  49.369900   0.150025  48.636000   0.163482  47.122000 
    26.935   0.145436  49.253100   0.145860  49.098600   0.149887  48.295200   0.163399  46.698200 
    26.940   0.145521  49.141300   0.145961  48.965500   0.150066  48.120300   0.163659  46.494700 
    26.945   0.144057  48.711900   0.144540  48.491900   0.148774  47.538300   0.162411  45.863000 
    26.950   0.139691  47.223300   0.140199  46.964500   0.144440  45.892800   0.157821  44.151500 
    26.955   0.140643  47.938800   0.141111  47.709300   0.145345  46.691100   0.158663  44.994400 
    26.960   0.144961  49.848300   0.145388  49.656100   0.149504  48.860000   0.162911  47.263500 
    26.965   0.145803  50.343700   0.146213  50.165300   0.150137  49.474600   0.163253  48.089900 
    26.970   0.145934  50.981700   0.146342  50.843300   0.150227  50.114200   0.163388  48.769500 
    26.975   0.145487  52.046000   0.145923  51.885100   0.150109  51.097400   0.163947  49.622000 
    26.980   0.145286  53.270100   0.145797  53.123500   0.150184  52.299300   0.164688  50.723200 
    26.985   0.145781  54.803100   0.146262  54.629000   0.150766  53.836700   0.165870  52.282800 
    26.990   0.146133  57.361400   0.146673  57.202700   0.151791  56.232500   0.168579  54.421000 
    26.995   0.145681  60.458800   0.146363  60.217500   0.152436  58.975600   0.171607  56.677500 
    27.000   0.145097  63.362800   0.145935  63.084600   0.152962  61.547700   0.174283  58.732300 
    27.005   0.145235  65.938700   0.146184  65.628300   0.153861  63.910100   0.176931  60.757100 
    27.010   0.145363  67.557000   0.146359  67.226400   0.154410  65.416300   0.178481  62.116000 
    27.015   0.145271  68.349000   0.146283  67.998600   0.154487  66.128200   0.179024  62.798500 
    27.020   0.145363  68.844300   0.146380  68.495100   0.154557  66.649400   0.179222  63.364700 
    27.025   0.145586  69.201100   0.146601  68.860400   0.154635  67.052700   0.179000  63.889800 
    27.030   0.145327  68.812900   0.146296  68.497900   0.154133  66.760900   0.177887  63.715300 
    27.035   0.145047  68.137300   0.145991  67.825300   0.153590  66.142400   0.176737  63.223800 
    27.040   0.145123  67.782600   0.146041  67.473400   0.153545  65.839600   0.176412  62.970600 
    27.045   0.145057  67.544700   0.145997  67.234800   0.153576  65.575200   0.176515  62.601100 
    27.050   0.144682  67.029400   0.145610  66.729800   0.153237  65.010800   0.176145  61.966500 
    27.055   0.144618  66.174000   0.145531  65.878300   0.152935  64.249800   0.175301  61.271000 
    27.060   0.144672  65.440700   0.145563  65.151500   0.152892  63.518900   0.174960  60.546400 
    27.065   0.144311  63.985900   0.145197  63.699000   0.152374  62.096000   0.173786  59.141300 
    27.070   0.143776  61.249500   0.144536  60.962100   0.151006  59.486100   0.170606  56.924900 
    27.075   0.143305  57.935500   0.143942  57.737100   0.149430  56.587900   0.166585  54.439400 
    27.080   0.143274  54.824500   0.143767  54.666400   0.148263  53.785100   0.162761  52.207200 
    27.085   0.143625  54.230200   0.144084  54.060600   0.148444  53.229200   0.162432  51.675800 
    27.090   0.143875  55.517700   0.144416  55.315700   0.149274  54.326500   0.164540  52.446700 
    27.095   0.143895  55.920200   0.144462  55.727100   0.149543  54.675500   0.165280  52.667300 
    27.100   0.143983  56.048300   0.144564  55.861900   0.149738  54.788300   0.165816  52.730900 
    27.105   0.144055  56.111700   0.144658  55.918800   0.149928  54.816100   0.166263  52.691800 
    27.110   0.143655  55.633400   0.144251  55.437600   0.149547  54.296000   0.165809  52.128900 
    27.115   0.142943  54.426300   0.143524  54.234500   0.148648  53.140600   0.164340  51.033300 
    27.120   0.143127  53.232300   0.143643  53.047900   0.148327  52.069300   0.162937  50.178400 
    27.125   0.143806  52.563200   0.144258  52.407600   0.148568  51.516600   0.162325  49.865200 
    27.130   0.144023  52.236900   0.144443  52.101700   0.148636  51.257000   0.161929  49.674500 
    27.135   0.144067  51.773300   0.144469  51.648400   0.148470  50.857100   0.161305  49.343600 
    27.140   0.143717  50.955000   0.144086  50.858300   0.147824  50.064600   0.160136  48.746400 
    27.145   0.143604  51.013400   0.143945  50.914400   0.147627  50.141000   0.159857  48.921400 
    27.150   0.143578  53.197200   0.144058  53.048100   0.148476  52.149100   0.162584  50.470300 
    27.155   0.143006  56.140300   0.143662  55.928300   0.149311  54.656300   0.166313  52.262000 
    27.160   0.142554  57.175000   0.143258  56.937600   0.149287  55.601700   0.167277  53.035700 
    27.165   0.142367  57.189400   0.143035  56.966900   0.148821  55.707400   0.166415  53.326200 
    27.170   0.142845  58.470200   0.143553  58.261000   0.149507  56.986700   0.167638  54.532900 
    27.175   0.143213  59.622200   0.143949  59.383700   0.150106  58.059800   0.168820  55.521000 
    27.180   0.142821  59.968400   0.143571  59.710300   0.149849  58.371500   0.168749  55.770800 
    27.185   0.142939  60.373800   0.143672  60.130200   0.149961  58.755800   0.168882  56.201800 
    27.190   0.143555  60.287300   0.144272  60.057000   0.150304  58.777100   0.168778  56.371100 
    27.195   0.143786  59.447400   0.144440  59.255300   0.150069  58.124800   0.167605  55.998800 
    27.200   0.144007  59.281200   0.144611  59.107900   0.150029  58.035800   0.167216  56.068000 
    27.205   0.144470  60.931900   0.145130  60.711900   0.151008  59.470200   0.169313  57.257200 
    27.210   0.144544  62.777300   0.145336  62.514800   0.151896  61.127000   0.171667  58.487100 
    27.215   0.144291  63.547500   0.145109  63.272700   0.151950  61.778000   0.172424  58.977200 
    27.220   0.144168  63.721100   0.144999  63.465600   0.151860  61.946600   0.172413  59.162600 
    27.225   0.144336  63.765300   0.145164  63.538400   0.151950  62.046800   0.172354  59.286500 
    27.230   0.145039  64.205800   0.145869  63.928300   0.152623  62.419800   0.172981  59.705700 
    27.235   0.145318  64.128600   0.146151  63.860000   0.152826  62.348800   0.172959  59.672700 
    27.240   0.145333  63.711200   0.146135  63.435200   0.152704  61.982400   0.172526  59.363700 
    27.245   0.145512  63.436100   0.146283  63.185300   0.152781  61.741700   0.172364  59.162300 
    27.250   0.145341  63.034300   0.146114  62.783900   0.152567  61.363700   0.171974  58.778200 
    27.255   0.145565  62.801100   0.146321  62.596100   0.152706  61.163800   0.172102  58.628100 
    27.260   0.146518  62.469500   0.147240  62.287500   0.153402  60.966400   0.172310  58.558400 
    27.265   0.147363  62.303800   0.148068  62.095600   0.154078  60.805800   0.172696  58.459600 
    27.270   0.146923  61.693300   0.147655  61.436300   0.153723  60.076900   0.171963  57.650100 
    27.275   0.146481  59.793900   0.147136  59.553400   0.152789  58.290500   0.169844  56.032300 
    27.280   0.146512  57.181100   0.147064  56.987200   0.151912  55.968700   0.167121  54.118400 
    27.285   0.146835  55.184600   0.147289  55.003700   0.151553  54.169600   0.165346  52.619000 
    27.290   0.146767  53.970500   0.147209  53.808200   0.151129  53.015100   0.164358  51.547100 
    27.295   0.145856  53.214300   0.146300  53.051600   0.150492  52.170500   0.163687  50.559000 
    27.300   0.144671  52.770600   0.145170  52.585300   0.149621  51.594900   0.163224  49.788900 
    27.305   0.144142  52.562600   0.144650  52.370000   0.149227  51.368600   0.163164  49.433700 
    27.310   0.144027  52.156100   0.144517  51.963100   0.149092  50.995200   0.163126  49.071400 
    27.315   0.143381  51.091600   0.143888  50.923100   0.148368  49.920900   0.162105  48.082600 
    27.320   0.141816  49.268400   0.142310  49.094600   0.146555  48.162700   0.159754  46.296300 
    27.325   0.139691  48.095800   0.140147  47.914100   0.144235  46.989500   0.156795  45.277200 
    27.330   0.142162  50.670600   0.142641  50.500500   0.146911  49.639100   0.159832  47.807500 
    27.335   0.145576  53.858700   0.146080  53.692600   0.150567  52.716200   0.164385  50.863900 
    27.340   0.145850  55.060200   0.146377  54.909800   0.151049  53.902500   0.165366  51.968700 
    27.345   0.145499  55.554700   0.146011  55.415800   0.150899  54.377800   0.165677  52.361400 
    27.350   0.145613  56.253900   0.146172  56.068800   0.151223  54.981600   0.166498  52.848500 
    27.355   0.145963  56.579600   0.146545  56.401100   0.151672  55.292300   0.167063  53.096700 
    27.360   0.145665  54.961300   0.146181  54.793700   0.150807  53.795800   0.164936  51.880200 
    27.365   0.145465  52.376500   0.145859  52.212300   0.149537  51.503000   0.161354  50.171000 
    27.370   0.146029  53.589500   0.146461  53.461800   0.150428  52.644900   0.162888  51.133500 
    27.375   0.146481  57.158900   0.147084  56.972000   0.152277  55.764200   0.167552  53.521300 
    27.380   0.146598  58.000100   0.147248  57.769200   0.152732  56.466800   0.168482  54.058800 
    27.385   0.146379  55.154200   0.146871  54.981500   0.151230  54.010800   0.164366  52.205000 
    27.390   0.145959  51.371200   0.146241  51.292300   0.149216  50.674200   0.158917  49.678400 
    27.395   0.146095  50.917200   0.146351  50.831200   0.149057  50.319200   0.158034  49.447900 
    27.400   0.146050  53.754400   0.146436  53.633600   0.149991  52.868300   0.161083  51.529700 
    27.405   0.145728  57.181400   0.146265  57.005800   0.150954  55.938200   0.164816  53.979100 
    27.410   0.144889  59.061200   0.145545  58.840700   0.150923  57.567700   0.166564  55.226700 
    27.415   0.144295  59.872900   0.144981  59.663000   0.150632  58.300000   0.167028  55.866000 
    27.420   0.144687  60.876900   0.145353  60.630200   0.151024  59.300400   0.167612  56.929700 
    27.425   0.145565  62.206000   0.146251  62.028700   0.151960  60.667300   0.168799  58.328300 
    27.430   0.145983  62.908900   0.146681  62.666400   0.152351  61.406700   0.169245  59.104100 
    27.435   0.145532  62.622600   0.146207  62.494700   0.151762  61.164500   0.168287  58.935000 
    27.440   0.145072  62.150900   0.145724  61.984000   0.151182  60.690400   0.167258  58.531500 
    27.445   0.145260  61.891100   0.145883  61.697000   0.151166  60.476600   0.166915  58.420900 
    27.450   0.145731  61.671100   0.146320  61.478400   0.151429  60.337200   0.166745  58.381300 
    27.455   0.146068  61.455000   0.146679  61.264900   0.151736  60.150000   0.167024  58.228100 
    27.460   0.146540  61.652200   0.147149  61.439000   0.152336  60.309100   0.167957  58.319200 
    27.465   0.147855  61.718800   0.148432  61.547400   0.153495  60.482000   0.169059  58.623400 
    27.470   0.149497  61.857700   0.150063  61.690000   0.154840  60.778100   0.170228  59.120800 
    27.475   0.150049  62.242800   0.150584  62.071800   0.155397  61.188700   0.170909  59.572000 
    27.480   0.149463  62.637600   0.150027  62.486200   0.155033  61.535100   0.171121  59.850700 
    27.485   0.148444  63.729700   0.149085  63.519500   0.154690  62.377900   0.172337  60.341000 
    27.490   0.147912  65.365100   0.148711  65.106300   0.155156  63.720200   0.174839  61.183200 
    27.495   0.148063  67.053100   0.148970  66.746400   0.156183  65.050900   0.177797  62.103800 
    27.500   0.147581  67.938800   0.148588  67.548100   0.156297  65.679100   0.179114  62.459400 
    27.505   0.147489  68.718300   0.148500  68.363700   0.156281  66.551900   0.179603  63.356800 
    27.510   0.147931  70.107600   0.148902  69.754300   0.156757  68.046500   0.180650  64.956700 
    27.515   0.147514  71.297000   0.148528  70.988600   0.156564  69.240700   0.180995  66.108700 
    27.520   0.146391  72.304000   0.147486  71.972500   0.155929  70.028200   0.181221  66.665700 
    27.525   0.145270  72.892500   0.146417  72.492500   0.155250  70.386700   0.181138  66.822200 
    27.530   0.145135  73.256000   0.146302  72.888600   0.155243  70.794600   0.181459  67.183600 
    27.535   0.144787  72.801200   0.145918  72.408500   0.154637  70.376600   0.180474  66.877900 
    27.540   0.144419  71.772900   0.145493  71.407400   0.153951  69.491800   0.178853  66.152400 
    27.545   0.144293  70.754100   0.145327  70.436800   0.153414  68.599900   0.177441  65.401600 
    27.550   0.143635  69.221300   0.144620  68.922300   0.152346  67.217700   0.175395  64.179700 
    27.555   0.142596  67.384600   0.143511  67.086500   0.150905  65.429800   0.172800  62.570100 
    27.560   0.142046  65.953700   0.142945  65.673800   0.150029  64.096100   0.171140  61.345800 
    27.565   0.142293  65.141200   0.143148  64.858700   0.150037  63.361800   0.170715  60.722200 
    27.570   0.142479  64.820800   0.143326  64.556200   0.150174  63.062700   0.170783  60.416700 
    27.575   0.142774  64.934400   0.143630  64.678700   0.150621  63.137100   0.171589  60.405100 
    27.580   0.143346  64.979900   0.144223  64.721200   0.151270  63.189400   0.172478  60.403700 
    27.585   0.143866  64.871300   0.144735  64.631400   0.151752  63.098700   0.173041  60.305700 
    27.590   0.143853  64.664100   0.144723  64.394200   0.151854  62.851300   0.173321  59.980400 
    27.595   0.143098  64.007700   0.143990  63.735700   0.151280  62.110100   0.172852  59.125400 
    27.600   0.142664  62.757400   0.143545  62.461500   0.150713  60.885700   0.171857  57.898500 
    27.605   0.142772  60.906800   0.143589  60.648900   0.150216  59.229800   0.170051  56.498100 
    27.610   0.142425  58.305900   0.143141  58.089100   0.149080  56.810500   0.167096  54.425200 
    27.615   0.142476  55.808500   0.143111  55.619100   0.148348  54.545900   0.164553  52.438100 
    27.620   0.142681  53.191300   0.143202  53.022700   0.147758  52.124300   0.162036  50.377500 
    27.625   0.142559  51.349100   0.143053  51.190700   0.147347  50.284800   0.160797  48.608700 
    27.630   0.142507  48.978000   0.142915  48.850600   0.146717  48.079400   0.158709  46.533000 
    27.635   0.142202  46.083300   0.142495  45.998000   0.145496  45.442100   0.155429  44.373600 
    27.640   0.141958  45.613300   0.142251  45.516700   0.145350  44.939000   0.155335  43.781700 
    27.645   0.141714  45.857000   0.142047  45.779400   0.145398  45.108300   0.156021  43.785800 
    27.650   0.141691  45.629300   0.142019  45.533400   0.145352  44.912300   0.155962  43.576800 
    27.655   0.141875  45.449000   0.142187  45.358800   0.145446  44.741100   0.155874  43.445300 
    27.660   0.141943  45.359400   0.142240  45.281200   0.145458  44.681900   0.155834  43.424100 
    27.665   0.141432  45.126500   0.141748  45.049800   0.144913  44.466900   0.155303  43.246000 
    27.670   0.141371  45.523200   0.141691  45.433800   0.144894  44.871200   0.155439  43.686200 
    27.675   0.142276  47.687500   0.142657  47.601300   0.146308  46.932500   0.158225  45.552100 
    27.680   0.143554  50.923900   0.144036  50.791300   0.148518  49.910600   0.162643  48.192100 
    27.685   0.144545  53.146100   0.145098  53.017200   0.150133  52.011400   0.165731  49.958800 
    27.690   0.144564  53.557100   0.145126  53.412700   0.150213  52.416700   0.166113  50.346300 
    27.695   0.144440  53.310800   0.144987  53.167300   0.150014  52.175400   0.165641  50.142200 
    27.700   0.144194  52.242400   0.144703  52.109200   0.149419  51.205600   0.164329  49.285100 
    27.705   0.143618  50.692500   0.144090  50.572600   0.148529  49.776500   0.162335  47.999300 
    27.710   0.143730  49.513600   0.144192  49.379000   0.148317  48.597600   0.161340  46.933900 
    27.715   0.144863  47.890300   0.145220  47.801100   0.148677  47.176000   0.159973  45.876500 
    27.720   0.145507  46.407900   0.145790  46.328000   0.148691  45.841200   0.158569  44.814300 
    27.725   0.145271  45.880400   0.145558  45.806500   0.148405  45.297100   0.157974  44.291000 
    27.730   0.145597  45.708000   0.145873  45.627200   0.148617  45.145300   0.157825  44.212200 
    27.735   0.146569  45.871700   0.146792  45.809500   0.149291  45.403500   0.157958  44.680100 
    27.740   0.147454  47.905700   0.147697  47.829800   0.150475  47.412300   0.160011  46.591100 
    27.745   0.147782  52.002600   0.148166  51.902100   0.151907  51.273400   0.164249  50.010000 
    27.750   0.147512  56.164900   0.148056  56.035500   0.152907  55.096000   0.168165  53.275100 
    27.755   0.147013  58.990700   0.147669  58.806500   0.153206  57.718500   0.170362  55.569500 
    27.760   0.146720  60.830300   0.147437  60.626000   0.153406  59.425700   0.171849  57.101200 
    27.765   0.146288  62.131800   0.147039  61.950700   0.153374  60.647200   0.172732  58.202000 
    27.770   0.145819  63.115300   0.146605  62.903200   0.153080  61.589100   0.173135  59.104600 
    27.775   0.145589  64.837500   0.146421  64.594800   0.153354  63.166400   0.174426  60.481900 
    27.780   0.145191  66.914600   0.146153  66.634600   0.153716  64.968600   0.176244  61.919600 
    27.785   0.144557  67.618900   0.145576  67.325200   0.153458  65.522800   0.176602  62.311000 
    27.790   0.144572  67.968300   0.145580  67.667200   0.153486  65.884300   0.176867  62.674100 
    27.795   0.145197  68.870500   0.146202  68.578100   0.154172  66.803500   0.177650  63.577500 
    27.800   0.144810  68.261900   0.145792  67.979100   0.153517  66.241400   0.176291  63.135900 
    27.805   0.144173  66.261600   0.145070  65.971000   0.152211  64.381600   0.173426  61.585300 
    27.810   0.144251  64.396000   0.145056  64.151100   0.151503  62.768500   0.170898  60.304300 
    27.815   0.144271  62.546000   0.144979  62.411700   0.150784  61.149800   0.168561  59.024500 
    27.820   0.143938  60.795600   0.144573  60.592300   0.149903  59.486600   0.166323  57.602500 
    27.825   0.143831  59.714400   0.144433  59.533200   0.149526  58.517800   0.165175  56.683400 
    27.830   0.143910  59.372400   0.144496  59.218700   0.149496  58.198800   0.164860  56.400200 
    27.835   0.143827  59.434700   0.144404  59.263300   0.149461  58.246700   0.164902  56.413800 
    27.840   0.143913  60.138500   0.144524  59.954400   0.149746  58.865600   0.165599  56.947400 
    27.845   0.144329  61.420000   0.145001  61.220900   0.150474  60.083700   0.167128  58.007300 
    27.850   0.144735  62.823500   0.145450  62.605500   0.151308  61.368600   0.168910  59.129600 
    27.855   0.145112  64.158600   0.145883  63.939000   0.152072  62.559600   0.170463  60.172700 
    27.860   0.145332  64.607700   0.146092  64.368200   0.152290  63.024400   0.170726  60.646200 
    27.865   0.145188  63.724800   0.145877  63.504700   0.151544  62.329400   0.168926  60.286600 
    27.870   0.145160  63.773400   0.145810  63.608400   0.151303  62.493700   0.168433  60.601000 
    27.875   0.145483  65.932800   0.146230  65.724200   0.152343  64.430700   0.170902  62.216300 
    27.880   0.145673  68.462900   0.146560  68.200600   0.153554  66.613400   0.174189  63.895800 
    27.885   0.145313  69.638500   0.146289  69.339400   0.153928  67.530400   0.175988  64.429700 
    27.890   0.145045  69.298400   0.146022  69.002200   0.153718  67.181800   0.175955  64.037900 
    27.895   0.145378  68.234800   0.146284  67.962900   0.153420  66.386700   0.174567  63.592500 
    27.900   0.145343  67.066100   0.146153  66.852400   0.152728  65.408500   0.172470  62.936100 
    27.905   0.145245  66.237800   0.146027  66.003400   0.152328  64.642300   0.171307  62.314700 
    27.910   0.145519  67.259300   0.146355  67.012000   0.152871  65.525900   0.172319  63.053400 
    27.915   0.145717  68.572500   0.146581  68.310000   0.153411  66.734600   0.173375  64.091200 
    27.920   0.146529  68.834100   0.147358  68.580000   0.153946  67.109600   0.173472  64.636600 
    27.925   0.147172  68.495600   0.147962  68.280500   0.154278  66.918400   0.173095  64.581000 
    27.930   0.147185  67.078100   0.147904  66.861400   0.153647  65.633100   0.171215  63.598100 
    27.935   0.147303  66.061400   0.147954  65.882500   0.153373  64.764700   0.169985  62.896100 
    27.940   0.147530  66.297300   0.148170  66.101700   0.153671  64.958000   0.170337  63.033600 
    27.945   0.148191  67.461600   0.148891  67.253600   0.154639  66.022900   0.171956  63.961800 
    27.950   0.148698  68.746000   0.149424  68.504100   0.155475  67.197400   0.173687  64.979600 
    27.955   0.148115  69.314800   0.148904  69.077100   0.155250  67.643300   0.174035  65.279500 
    27.960   0.147983  70.267200   0.148799  69.957600   0.155424  68.448100   0.174795  65.936000 
    27.965   0.148267  70.834400   0.149125  70.555900   0.155805  69.027800   0.175473  66.474400 
    27.970   0.148050  70.408000   0.148863  70.102100   0.155457  68.596000   0.174700  66.087900 
    27.975   0.148044  69.777000   0.148844  69.522900   0.155193  68.058900   0.173877  65.671800 
    27.980   0.148300  69.048300   0.149031  68.805700   0.154979  67.487700   0.172632  65.324400 
    27.985   0.148368  68.160700   0.149031  67.944100   0.154599  66.766400   0.171232  64.797500 
    27.990   0.148457  67.437800   0.149084  67.258000   0.154282  66.140000   0.170143  64.404800 
    27.995   0.148684  67.166300   0.149270  67.000100   0.154226  65.976900   0.169447  64.369100 
    28.000   0.148642  67.587100   0.149253  67.416900   0.154205  66.394700   0.169565  64.766300 
    28.005   0.147667  68.394200   0.148338  68.162600   0.153802  66.965100   0.170158  65.079600 
    28.010   0.147240  69.856400   0.147990  69.599100   0.154024  68.196300   0.171646  65.983400 
    28.015   0.147646  71.785700   0.148463  71.520800   0.154897  69.997100   0.173636  67.599100 
    28.020   0.147426  73.304900   0.148292  73.013600   0.155080  71.393800   0.174654  68.844000 
    28.025   0.147084  74.937000   0.148019  74.611800   0.155270  72.772100   0.175708  69.996100 
    28.030   0.146832  76.406400   0.147859  76.020400   0.155534  74.017700   0.176798  70.984300 
    28.035   0.145640  76.464700   0.146696  76.065900   0.154500  73.940200   0.175594  70.813100 
    28.040   0.142117  74.397400   0.143129  73.979100   0.150447  71.823200   0.169642  68.952700 
    28.045   0.131522  66.446700   0.132229  66.137500   0.137440  64.563200   0.151393  62.866500 
    28.050   0.104344  42.178900   0.104598  42.126300   0.106858  41.619600   0.114371  41.337300 
