#PROGRAM: dep90.pas
#PROT: N: 181
#PROT: TE: -25.9
#PROT: T: 99.000
#PROT: DB: 1100 78.00 # end of core
#PROT: DB: 550 78.00 # bag cut
#PROT: DB: 470 78.00
# depth c250k g250k c200k g200k c100k g100k c50k g50k 
    99.005   0.141685  63.476500   0.141758  63.450200   0.143755  64.041000   0.157713  65.866400 
    99.010   0.166324  81.255200   0.166824  81.160100   0.171991  81.035000   0.195257  81.345300 
    99.015   0.174212  87.472100   0.175021  87.318000   0.182472  86.716800   0.212513  85.662000 
    99.020   0.177881  90.816300   0.178843  90.697200   0.187424  89.969800   0.221586  88.385800 
    99.025   0.179903  92.835500   0.180892  92.683700   0.189965  92.047600   0.226705  90.242200 
    99.030   0.180989  94.419500   0.182008  94.264300   0.191531  93.639000   0.230252  91.688700 
    99.035   0.181920  95.975200   0.182978  95.836200   0.192875  95.188100   0.233232  93.136300 
    99.040   0.182723  97.463700   0.183848  97.302900   0.194086  96.672000   0.235905  94.434200 
    99.045   0.183240  98.504700   0.184379  98.364400   0.194974  97.740800   0.237822  95.289500 
    99.050   0.183742  99.274500   0.184915  99.140100   0.195705  98.384500   0.239318  95.878700 
    99.055   0.184180  99.678000   0.185388  99.511400   0.196400  98.665400   0.240324  95.993600 
    99.060   0.184559  99.758400   0.185796  99.591100   0.197052  98.557500   0.240898  95.665200 
    99.065   0.184813  99.058600   0.186034  98.866400   0.197166  97.761500   0.239661  94.846900 
    99.070   0.184580  96.111600   0.185663  95.907500   0.195520  95.061600   0.234309  92.890300 
    99.075   0.184032  90.413900   0.184771  90.321200   0.192155  90.082300   0.224342  89.400800 
    99.080   0.183320  83.720800   0.183721  83.689500   0.188413  84.065500   0.213179  84.955600 
    99.085   0.182946  79.533200   0.183163  79.533500   0.186442  80.136700   0.206408  81.754600 
    99.090   0.183206  79.087000   0.183419  79.001100   0.186622  79.486100   0.205673  81.072100 
    99.095   0.183334  79.478800   0.183579  79.495900   0.187002  80.023300   0.206880  81.465400 
    99.100   0.183479  82.546100   0.183872  82.531300   0.188580  82.834500   0.212764  83.519800 
    99.105   0.184276  90.007600   0.185141  89.844600   0.193230  89.257200   0.225905  87.826100 
    99.110   0.185129  95.498100   0.186342  95.231200   0.196869  93.962200   0.235561  90.970300 
    99.115   0.185826  96.391600   0.187046  96.172600   0.197845  94.922900   0.237771  91.849400 
    99.120   0.186244  95.341200   0.187363  95.146600   0.197568  94.145700   0.236355  91.462300 
    99.125   0.186110  92.304600   0.187039  92.171400   0.195764  91.565600   0.231093  89.802400 
    99.130   0.185897  88.495300   0.186580  88.416100   0.193568  88.273400   0.224511  87.606900 
    99.135   0.185864  85.851900   0.186454  85.811300   0.192327  85.849000   0.219909  85.839100 
    99.140   0.185998  84.684500   0.186520  84.631800   0.192050  84.664500   0.217910  84.804600 
    99.145   0.185935  84.051400   0.186459  83.984900   0.191945  83.962400   0.217163  84.058100 
    99.150   0.185861  83.700000   0.186381  83.636500   0.191845  83.568400   0.216688  83.591100 
    99.155   0.185885  83.899700   0.186435  83.818000   0.192068  83.669200   0.216964  83.575900 
    99.160   0.186040  83.701900   0.186534  83.635600   0.191867  83.557600   0.216067  83.669100 
    99.165   0.186045  82.621100   0.186422  82.589100   0.191028  82.791700   0.213879  83.443800 
    99.170   0.186067  84.298700   0.186561  84.258400   0.191734  84.365500   0.216344  84.654600 
    99.175   0.186376  88.222500   0.187077  88.106900   0.193833  87.766600   0.222398  87.123400 
    99.180   0.186609  90.623700   0.187395  90.479000   0.194922  90.000600   0.225768  88.944600 
    99.185   0.186533  91.606400   0.187330  91.495000   0.195020  91.031400   0.226798  89.939600 
    99.190   0.186355  91.991000   0.187152  91.885900   0.194814  91.477400   0.226953  90.484200 
    99.195   0.186360  92.198800   0.187130  92.096400   0.194592  91.787800   0.226644  90.996600 
    99.200   0.186348  92.578300   0.187095  92.460000   0.194500  92.211900   0.226608  91.527500 
    99.205   0.186267  92.925100   0.187001  92.842400   0.194329  92.642800   0.226505  92.048500 
    99.210   0.186246  93.271000   0.186967  93.187000   0.194230  93.070100   0.226499  92.587000 
    99.215   0.186061  93.939000   0.186804  93.864200   0.194203  93.720100   0.227107  93.236100 
    99.220   0.185849  95.318700   0.186657  95.229100   0.194546  94.977300   0.228738  94.224300 
    99.225   0.185906  96.847700   0.186781  96.735500   0.195115  96.410400   0.230652  95.442300 
    99.230   0.186052  97.904900   0.186948  97.795500   0.195527  97.523600   0.232008  96.439900 
    99.235   0.186137  98.778900   0.187047  98.666800   0.195791  98.316700   0.233066  97.237200 
    99.240   0.186275  99.603400   0.187203  99.496200   0.196048  99.176600   0.233942  98.075200 
    99.245   0.186541 100.130000   0.187427 100.047000   0.196087  99.832400   0.234040  98.975700 
    99.250   0.186659 100.696000   0.187522 100.603000   0.196067 100.521000   0.234481  99.776000 
    99.255   0.186683 101.974000   0.187618 101.891000   0.196633 101.713000   0.236431 100.724000 
    99.260   0.186726 103.866000   0.187753 103.758000   0.197687 103.304000   0.239676 101.720000 
    99.265   0.186657 105.098000   0.187781 104.970000   0.198423 104.322000   0.242047 102.276000 
    99.270   0.186926 105.842000   0.188076 105.699000   0.199066 104.987000   0.243512 102.709000 
    99.275   0.187254 106.045000   0.188431 105.902000   0.199476 105.140000   0.244109 102.794000 
    99.280   0.187456 105.239000   0.188580 105.135000   0.199315 104.484000   0.243035 102.329000 
    99.285   0.187681 104.495000   0.188801 104.274000   0.199274 103.700000   0.241942 101.682000 
    99.290   0.187799 103.055000   0.188874 102.897000   0.198883 102.272000   0.239678 100.505000 
    99.295   0.187745  99.551300   0.188602  99.429900   0.197012  99.215700   0.233723  98.426000 
    99.300   0.187830  95.678700   0.188430  95.658500   0.194973  95.951800   0.227094  96.348900 
    99.305   0.188095  94.551500   0.188650  94.553000   0.194718  94.883300   0.225292  95.517300 
    99.310   0.188502  96.036100   0.189177  95.976100   0.196062  96.014000   0.227981  96.068700 
    99.315   0.188950  97.832800   0.189739  97.772900   0.197519  97.543000   0.231268  96.972300 
    99.320   0.189050  98.388100   0.189856  98.262700   0.197854  97.989700   0.232337  97.304600 
    99.325   0.188771  98.190700   0.189584  98.076900   0.197555  97.826000   0.232128  97.198600 
    99.330   0.188691  98.098500   0.189493  97.995600   0.197358  97.829000   0.232027  97.284100 
    99.335   0.188982  98.710400   0.189767  98.589000   0.197686  98.445300   0.232807  97.890100 
    99.340   0.189087  99.390800   0.189911  99.328400   0.197974  99.164900   0.233863  98.571600 
    99.345   0.188967 100.263000   0.189810 100.154000   0.198228  99.994900   0.235381  99.252700 
    99.350   0.188808 101.713000   0.189742 101.607000   0.198774 101.307000   0.237628 100.203000 
    99.355   0.188772 103.422000   0.189783 103.282000   0.199504 102.834000   0.240307 101.332000 
    99.360   0.188832 104.464000   0.189886 104.306000   0.199921 103.839000   0.241886 102.194000 
    99.365   0.188758 104.805000   0.189818 104.691000   0.199824 104.267000   0.242313 102.699000 
    99.370   0.188489 105.049000   0.189533 104.916000   0.199608 104.541000   0.242566 102.971000 
    99.375   0.188233 105.267000   0.189290 105.143000   0.199368 104.792000   0.242757 103.293000 
    99.380   0.188254 106.087000   0.189339 105.965000   0.199666 105.628000   0.244089 104.007000 
    99.385   0.188436 107.743000   0.189569 107.618000   0.200656 107.058000   0.246948 104.945000 
    99.390   0.188421 108.972000   0.189654 108.828000   0.201348 108.114000   0.249121 105.645000 
    99.395   0.188248 109.263000   0.189472 109.103000   0.201141 108.456000   0.249340 106.078000 
    99.400   0.187967 109.103000   0.189159 108.979000   0.200606 108.458000   0.248706 106.280000 
    99.405   0.187670 109.262000   0.188882 109.154000   0.200327 108.681000   0.248897 106.526000 
    99.410   0.187436 109.923000   0.188682 109.776000   0.200553 109.186000   0.250076 106.785000 
    99.415   0.187170 110.442000   0.188481 110.265000   0.200758 109.560000   0.251132 106.887000 
    99.420   0.187063 110.563000   0.188374 110.420000   0.200635 109.750000   0.251306 107.097000 
    99.425   0.187015 110.736000   0.188311 110.583000   0.200602 109.971000   0.251541 107.346000 
    99.430   0.186786 111.103000   0.188135 110.942000   0.200688 110.227000   0.252243 107.415000 
    99.435   0.186736 111.597000   0.188127 111.412000   0.200956 110.610000   0.253152 107.587000 
    99.440   0.186648 111.874000   0.188076 111.715000   0.201086 110.830000   0.253659 107.711000 
    99.445   0.186481 111.714000   0.187878 111.534000   0.200801 110.696000   0.253174 107.651000 
    99.450   0.186952 112.182000   0.188304 112.005000   0.200956 111.276000   0.252914 108.436000 
    99.455   0.186913 112.144000   0.188269 111.970000   0.200936 111.203000   0.252696 108.363000 
    99.460   0.185656 110.085000   0.186959 109.923000   0.199315 109.223000   0.250190 106.518000 
    99.465   0.184754 108.987000   0.186032 108.856000   0.198098 108.225000   0.248127 105.700000 
    99.470   0.182814 108.689000   0.184135 108.527000   0.196247 107.765000   0.245800 105.149000 
    99.475   0.179388 106.820000   0.180661 106.623000   0.192266 105.932000   0.240449 103.594000 
    99.480   0.178743 106.488000   0.179919 106.368000   0.190801 105.976000   0.237779 104.190000 
    99.485   0.182250 109.068000   0.183368 108.976000   0.194178 108.701000   0.241478 107.139000 
    99.490   0.185370 110.627000   0.186527 110.530000   0.197562 110.234000   0.245497 108.537000 
    99.495   0.186037 110.172000   0.187195 110.078000   0.198278 109.705000   0.245904 107.940000 
    99.500   0.186419 109.535000   0.187577 109.453000   0.198600 109.051000   0.245793 107.247000 
    99.505   0.186909 109.076000   0.188088 108.948000   0.199251 108.430000   0.246153 106.452000 
    99.510   0.187257 108.397000   0.188473 108.233000   0.199727 107.581000   0.246085 105.460000 
    99.515   0.187162 106.301000   0.188272 106.197000   0.198946 105.648000   0.243577 103.829000 
    99.520   0.186790 103.154000   0.187723 103.093000   0.197222 102.889000   0.239048 101.751000 
    99.525   0.186500 101.223000   0.187406 101.116000   0.196347 101.032000   0.236381 100.189000 
    99.530   0.186363 100.447000   0.187279 100.342000   0.196243 100.152000   0.235745  99.238900 
    99.535   0.186058  99.598100   0.186943  99.514700   0.195808  99.341500   0.234896  98.433300 
    99.540   0.185575  98.804200   0.186397  98.734200   0.195069  98.628300   0.233835  97.820900 
    99.545   0.184139  98.358600   0.185013  98.309000   0.193642  98.267800   0.232729  97.332400 
    99.550   0.181504  98.749500   0.182470  98.649600   0.191868  98.393400   0.232201  96.944100 
    99.555   0.182305 101.687000   0.183467 101.525000   0.194065 100.800000   0.237205  98.670600 
    99.560   0.185132 104.335000   0.186384 104.158000   0.197753 103.275000   0.242973 100.728000 
    99.565   0.185818 104.564000   0.187065 104.382000   0.198447 103.564000   0.244164 101.009000 
    99.570   0.186122 104.261000   0.187309 104.077000   0.198414 103.414000   0.243785 101.095000 
    99.575   0.186378 103.630000   0.187444 103.543000   0.197950 103.103000   0.242537 101.233000 
    99.580   0.186482 103.573000   0.187522 103.527000   0.197833 103.163000   0.242201 101.469000 
    99.585   0.186483 104.602000   0.187613 104.503000   0.198406 103.993000   0.243896 101.974000 
    99.590   0.186645 105.740000   0.187847 105.621000   0.199053 104.997000   0.245609 102.759000 
    99.595   0.187038 106.698000   0.188246 106.577000   0.199624 105.986000   0.246823 103.683000 
    99.600   0.187385 107.518000   0.188602 107.404000   0.200068 106.814000   0.247825 104.506000 
    99.605   0.187367 108.005000   0.188595 107.881000   0.200217 107.275000   0.248538 104.872000 
    99.610   0.187254 108.414000   0.188519 108.257000   0.200420 107.585000   0.249391 105.007000 
    99.615   0.187328 108.946000   0.188633 108.780000   0.200832 108.007000   0.250557 105.229000 
    99.620   0.187503 109.370000   0.188846 109.189000   0.201237 108.386000   0.251375 105.450000 
    99.625   0.187688 109.603000   0.189048 109.432000   0.201543 108.587000   0.251844 105.554000 
    99.630   0.187781 109.471000   0.189144 109.275000   0.201602 108.411000   0.251654 105.368000 
    99.635   0.187760 108.882000   0.189100 108.730000   0.201398 107.848000   0.250693 104.864000 
    99.640   0.187448 107.750000   0.188727 107.590000   0.200672 106.730000   0.248546 103.951000 
    99.645   0.187011 105.455000   0.188171 105.358000   0.199226 104.713000   0.244604 102.415000 
    99.650   0.186900 102.974000   0.187890 102.915000   0.197940 102.515000   0.240640 100.790000 
    99.655   0.187130 101.457000   0.188130 101.364000   0.197657 100.964000   0.238399  99.472900 
    99.660   0.187483 100.309000   0.188442 100.128000   0.197742  99.715700   0.237045  98.291600 
    99.665   0.187802  99.056200   0.188742  98.927900   0.197703  98.487800   0.235602  97.165600 
    99.670   0.188082  97.743400   0.188960  97.625500   0.197534  97.320100   0.233816  96.151500 
    99.675   0.188165  95.873900   0.188946  95.798300   0.196722  95.587300   0.231001  94.888800 
    99.680   0.188188  94.506000   0.188914  94.431000   0.196214  94.342200   0.229050  93.901800 
    99.685   0.188378  94.696900   0.189137  94.597300   0.196746  94.361200   0.229866  93.631800 
    99.690   0.188530  95.226400   0.189367  95.128300   0.197416  94.719500   0.231261  93.678000 
    99.695   0.188414  95.078600   0.189277  94.956900   0.197364  94.520200   0.231214  93.378300 
    99.700   0.188109  94.391100   0.188921  94.278400   0.196814  93.887400   0.230057  92.878300 
    99.705   0.188031  93.657500   0.188793  93.557500   0.196304  93.273500   0.228685  92.503000 
    99.710   0.188136  93.239300   0.188857  93.151100   0.196078  92.969300   0.227845  92.414700 
    99.715   0.188221  93.375800   0.188925  93.304600   0.196091  93.154600   0.227851  92.688700 
    99.720   0.188284  93.946900   0.189002  93.875400   0.196276  93.771000   0.228697  93.231700 
    99.725   0.188501  95.395100   0.189270  95.318500   0.196994  95.130700   0.230820  94.366800 
    99.730   0.188858  98.058200   0.189779  97.919800   0.198566  97.463900   0.234957  96.041500 
    99.735   0.188929 100.059000   0.189971  99.899900   0.199550  99.196400   0.237941  97.349600 
    99.740   0.188793 100.237000   0.189781 100.091000   0.199117  99.582900   0.237581  97.942400 
    99.745   0.188602  99.951000   0.189521  99.852500   0.198483  99.527100   0.236664  98.230900 
    99.750   0.188538 100.955000   0.189510 100.850000   0.198859 100.378000   0.238034  98.891000 
    99.755   0.188346 101.679000   0.189373 101.565000   0.198980 101.036000   0.238903  99.417900 
    99.760   0.188060 101.620000   0.189044 101.523000   0.198441 101.135000   0.238373  99.712600 
    99.765   0.187928 102.228000   0.188922 102.141000   0.198395 101.776000   0.238951 100.367000 
    99.770   0.188087 103.566000   0.189125 103.463000   0.198978 103.068000   0.240678 101.493000 
    99.775   0.188288 104.906000   0.189370 104.830000   0.199573 104.356000   0.242434 102.640000 
    99.780   0.188336 106.103000   0.189452 105.983000   0.199972 105.500000   0.244229 103.624000 
    99.785   0.188393 107.505000   0.189545 107.412000   0.200615 106.839000   0.246509 104.648000 
    99.790   0.188465 109.216000   0.189677 109.090000   0.201347 108.391000   0.248899 105.868000 
    99.795   0.188476 110.403000   0.189748 110.273000   0.201661 109.556000   0.250301 106.919000 
    99.800   0.188585 111.185000   0.189879 111.040000   0.201920 110.339000   0.251240 107.672000 
    99.805   0.188818 111.794000   0.190143 111.658000   0.202274 110.971000   0.252175 108.228000 
    99.810   0.188911 112.466000   0.190283 112.333000   0.202766 111.541000   0.253345 108.579000 
    99.815   0.188952 113.186000   0.190427 113.000000   0.203314 112.018000   0.254600 108.770000 
    99.820   0.189218 113.423000   0.190697 113.246000   0.203594 112.240000   0.254719 108.979000 
    99.825   0.189558 112.049000   0.190888 111.940000   0.202909 111.207000   0.252032 108.492000 
    99.830   0.189725 109.768000   0.190904 109.672000   0.201741 109.318000   0.248211 107.333000 
    99.835   0.190054 109.238000   0.191263 109.114000   0.202168 108.598000   0.247879 106.453000 
    99.840   0.190423 109.435000   0.191737 109.235000   0.203063 108.366000   0.248562 105.801000 
    99.845   0.190580 107.745000   0.191786 107.575000   0.202562 106.778000   0.245917 104.442000 
    99.850   0.190668 104.661000   0.191710 104.574000   0.201126 104.051000   0.240664 102.525000 
    99.855   0.190825 100.977000   0.191654 100.913000   0.199457 100.769000   0.234257 100.193000 
    99.860   0.190944  97.037200   0.191508  96.977300   0.197653  97.275000   0.227252  97.615300 
    99.865   0.191109  93.742800   0.191497  93.762700   0.196221  94.264000   0.221870  95.469900 
    99.870   0.191368  93.443500   0.191759  93.436200   0.196459  93.868400   0.221529  95.017000 
    99.875   0.191697  95.393000   0.192209  95.364300   0.197739  95.555400   0.224818  96.115800 
    99.880   0.192031  98.241000   0.192744  98.215900   0.199520  98.029900   0.229660  97.779600 
    99.885   0.192080 100.301000   0.192912 100.201000   0.200645  99.830200   0.233226  98.934300 
    99.890   0.192081 100.972000   0.192902 100.855000   0.200888 100.490000   0.234395  99.473300 
    99.895   0.192224 100.969000   0.193013 100.881000   0.200791 100.616000   0.234089  99.820500 
    99.900   0.192384 101.056000   0.193143 100.975000   0.200717 100.826000   0.233833 100.178000 
    99.905   0.192567 101.984000   0.193358 101.903000   0.201234 101.660000   0.235162 100.858000 
    99.910   0.192631 103.167000   0.193519 103.063000   0.201941 102.643000   0.236949 101.440000 
    99.915   0.192512 103.289000   0.193416 103.179000   0.201976 102.693000   0.237277 101.377000 
    99.920   0.192682 102.781000   0.193553 102.657000   0.201797 102.250000   0.236294 101.112000 
    99.925   0.192941 101.853000   0.193760 101.748000   0.201591 101.418000   0.234826 100.512000 
    99.930   0.192975 100.275000   0.193720 100.184000   0.201069  99.933600   0.232675  99.256000 
    99.935   0.193105  98.737100   0.193799  98.674700   0.200713  98.465800   0.230740  97.989600 
    99.940   0.193440  97.387500   0.194086  97.307600   0.200480  97.196500   0.228733  96.997900 
    99.945   0.193680  95.558400   0.194199  95.520200   0.199792  95.577300   0.225815  95.818500 
    99.950   0.193763  93.988000   0.194203  93.943800   0.199157  94.147400   0.223379  94.718300 
    99.955   0.193655  93.928200   0.194135  93.884500   0.199332  93.965400   0.223616  94.336200 
    99.960   0.193638  94.528400   0.194179  94.447300   0.199855  94.357400   0.225066  94.380900 
    99.965   0.193697  94.401500   0.194232  94.307100   0.199936  94.191700   0.225214  94.170200 
    99.970   0.193493  93.684100   0.194014  93.607000   0.199407  93.589800   0.224145  93.750900 
    99.975   0.193291  93.513400   0.193795  93.466600   0.199161  93.513200   0.224031  93.706300 
    99.980   0.192970  94.251900   0.193545  94.176100   0.199338  94.085600   0.225268  93.999500 
    99.985   0.192504  94.943100   0.193187  94.834900   0.199485  94.583700   0.226788  94.153800 
    99.990   0.192335  95.183400   0.193066  95.086700   0.199623  94.801400   0.227742  94.162000 
    99.995   0.192253  94.865800   0.192971  94.774300   0.199556  94.490400   0.227833  93.829500 
   100.000   0.191910  94.061700   0.192608  93.971100   0.199188  93.699000   0.227302  93.027200 
   100.005   0.191670  92.786000   0.192298  92.697700   0.198638  92.498300   0.226045  91.949100 
   100.010   0.191500  91.502200   0.192122  91.429000   0.198313  91.243100   0.225163  90.712900 
   100.015   0.191277  90.874700   0.191962  90.794200   0.198464  90.450400   0.225542  89.594700 
   100.020   0.191136  89.624200   0.191823  89.506800   0.198386  89.074200   0.225046  88.076600 
   100.025   0.190715  86.815800   0.191318  86.693000   0.197375  86.308900   0.222122  85.461400 
   100.030   0.190136  81.927600   0.190600  81.828900   0.195469  81.655800   0.216459  81.398200 
   100.035   0.190018  76.493400   0.190320  76.465900   0.193892  76.506000   0.210952  76.828500 
   100.040   0.190291  73.710100   0.190594  73.648000   0.194105  73.593200   0.210060  73.705400 
   100.045   0.190370  71.398000   0.190681  71.254700   0.194248  71.083200   0.209636  70.927500 
   100.050   0.190186  66.791500   0.190401  66.721300   0.193180  66.631200   0.205669  66.764700 
   100.055   0.189797  62.275700   0.189943  62.232900   0.192116  62.173100   0.202176  62.415800 
   100.060   0.189197  57.906700   0.189278  57.832700   0.191001  57.772400   0.199182  58.013000 
   100.065   0.188446  51.823900   0.188415  51.783200   0.189202  51.797000   0.193960  52.342500 
   100.070   0.187899  46.776600   0.187811  46.754500   0.188054  46.812900   0.190590  47.438300 
   100.075   0.187351  44.451900   0.187308  44.421000   0.187692  44.411300   0.190404  44.786000 
   100.080   0.186201  43.458300   0.186179  43.404100   0.186936  43.303500   0.190688  43.400000 
   100.085   0.183784  42.037000   0.183800  41.974200   0.184637  41.922800   0.188251  41.872000 
   100.090   0.179169  40.231400   0.179138  40.188200   0.179725  40.033500   0.182672  40.091100 
   100.095   0.166971  37.572300   0.166923  37.479200   0.167309  37.335000   0.169391  37.414500 
   100.100   0.130864  26.256600   0.130777  26.200500   0.130860  26.138300   0.131749  26.275600 
