NG2-WDC_NG2
1399.381
1419.08
1458.68
1470.64
1479.711
1485.084
1492.34
1492.65
1494.0
1501.88
1506.13
1508.049
1522.22
1527.32
1529.03
1530.494
1531.81
1538.352
1555.516
1564.5
1595.04
1605.004
1606.517
1611.97
1619.54
1625.57
1627.96
1628.21
1642.661
1645.86
1653.93
1657.95
1664.9
1667.92
1670.12
1671.35
1673.21
1674.03
1675.23
1677.76
1679.65
1684.3
1688.69
1692.28
1693.09
1706.1
1710.06
1721.322
1728.18
1728.59
1729.17
1734.77
1747.09
1751.03
1758.52
1770.805
1774.15
1784.44
1794.5
1795.42
1795.79
1797.64
1801.9
1805.58
1814.63
1814.919
1824.01
1827.205
1829.14
1831.59
1832.99
1837.38
1840.25
1841.19
1842.48
1843.683
1850.08
1855.0
1862.58
1869.52
1872.22
1877.95
1880.0
1892.34
1902.87
1903.45
1910.98
1915.58
1931.08
1934.66
1939.54
1949.6
1954.6
1962.25
1963.76
1977.85
1982.33
1989.9
1992.63
2000.22
2002.89
2009.39
2010.98
2012.94
2015.38
2016.41
2018.48
2022.25
2032.52
2038.06
2042.284
2061.99
2067.37
2070.24
2072.476
2079.0
2082.16
2089.08
2094.1330000000003
2094.881
2100.03
2116.181
2121.857
2132.213
2133.26
2135.12
2142.37
2151.8
2156.53
2157.88
2159.8
2161.98
2171.42
2173.9
2175.16
2177.99
2182.77
2191.98
2199.2
2201.554
2204.139
2217.638
2224.0
2237.22
2245.63
2252.88
2257.55
2271.13
2277.65
2289.42
2302.75
2307.609
2329.1
2337.93
2344.6
2344.98
2346.6
2348.72
2352.78
2355.55
2357.412
2359.45
2367.03
2374.32
2382.65
2383.32
2385.24
2389.487
2395.84
2399.05
2400.69
2402.96
2403.591
2405.91
2415.95
2417.46
2421.724
2422.824
2430.41
2434.96
2445.9
2451.86
2458.75
2461.16
2467.41
2469.208
2469.74
2475.109
2478.76
2481.763
2485.19
2487.42
