NG2-WDC_WDC
1808.9
1836.4
1896.608
1919.17
1937.754
1948.55
1964.635
1965.488
1970.13
1997.103
2012.5
2019.071
2068.34
2082.951
2086.525
2089.552
2092.7200000000003
2111.2490000000003
2145.37
2164.1528
2219.809
2240.15
2245.205
2263.204
2288.38
2308.71
2316.33
2317.14
2361.136
2370.02
2392.36
2401.72
2417.87
2424.095
2428.095
2430.265
2434.0
2435.6
2437.65
2441.83
2444.685
2451.02
2457.645
2462.05
2463.15
2478.16
2482.73
2497.12
2506.39
2506.97
2507.75
2515.93
2532.9
2538.375
2549.6587
2567.25
2572.0293
2586.48
2599.04
2600.42
2601.05
2604.2
2611.0
2617.32
2633.7
2634.3540000000003
2653.0
2660.23
2664.18
2670.087
2673.04
2681.92
2687.3808
2689.1
2691.55
2694.11
2707.85
2717.85
2732.95
2742.86
2749.08
2762.9
2768.1
2784.36
2806.62
2807.69
2822.2
2829.06
2851.69
2856.77
2863.15
2872.32
2879.69
2890.77
2893.14
2907.97
2915.12
2928.33
2931.28
2939.56
2943.085
2951.03
2953.05
2955.915
2959.425
2960.7
2964.32
2969.13
2981.39
2987.25
2991.1330000000003
3006.318
3010.469
3012.89
3016.45
3027.63
3033.15
3044.28
3052.1
3053.262
3057.95
3079.07
3083.92
3098.606
3100.16
3102.68
3109.92
3118.82
3123.9
3125.35
3127.5
3130.11
3142.5
3144.96
3146.5
3149.45
3154.24
3162.931
3169.04
3170.992
3173.17
3184.42
3192.0
3212.62
3222.77
3228.32
3231.9
3244.07
3249.64
3260.32
3271.39
3274.77
3289.86
3297.95
3303.76
3304.13
3306.6
3309.83
3315.48
3317.96
3320.22
3322.22
3326.84
3332.95
3338.45
3338.85
3340.35
3343.02
3346.06
3347.82
3348.86
3349.8
3350.32
3352.04
3357.86
3359.36
3361.9
3362.95
3369.575
3372.26
3378.275
3380.67
3384.21
3385.29
3388.25
3389.15
3389.45
3392.42
3394.59
3397.1
3399.99
3401.54
