#GICC05_EDC			
0	12.11	182	0.203157426
12.11	12.55	7	0.482998487
12.55	19.55	137.4259259	0.483541578
19.55	21.09	31.57407407	0.534997743
21.09	22.03	19.97560976	0.536900609
22.03	22.89	19.02439024	0.574800449
22.89	29.59	142	0.759534786
29.59	36.87	172	0.609782836
36.87	37.19	10	0.608455787
37.19	37.41	8.444444444	0.611575304
37.41	37.91	10.55555556	0.785558171
37.91	39.05	29	0.785732748
39.05	60.21	555	0.694250821
60.21	63.53	92	0.676776146
63.53	65.15	49	0.665279099
65.15	68.95	108.9822485	0.703842964
68.95	73.43	128.6745562	0.773617651
73.43	74.65	38.2765286	0.745899435
74.65	75.65	26.1	0.789027521
75.65	76.71	28.46666667	0.789505111
76.71	77.87	33	0.750819386
77.87	87.39	293.754717	0.833315254
87.39	96.85	301.745283	0.861147342
96.85	99.73	93.42666667	0.895147987
99.73	119.49	651.6218985	2.078676361
119.49	121.99	84.54014456	0.818111969
121.99	125.01	105.8467742	0.954728531
125.01	130.53	189.4270754	1.075720805
130.53	133.56	102.6174408	0.909549049
133.56	140.02	224.52	1.063338258
140.02	141.28	44	0.862303618
141.28	151.32	351	1.353202005
151.32	156.56	184	1.057513981
156.56	159.96	117	0.940613312
159.96	169.26	335.9066667	1.297998442
169.26	174.5	190.5440603	1.052102515
174.5	185.82	414.6558966	1.525985986
185.82	189.66	133.9558764	1.056798112
189.66	190.08	17.35416667	0.888888283
190.08	198.54	301.6760486	1.261839086
198.54	208.54	364.9072848	1.383209142
208.54	209.74	44	0.934366414
209.74	212.94	123	0.987200556
212.94	213.82	31	0.950470941
213.82	215.78	72	0.93920197
215.78	218.8	110	1.009428675
218.8	232.56	507.362069	1.775663719
232.56	234.26	62.53069911	0.966163056
234.26	243.12	322.0648379	1.436430103
243.12	249.1	222.1996459	1.124674544
249.1	251.24	79.30992366	0.936821297
251.24	259.32	312.1557252	1.326143993
259.32	260.54	51.85648855	0.968069942
260.54	263.02	95.75545917	1.117356444
263.02	264	44.22727273	0.975246095
264	270.38	263.4491214	1.266292207
270.38	276.98	241.4895838	1.178427458
276.98	283.04	221.6549875	1.209438823
283.04	283.52	18.58604651	0.899720931
283.52	289.98	233.9262329	1.194198289
289.98	302.36	430.5533487	1.470204424
302.36	303.52	39.0056926	0.843520803
303.52	304.28	30.33776091	0.849971701
304.28	305.52	52.00759013	0.881652356
305.52	306.36	37.92220114	0.812744546
306.36	308.48	76.92789374	0.849880558
308.48	310.95	81.67741935	0.971315903
310.95	311.87	33.11363636	0.926537586
311.87	312.21	13.88636364	0.921297101
312.21	312.7	18.01212938	0.853500716
312.7	313.68	34.02291105	0.860179687
313.68	317.34	121.0815364	0.933705885
317.34	318.58	42.02830189	0.881332188
318.58	320.05	46.0309973	0.887712347
320.05	321.04	32.02156334	0.855035935
321.04	321.96	31.02088949	0.927466398
321.96	322.38	15.01010782	0.931830222
322.38	323.25	30.02021563	0.865850471
323.25	324.32	36.02425876	0.849255708
324.32	325.17	30.02021563	0.948934893
325.17	327.44	72.04851752	0.983332655
327.44	328.24	30.02021563	0.904552917
328.24	329.31	37.02493261	0.862478174
329.31	329.43	4.002695418	0.778728341
329.43	331.65	74.04986523	0.799787963
331.65	332	13.00876011	0.945500822
332	333.61	55.03706199	0.958828554
333.61	335.06	53.03571429	0.88572433
335.06	335.55	16.01078167	0.909778839
335.55	336.74	40.02695418	0.916539236
336.74	337.2	18.01212938	0.900303158
337.2	338.56	47.03167116	0.921578436
338.56	339.29	27.01819407	0.93676035
339.29	342.36	104.0700809	1.437294513
342.36	342.69	11.0074124	0.929327674
342.69	343.62	32.02156334	0.998412126
343.62	344.46	28.01886792	0.998919385
344.46	344.66	7.004716981	0.896791433
344.66	344.88	8.005390836	0.900566214
344.88	345.36	14.00943396	0.91940143
345.36	346.44	37.02493261	1.036532591
346.44	346.84	14.00943396	0.902509424
346.84	348.59	60.04043127	1.195204117
348.59	349.92	44.0296496	1.12901096
349.92	350.18	7.004716981	0.853068955
350.18	350.63	16.01078167	0.878334408
350.63	352.01	46.0309973	1.033312566
352.01	352.81	27.01819407	0.993410957
352.81	353.1	10.00673854	0.875135321
353.1	371.92	669.093435	8.892287545
371.92	372.1	7.467187577	1.122316105
372.1	379.32	286.6895307	4.105130137
379.32	384.12	219.8880866	3.278471862
384.12	385.16	51.48830739	1.373392855
385.16	385.9	38.17834395	1.410339095
385.9	387.3	73.2611465	1.594317675
387.3	388	45.0625	1.446659603
388	388.7	33.9375	1.47067125
388.7	388.87	9	1.401839949
388.87	389.33	23	1.42933907
389.33	389.92	27.55080214	1.439938328
389.92	390.24	10.82352941	1.33600048
390.24	391.3	59.03743315	1.523551613
391.3	393.01	87.64483907	1.757048368
393.01	393.71	38.03773585	1.49726533
393.71	394.99	72.90566038	1.564770667
394.99	396.46	73.96226415	1.661184996
396.46	397.42	51.77358491	1.544161536
397.42	397.82	22.18867925	1.356702076
397.82	398.28	24.30188679	1.366945742
398.28	399.67	79.24528302	1.64325866
399.67	399.9	12.67924528	1.379769931
399.9	400.3	19.01886792	1.385021617
400.3	402.57	114.1132075	1.888087628
402.57	403.64	63.39622642	1.539506096
403.64	404.14	30.64150943	1.439571552
404.14	405.35	67.62264151	1.599042602
405.35	405.93	32.75471698	1.419164917
405.93	406.64	38.03773585	1.445562271
406.64	407.29	33.81132075	1.421680072
407.29	407.57	15.8490566	1.320148432
407.57	410.65	162.7169811	2.341333183
410.65	411.47	44.37735849	1.438230247
411.47	413.71	115.1698113	1.933787742
413.71	415.38	90.86792453	1.733778025
415.38	416.34	46.49056604	1.42617699
416.34	417.08	36.98113208	1.313945672
417.08	419.72	110.5921053	2.028068348
419.72	420.1	17.08333333	1.309205252
420.1	420.53	17.98245614	1.306321181
420.53	420.74	8.092105263	1.290811334
420.74	421.9	51.25	1.293102025
421.9	422.59	32	1.198186346
422.59	423.05	24	1.124094864
423.05	424.1	59.26540284	1.153261725
424.1	424.87	34.00473934	1.166212254
424.87	425.14	15.5450237	1.130828825
425.14	425.39	12.63033175	1.200705376
425.39	425.73	14.57345972	1.328572792
425.73	425.96	13.60189573	1.3257296
425.96	426.43	22.34597156	1.343877801
426.43	427.12	33.03317536	1.33901057
427.12	427.86	35.96153846	1.258823386
427.86	428.19	20.09615385	1.259916469
428.19	428.78	30.67307692	1.269904011
428.78	429.23	24.32692308	1.385854746
429.23	429.76	26.44230769	1.391199131
429.76	429.98	11.63461538	1.396588663
429.98	430.41	21.15384615	1.393122383
430.41	431.09	41.25	1.411201911
431.09	431.96	45.48076923	1.41163874
431.96	433.24	72.98076923	1.434712122
433.24	433.75	23.72156863	1.415842763
433.75	433.98	14.43921569	1.414198196
433.98	436.52	142.3294118	1.471238239
436.52	437.29	41.25490196	1.451091364
437.29	438.09	41.25490196	1.314798594
438.09	438.9	59.61111111	1.322938427
438.9	439.58	30.83333333	1.443893477
439.58	440.12	30.70940171	1.470137545
440.12	441.22	56.10153405	1.473524295
441.22	442.15	51.44906743	1.386213682
442.15	445.42	187.0875179	1.858066982
445.42	446.27	43.96556671	1.576970706
446.27	447.22	50.51362984	1.564812221
447.22	447.58	18.70875179	1.504128289
447.58	448.28	44.9010043	1.530288437
448.28	449.39	65.48063128	1.548691112
449.39	450.06	41.15925395	1.595284141
450.06	450.49	28.06312769	1.491023328
450.49	451.5	66.41606887	1.533967513
451.5	452.41	46.57894737	1.691965742
452.41	452.48	4.736842105	1.683440917
452.48	453.29	41.84210526	1.661883983
453.29	453.97	41.84210526	1.623553363
453.97	454.75	59.47873125	1.593149187
454.75	458.07	247.9960659	2.127801099
458.07	458.99	67.54364396	1.807724588
458.99	460.39	94.76272437	1.778706722
460.39	478.96	1395.229899	7.180080991
478.96	481.5	205.6552742	2.327111636
481.5	481.78	19.15416769	2.225510691
481.78	482.35	40.32456356	2.221746487
482.35	482.83	41.33267765	2.218956387
482.83	483.17	30.24342267	2.033808253
483.17	484.06	65.52741579	2.02279238
484.06	484.27	16.12982542	2.125529291
484.27	486.1	149.2008852	2.321721909
486.1	487.81	130.0467175	2.241759733
487.81	488.57	63.51118761	2.118907308
488.57	488.95	35.28399312	2.118785562
488.95	491.46	205.6552742	2.318096793
491.46	492.19	67.54364396	2.167947353
492.19	492.52	30.24342267	2.060394287
492.52	493.36	70.56798623	2.075928516
493.36	494.12	66.53552987	2.071760074
494.12	494.65	46.37324809	2.172722878
494.65	495.76	114.9250061	2.233626756
495.76	495.9	13.10548316	1.952125736
495.9	496.22	33.26776494	2.036665135
496.22	496.69	40.32456356	1.997976082
496.69	499.21	218.7607573	2.324621135
499.21	502.55	295.3774281	2.505837738
502.55	502.75	18.1460536	1.974973065
502.75	503.03	24.19473814	1.997054162
503.03	503.29	20.16228178	2.007009339
503.29	503.73	35.28399312	2.080576417
503.73	504.06	30.24342267	2.066436147
504.06	504.38	26.21096631	2.000575253
504.38	512.55	699.6311778	4.034006008
512.55	514.77	184.4848783	2.250614904
514.77	517.6	265.1340054	2.530457749
517.6	521.49	302.4342267	2.629314034
521.49	528.29	607.8927957	3.672001673
528.29	529.61	106.8600934	2.179360945
529.61	532.31	225.8175559	2.375823344
532.31	533.91	133.0710597	2.167950116
533.91	534.24	27.2190804	2.286174331
534.24	535.6	101.819523	2.314530302
535.6	535.95	25.20285223	2.154244332
535.95	536.83	73.5923285	2.177330623
536.83	537.83	79.64101303	2.311770021
537.83	539.33	125.006147	2.391496907
539.33	539.76	33.26776494	2.11790003
539.76	540.16	31.25153676	2.190833945
540.16	540.37	17.13793951	2.278670132
540.37	541.45	90.73026801	2.321948699
541.45	541.96	47.38136218	2.238730275
541.96	542.23	19.15416769	2.294324609
542.23	542.42	16.12982542	2.211345754
542.42	544.79	196.5822474	2.421839878
544.79	545.89	89.72215392	2.317357863
545.89	546.22	30.24342267	2.152973948
546.22	546.42	19.15416769	2.138301933
546.42	547.36	74.60044259	2.190023039
547.36	547.79	38.30833538	2.476555891
547.79	548.25	41.33267765	2.491181012
548.25	548.73	48.38947627	2.434058258
548.73	549.16	40.32456356	2.408526051
549.16	549.45	24.19473814	2.364428756
549.45	549.64	17.13793951	2.430264414
549.64	550.57	84.68158348	2.460876794
550.57	551.2	59.47873125	2.561909407
551.2	552.23	100.8114089	2.587270195
552.23	553.12	83.67346939	2.397917909
553.12	553.35	21.1802998	2.32943333
553.35	553.44	10.18018018	2.536562491
553.44	554.15	80.42342342	2.641678744
554.15	554.92	73.2972973	2.647233129
554.92	555.93	88.56756757	2.450703381
555.93	557.61	161.8648649	2.416719759
557.61	557.69	7.126126126	2.714922994
557.69	558.66	87.54954955	2.74402896
558.66	558.89	26.46846847	2.536623425
558.89	559.31	38.68468468	2.503900663
559.31	559.7	55.99099099	2.526731733
559.7	560.09	33.59459459	2.527173858
560.09	561.36	126.2342342	2.743419328
561.36	562.16	75.4852459	2.703235025
562.16	562.67	41.17377049	2.503588302
562.67	563.91	132.3442623	2.564730221
563.91	564.39	49.01639344	2.863046206
564.39	565.2	75.02578241	2.844247308
565.2	565.41	20.56818182	2.810382939
565.41	565.9	49.36363636	2.613558899
565.9	566.13	29.82386364	2.611341086
566.13	566.22	9.068954271	2.614909901
566.22	566.9	59.8429003	2.610952527
566.9	567.27	36.46676737	2.589801732
567.27	567.53	25.24622357	2.656002244
567.53	567.95	33.66163142	2.656771629
567.95	568.21	27.1163142	2.671018029
568.21	568.42	15.89577039	2.684367449
568.42	569.09	63.58308157	2.726022165
569.09	569.4	29.92145015	2.56944785
569.4	569.95	50.49244713	2.597881987
569.95	570.48	49.55740181	2.585873173
570.48	571.23	70.12839879	2.693536139
571.23	573.26	196.3595166	2.820440161
573.26	573.74	46.75226586	2.512712979
573.74	574.9	104.7250755	2.804814378
574.9	576.08	106.5951662	2.769171243
576.08	577.62	146.8021148	2.64872315
577.62	578.07	39.27190332	2.666519234
578.07	578.96	93.50453172	2.722732915
578.96	579.37	31.79154079	2.584067235
579.37	579.79	44.88217523	2.612047802
579.79	580.69	73.86858006	2.564219179
580.69	581.99	119.6858006	2.791419736
581.99	583.73	172.9833837	2.76945201
583.73	584.53	68.25830816	2.608615511
584.53	585.08	42.07703927	2.578877532
585.08	585.75	58.90785498	2.586419134
585.75	586.26	45.81722054	2.237893728
586.26	587.52	125.5869711	2.363761136
587.52	590.6	281.1697575	2.902310455
590.6	593.45	251.1783167	2.662814659
593.45	595.03	147.1902834	2.683037298
595.03	598.85	340.8097166	2.972974153
598.85	603.57	424.9090909	2.966948938
603.57	606.98	313.0909091	2.738349639
606.98	607.43	42	2.15939411
607.43	613.31	522	3.31268301
613.31	614.79	140.2556653	2.491398378
614.79	615.74	101.8152237	2.441081185
615.74	615.99	22.85647879	2.473830893
615.99	617.27	117.3991865	2.48388058
617.27	626.52	780.2370715	25.37543107
626.52	627.13	62.33585125	2.368721331
627.13	629.14	198.4357931	2.754966844
629.14	630.11	110.1266705	2.809976115
630.11	630.66	61.2969204	2.646043015
630.66	631.63	122.5938408	2.836424737
631.63	632.24	69.60836723	2.664145734
632.24	634.59	225.1507073	3.709600189
634.59	636.39	176.8882236	4.854562029
636.39	637.41	111.9107981	3.179885397
637.41	638.64	129.4835681	2.824004632
638.64	638.97	32.37089202	3.068708804
638.97	645.2	547.7397923	44.12402377
645.2	645.92	81.5617491	7.040956572
645.92	660.06	1211.308431	42.68588841
660.06	660.78	87.12754159	2.817467178
660.78	661.84	83.49722736	2.947710574
661.84	662.02	19.75835476	2.69643647
662.02	663.06	96.59640103	3.051355377
663.06	663.66	51.59125964	2.492348751
663.66	665.48	172.3367609	3.610355114
665.48	666.34	86.71722365	2.922738824
666.34	668.71	210.2061069	4.94841115
668.71	671	201.8402641	6.793068563
671	671.56	53.36491935	2.905525984
671.56	671.94	19.88104839	2.399784125
671.94	672.31	36.62298387	2.65074779
672.31	672.66	30.34475806	2.541266468
672.66	673.17	43.94758065	2.730940362
673.17	673.78	50.22580645	2.812949857
673.78	674.38	49.17943548	2.700497528
674.38	674.85	37.66935484	2.508522852
674.85	675.19	30.34475806	2.569866918
675.19	675.42	20.92741935	2.48243902
675.42	675.73	28.25201613	2.569866918
675.73	676.59	73.24596774	3.175565458
676.59	677.14	46.04032258	2.581191656
677.14	677.87	71.15322581	3.02066699
677.87	679.52	133.9354839	4.383363265
679.52	680.22	60.68951613	3.037492141
680.22	681.6	120.3326613	3.953070319
681.6	682.59	81.61693548	3.276959592
682.59	682.96	23.02016129	2.634934243
682.96	684.02	96.26612903	3.547587697
684.02	684.17	15.69556452	2.394579734
684.17	685.6	128.703629	3.667630312
685.6	685.9	29.2983871	2.538172654
685.9	689.08	277.0592009	7.744341187
689.08	689.31	18.63636364	2.491354385
689.31	690.39	84.79545455	3.624478814
690.39	690.88	35.40909091	2.64977448
690.88	691.1	22.36363636	2.400746334
691.1	691.3	13.07299465	2.33100471
691.3	692.78	129.5058824	4.569035233
692.78	693.2	35.41176471	2.48475056
693.2	695.56	212.4705882	7.338357128
695.56	697.26	141.6470588	5.141223237
697.26	698.64	121.4117647	4.595872743
698.64	699.05	34.4	2.353456175
699.05	700.62	114.5760105	4.703880869
700.62	700.81	17.83240223	1.934040593
700.81	701.27	36.60335196	2.237859025
701.27	702.55	98.03883495	3.042911062
702.55	704.1	117.0944984	2.529321227
704.1	704.29	16.08	2.007680835
704.29	705.42	96.99017071	2.458308836
705.42	705.65	17.21765499	1.999235965
705.65	706.9	108.3699461	2.925225537
706.9	707.19	22.28167116	2.055395553
707.19	707.59	31.39690027	2.114614699
707.59	708.04	34.43530997	2.130515272
708.04	708.44	36.46091644	2.141179787
708.44	708.62	15.19204852	1.93067296
708.62	709.94	99.25471698	2.795184007
709.94	710.97	84.06266846	2.74170466
710.97	711.67	52.66576819	2.387990787
711.67	712.78	77.98584906	2.811583184
712.78	713	34.43530997	2.124264579
713	715.51	173.1893531	5.007943154
715.51	717.45	136.7284367	3.975794819
717.45	718.6	103.3059299	3.38999002
718.6	718.93	25.32008086	2.174528256
718.93	719.04	8.102425876	2.099660243
719.04	719.84	72.92183288	2.758364214
719.84	720.49	54.69137466	2.639882221
720.49	721.14	48.61455526	2.550242905
721.14	723.23	171.1637466	4.164916494
723.23	723.83	46	2.535605952
723.83	726.29	268.9222649	4.715855972
726.29	727.25	91.30422265	2.31247519
727.25	728.02	59.94721689	2.316374875
728.02	729.49	130.9616123	2.634025922
729.49	729.8	24.90115163	2.46670532
729.8	733.02	275.7571977	4.221990202
733.02	736.23	265.6122841	2.922561343
736.23	737.47	111.5940499	2.365373387
737.47	739.12	135.2054795	2.356940425
739.12	740.1	98.72146119	2.468894575
740.1	743.28	260.6966756	5.805856688
743.28	744.92	126.5313653	4.533809925
744.92	746.01	83.41697417	3.558747775
746.01	746.42	38.42804428	2.940765903
746.42	748.12	148.9583333	4.862931636
748.12	748.58	38.04166667	2.821230682
748.58	749.48	88.72093023	3.372145028
749.48	749.96	50.64341085	2.870571062
749.96	750.3	36.63565891	2.769508661
750.3	750.65	29.82767624	2.52917452
750.65	750.87	22.37075718	2.497843821
750.87	752.04	113.9843342	3.469758458
752.04	753.4	141.6814621	4.083032971
753.4	762.22	769.1357702	22.7500495
762.22	763.26	104.1783217	3.762880034
763.26	763.64	39.1958042	2.534778238
763.64	764.94	96.95804196	2.604398505
764.94	772.8	731.3111888	13.79249917
772.8	775.02	208.3566434	5.253547581
775.02	777.62	259.0854871	5.520696408
777.62	780.59	284.9776708	5.077153287
780.59	784.74	390.1789474	6.909903835
784.74	785.96	115.7897129	2.879756218
785.96	787.15	126.9886364	3.038908273
787.15	787.59	41.65227273	2.291285383
787.59	788.66	97.52727273	2.70519254
788.66	789.4	72.12954545	2.505607048
789.4	790.53	105.6545455	2.517271987
790.53	791.88	114.0579259	2.76270861
791.88	793.32	124.7529832	2.741955952
793.32	794.67	108.675	2.652103695
794.67	795.7	85.995	2.225851252
795.7	796.58	93.555	2.283493746
796.58	796.85	17.955	2.221165601
796.85	797.19	28.35	2.226655928
797.19	797.28	8.505	2.171834575
797.28	797.4	11.34	2.174710422
797.4	798.5	88.83	2.348800847
798.5	798.86	30.27989822	2.314494157
798.86	799.28	34.60559796	2.440327136
799.28	799.78	38.06615776	2.43839204
799.78	800.13	25.08905852	2.4259424
800.13	802.79	213.795826	3.614384733
802.79	803.44	32.13942308	2.504422358
803.44	803.84	47.75	2.336198243
803.84	804.42	45.91346154	2.266676473
804.42	805.22	65.48341429	2.338738385
805.22	805.63	38.21107266	2.565665442
805.63	806.13	45.64100346	2.562130785
806.13	806.53	33.96539792	2.5603006
806.53	807.74	112.5103806	2.538182894
807.74	808.69	62.62370242	2.474342823
808.69	809.52	83.85207612	2.595775282
809.52	809.78	32.90397924	2.578865897
809.78	814.94	440.4887543	2.933947736
814.94	815.26	25.47404844	2.985460731
815.26	815.4	16.98269896	2.991003306
815.4	816.44	72.17647059	3.057139313
816.44	822.07	502.27122	3.659372763
822.07	823.66	144.5367412	3.590629117
823.66	825.98	238.1909275	6.452278983
825.98	826.95	96.082397	5.129718129
826.95	827.96	93.22846442	4.801402595
827.96	828.26	33.29588015	3.257420661
828.26	828.54	32.69840349	3.344211782
828.54	829.32	56.41139804	3.511588308
829.32	834.86	593.4479074	5.880795222
834.86	837.54	236.9278718	5.128271819
837.54	841.58	377.9563669	8.302529958
841.58	847.54	567.7879859	14.47170982
847.54	847.9	32.67844523	2.986626732
847.9	848.3	83.7385159	3.645121954
848.3	849.22	58.20848057	3.269101187
849.22	856.23	648.4628975	18.06186818
856.23	856.79	55.28676504	3.10236729
856.79	857.92	105.8412017	3.657483124
857.92	859.5	163.9957082	4.623905086
859.5	860.34	62.35410765	3.272141738
860.34	862.48	167.1813031	5.200040201
862.48	862.72	19.88101983	2.747394406
862.72	863.14	28.01416431	2.790721233
863.14	864.06	64.16147309	3.065344421
864.06	864.4	35.24362606	2.618613747
864.4	864.76	24.39943343	2.572369907
864.76	865.06	31.62889518	2.60473376
865.06	866.14	80.42776204	3.119327505
866.14	866.57	43.37677054	2.750037105
866.57	867.4	70.48725212	2.961798145
867.4	868.18	61.45042493	2.837648367
868.18	868.92	52.41359773	2.810548962
868.92	869.56	52.41359773	2.796727635
869.56	869.74	24.39943343	2.716925738
869.74	870.84	92.17563739	2.769824576
870.84	871.46	42.47308782	2.600998556
871.46	874.23	233.4948446	3.400792419
874.23	875.56	116.0353535	2.779714889
875.56	876.64	105.2053872	2.490935096
876.64	877.44	64.97979798	2.544411369
877.44	879.72	188.7508418	2.591144384
879.72	880.54	61.88552189	2.498995583
880.54	882.28	151.6195286	2.807440602
882.28	883	51.93278827	2.785510596
883	884.12	98.86995516	4.273896143
884.12	884.54	36.12556054	2.765515503
884.54	886.62	194.651621	6.143426877
886.62	890.36	347.2677596	9.299328915
890.36	890.78	54.89071038	3.030838638
890.78	891.35	42.56830601	2.879840768
891.35	891.6	29.08067384	2.996919687
891.6	892.06	39.14201183	3.056391273
892.06	893.61	128.6094675	4.317273456
893.61	894.33	62.62721893	3.299718518
894.33	895.56	118.5443787	3.989084491
895.56	898.94	308.6431158	8.105821474
898.94	900.91	157.9908152	5.380802749
900.91	901.16	23.9380023	3.309188252
901.16	902.34	106.2847302	4.289333647
902.34	904.98	282.4684271	7.083456188
904.98	905.9	84.26176808	3.810362185
905.9	906.8	72.77152698	3.702547769
906.8	907.8	97.66704937	3.720460499
907.8	910.2	239.380023	6.045899981
910.2	913.04	229.804822	6.617140503
913.04	913.24	15.32032147	3.19814552
913.24	913.92	63.56735664	3.650771804
913.92	914.16	14.8265896	3.056946414
914.16	914.42	22.73410405	3.118440867
914.42	915.12	59.30635838	3.453212047
915.12	915.72	63.26807918	3.476661249
915.72	916.7	77.71942446	3.699398507
916.7	918	102.6294964	4.009744296
918	918.96	69.74820144	3.587777395
918.96	919.14	15.94244604	3.140891942
919.14	920.34	102.3699111	4.097130476
920.34	920.96	42.18529412	3.317801274
920.96	922.54	133.5867647	4.631482829
922.54	923.72	103.4544118	4.174218215
923.72	925.14	126.5558824	4.601360883
925.14	925.7	56.24705882	3.448487631
925.7	927.1	124.5470588	4.938977349
927.1	927.98	78.1605042	4.202176066
927.98	928.4	40.16071429	3.293385554
928.4	929	38.10119048	3.653472882
929	929.2	20.5952381	3.545448893
929.2	931.66	196.5260546	15.68152095
931.66	933.14	108.4987593	9.193479254
933.14	933.76	49.13151365	4.999795162
933.76	936.86	234.398263	18.69733809
936.86	939.52	226.2096774	10.85696848
939.52	940.14	47.93371859	7.901714108
940.14	940.74	52.40939597	9.21079656
940.74	941.28	49.38896781	8.738698617
941.28	943.86	170.5839416	30.1948698
943.86	944.58	55.7915029	3.518039449
944.58	945.36	54.92307692	3.283765203
945.36	946.08	48.82051282	3.211646461
946.08	946.78	55.79487179	3.373149492
946.78	947.08	27.8974359	3.319667012
947.08	948.68	118.5641026	7.705994392
948.68	949.1	55.79487179	5.504102897
949.1	949.62	44.46153846	5.187863164
949.62	949.86	13.94871795	3.680044781
949.86	951.3	120.3076923	12.11758347
951.3	951.98	66.25641026	7.364865772
951.98	952.6	72.35897436	7.648666707
952.6	953.02	51.43589744	5.976167062
953.02	954.14	106.3589744	9.436907804
954.14	954.8	81.07692308	6.983985171
954.8	954.92	21.79487179	4.43136325
954.92	955.24	49.69230769	5.159729991
955.24	956.36	144.7179487	8.127555287
956.36	956.92	81.07692308	5.516107672
956.92	957.5	100.2564103	5.489074954
957.5	957.66	29.64102564	4.794729526
957.66	958.66	107.2307692	5.207872044
958.66	959.9	177.8461538	5.463938062
959.9	960.68	107.2307692	5.107057244
960.68	960.96	27.8974359	5.040787011
960.96	961.2	47.07692308	5.028521808
961.2	961.96	97.64102564	5.088568716
961.96	962.54	65.38461538	5.152415478
962.54	962.7	22.66666667	5.177645242
962.7	963.98	149.0769231	5.475902688
963.98	964.3	65.38461538	5.234277285
964.3	964.42	18.30769231	5.193099623
964.42	965.18	95.8974359	5.359877209
965.18	965.58	35.74358974	5.164458824
965.58	965.86	37.48717949	5.186738855
965.86	966.08	24.41025641	5.138724852
966.08	966.26	25.28205128	5.158246772
966.26	966.74	56.66666667	5.212485949
966.74	967.26	81.07692308	5.237844
967.26	968.08	128.1538462	5.30422014
968.08	968.8	91.53846154	5.239790109
968.8	969.18	54.05128205	5.105422199