#Christo dynadens
103.95	104.1228647	0.2
105.6	104.0115105	0.2
107.25	104.0029509	0.2
108.9	104.2176171	0.2
110.55	104.5029164	0.2
112.2	104.8684853	0.2
113.85	105.0585229	0.2
115.5	105.1428274	0.2
117.15	105.1313371	0.2
118.8	105.0961593	0.2
120.45	104.9739547	0.2
122.1	104.8479909	0.2
123.75	104.7436776	0.2
125.4	104.7506501	0.2
127.05	104.9211242	0.2
128.7	104.9740182	0.2
130.35	104.9630593	0.2
132	104.9798406	0.2
133.65	104.9673957	0.2
135.3	104.7184526	0.2
136.95	104.5198505	0.2
138.6	104.4075473	0.2
140.25	104.3001954	0.2
141.9	104.1922983	0.2
143.55	104.0393489	0.2
145.2	103.9262272	0.2
146.85	104.0737137	0.2
148.5	104.118814	0.2
150.15	104.0169878	0.2
151.8	103.8592196	0.2
153.45	103.6782429	0.2
155.1	103.8001728	0.2
156.75	103.9506247	0.2
158.4	104.1205179	0.2
160.05	104.2879564	0.2
161.7	104.4547129	0.2
163.35	104.4201066	0.2
165	104.3411129	0.2
166.65	104.38089	0.2
168.3	104.4187066	0.2
169.95	104.4548492	0.2
171.6	104.6294641	0.2
173.25	104.8132483	0.2
174.9	104.7178981	0.2
176.55	104.9088456	0.2
178.2	105.4025474	0.2
179.85	105.5152579	0.2
181.5	105.5309119	0.2
183.15	105.4812412	0.2
184.8	105.3853151	0.2
186.45	105.2423666	0.2
188.1	105.0845506	0.2
189.75	104.9396775	0.2
191.4	105.1850739	0.2
193.05	105.3668694	0.2
194.7	105.4368506	0.2
196.35	105.4346097	0.2
198	105.3760153	0.2
199.65	105.4641234	0.2
201.3	105.5593529	0.2
202.95	105.5055635	0.2
204.6	105.4271262	0.2
206.25	105.328103	0.2
207.9	105.3494475	0.2
209.55	105.3733615	0.2
211.2	105.3989233	0.2
212.85	105.2343154	0.2
214.5	105.0339156	0.2
216.15	104.9253135	0.2
217.8	104.9233884	0.2
219.45	105.0743575	0.2
221.1	105.1624386	0.2
222.75	105.2337843	0.2
224.4	105.3516315	0.2
226.05	105.4851787	0.2
227.7	105.6334447	0.2
229.35	105.8418391	0.2
231	106.0084503	0.2
232.65	106.0563905	0.2
234.3	105.9816035	0.2
235.95	105.8482037	0.2
237.6	105.8062539	0.2
239.25	105.8188599	0.2
240.9	105.9053916	0.2
242.55	105.8625572	0.2
244.2	105.7823251	0.2
245.85	105.6696913	0.2
247.5	105.6089486	0.2
249.15	105.5969336	0.2
250.8	105.5958829	0.2
252.45	105.580355	0.2
254.1	105.5091165	0.2
255.75	105.5790372	0.2
257.4	105.7305258	0.2
259.05	105.7760987	0.2
260.7	105.7974444	0.2
262.35	105.7891017	0.2
264	105.7516328	0.2
265.65	105.6899207	0.2
267.3	105.591558	0.2
268.95	105.5962003	0.2
270.6	105.6442652	0.2
272.25	105.7440332	0.2
273.9	105.8289246	0.2
275.55	105.9072649	0.2
277.2	105.8267796	0.2
278.85	105.7579456	0.2
280.5	105.7365592	0.2
282.15	105.7852803	0.2
283.8	105.9014032	0.2
285.45	105.9172264	0.2
287.1	105.8922733	0.2
288.75	105.7351586	0.2
290.4	105.6497494	0.2
292.05	105.661509	0.2
293.7	105.7334045	0.2
295.35	105.8424428	0.2
297	105.8159272	0.2
298.65	105.755523	0.2
300.3	105.594242	0.2
301.95	105.4592021	0.2
303.6	105.5073884	0.2
305.25	105.5160503	0.2
306.9	105.4561891	0.2
308.55	105.5164065	0.2
310.2	105.5977922	0.2
311.85	105.5407533	0.2
313.5	105.4679723	0.2
315.15	105.464158	0.2
316.8	105.4618588	0.2
318.45	105.4627771	0.2
320.1	105.4381516	0.2
321.75	105.3888803	0.2
323.4	105.4985253	0.2
325.05	105.7409876	0.2
326.7	105.9165503	0.2
328.35	106.0689925	0.2
330	106.0760919	0.2
331.65	106.0623797	0.2
333.3	105.9900397	0.2
334.95	105.9731959	0.2
336.6	106.0099347	0.2
338.25	106.0999701	0.2
339.9	106.2073579	0.2
341.55	106.3035458	0.2
343.2	106.3848967	0.2
344.85	106.382402	0.2
346.5	106.3190459	0.2
348.15	106.1567878	0.2
349.8	106.158659	0.2
351.45	106.260286	0.2
353.1	106.2182829	0.2
354.75	106.1519062	0.2
356.4	106.1661018	0.2
358.05	106.1997407	0.2
359.7	106.2602634	0.2
361.35	106.2275867	0.2
363	106.15694	0.2
364.65	106.0123749	0.2
366.3	105.8546711	0.2
367.95	105.679773	0.2
369.6	105.6228976	0.2
371.25	105.6144435	0.2
372.9	105.6682547	0.2
374.55	105.6177656	0.2
376.2	105.4704098	0.2
377.85	105.3094375	0.2
379.5	105.2162431	0.2
381.15	105.1920353	0.2
382.8	105.1906532	0.2
384.45	105.0051718	0.2
386.1	104.8012897	0.2
387.75	104.5817417	0.2
389.4	104.4799699	0.2
391.05	104.4255991	0.2
392.7	104.291664	0.2
394.35	104.2042357	0.2
396	104.1518906	0.2
397.65	104.1689244	0.2
399.3	104.225199	0.2
400.95	104.2515331	0.2
402.6	104.2173327	0.2
404.25	104.1762828	0.2
405.9	104.0902605	0.2
407.55	103.9777612	0.2
409.2	103.8684463	0.2
410.85	103.7621997	0.2
412.5	103.6264478	0.2
414.15	103.4230911	0.2
415.8	103.330522	0.2
417.45	103.0924317	0.2
419.1	102.8554788	0.2
420.75	102.5863465	0.2
422.4	102.2657877	0.2
424.05	101.9249912	0.2
425.7	101.6972242	0.2
427.35	101.4937809	0.2
429	101.2975	0.2
430.65	101.1099927	0.2
432.3	100.9088269	0.2
433.95	100.7544026	0.2
435.6	100.5233822	0.2
437.25	100.1466108	0.2
438.9	99.73528379	0.2
440.55	99.50502665	0.2
442.2	99.50280466	0.2
443.85	99.47871524	0.2
445.5	99.30674744	0.2
447.15	98.96951881	0.2
448.8	98.57911533	0.2
450.45	98.3348127	0.2
452.1	98.1355934	0.2
453.75	97.90496653	0.2
455.4	97.76191605	0.2
457.05	97.65060431	0.2
458.7	97.74141572	0.2
460.35	97.82187229	0.2
462	97.80735506	0.2
463.65	97.75663005	0.2
465.3	97.66180061	0.2
466.95	97.49837715	0.2
468.6	97.31497086	0.2
470.25	97.23005236	0.2
471.9	97.22155696	0.2
473.55	97.00665158	0.2
475.2	96.89798404	0.2
476.85	97.0036878	0.2
478.5	97.05359476	0.2
480.15	97.00545042	0.2
481.8	97.06988278	0.2
483.45	97.25804273	0.2
485.1	97.44786131	0.2
486.75	97.63139995	0.2
488.4	97.78813036	0.2
490.05	97.89164071	0.2
491.7	97.87224937	0.2
493.35	97.66476875	0.2
495	97.4543315	0.2
496.65	97.26616221	0.2
498.3	97.03653467	0.2
499.95	96.76751441	0.2
501.6	96.6683044	0.2
503.25	96.75432659	0.2
504.9	96.79630299	0.2
506.55	96.73120522	0.2
508.2	96.63315537	0.2
509.85	96.60598181	0.2
511.5	96.70377522	0.2
513.15	96.91625047	0.2
514.8	97.14975703	0.2
516.45	97.17552317	0.2
518.1	96.90373185	0.2
519.75	96.4254401	0.2
521.4	96.02091225	0.2
523.05	95.82336069	0.2
524.7	95.60015568	0.2
526.35	95.60607914	0.2
528	95.57465484	0.2
529.65	95.45302269	0.2
531.3	95.25531491	0.2
532.95	94.99344306	0.2
534.6	94.81670135	0.2
536.25	94.74460127	0.2
537.9	94.63293342	0.2
539.55	94.48539435	0.2
541.2	94.56397142	0.2
542.85	94.72173114	0.2
544.5	94.82604879	0.2
546.15	94.99186458	0.2
547.8	95.21302433	0.2
549.45	95.2268754	0.2
551.1	94.82729581	0.2
552.75	94.50645537	0.2
554.4	94.32057942	0.2
556.05	94.13859506	0.2
557.7	94.12279993	0.2
559.35	94.29571387	0.2
561	94.54942324	0.2
562.65	94.625962	0.2
564.3	94.5370995	0.2
565.95	94.74906351	0.2
567.6	94.80604104	0.2
569.25	94.70330638	0.2
570.9	94.54520051	0.2
572.55	94.36127092	0.2
574.2	94.46101433	0.2
575.85	94.51306637	0.2
577.5	94.67605605	0.2
579.15	95.15139865	0.2
580.8	95.36239335	0.2
582.45	95.13110765	0.2
584.1	94.85188233	0.2
585.75	94.70200682	0.2
587.4	94.75754794	0.2
589.05	94.82661292	0.2
590.7	94.39682602	0.2
592.35	93.95714088	0.2
594	93.88094074	0.2
595.65	94.21553297	0.2
597.3	94.5528405	0.2
598.95	94.86857107	0.2
600.6	95.08786725	0.2
602.25	95.1851919	0.2
603.9	95.39252325	0.2
605.55	95.85577784	0.2
607.2	96.05102592	0.2
608.85	96.14152425	0.2
610.5	96.23817139	0.2
612.15	96.36568266	0.2
613.8	96.56561323	0.2
615.45	96.69047629	0.2
617.1	96.52743405	0.2
618.75	96.12738828	0.2
620.4	96.07698051	0.2
622.05	96.29478367	0.2
623.7	96.72214818	0.2
625.35	97.11277409	0.2
627	97.22112106	0.2
628.65	97.08168138	0.2
630.3	96.72518272	0.2
631.95	96.2800149	0.2
633.6	96.26323257	0.2
635.25	96.54678191	0.2
636.9	96.80666051	0.2
638.55	97.02081387	0.2
640.2	96.98280148	0.2
641.85	96.94575426	0.2
643.5	97.14960941	0.2
645.15	97.14623506	0.2
646.8	97.02106513	0.2
648.45	96.89298438	0.2
650.1	96.56551869	0.2
651.75	96.11030648	0.2
653.4	95.86700414	0.2
655.05	95.75110546	0.2
656.7	95.56806604	0.2
658.35	95.27983988	0.2
660	95.2125342	0.2
661.65	95.29472695	0.2
663.3	95.22116013	0.2
664.95	95.48933407	0.2
666.6	95.70036871	0.2
668.25	95.53703808	0.2
669.9	95.37251445	0.2
671.55	95.6160081	0.2
673.2	96.0508387	0.2
674.85	96.39937472	0.2
676.5	96.53461943	0.2
678.15	96.46214925	0.2
679.8	96.30898182	0.2
681.45	96.51648985	0.2
683.1	96.69383315	0.2
684.75	96.696782	0.2
686.4	96.83389597	0.2
688.05	97.04955305	0.2
689.7	97.17528893	0.2
691.35	97.18760506	0.2
693	97.07919234	0.2
694.65	96.79043758	0.2
696.3	96.50538242	0.2
697.95	96.35559281	0.2
699.6	96.28734885	0.2
701.25	96.25922141	0.2
702.9	96.23940414	0.2
704.55	96.24130645	0.2
706.2	96.31154961	0.2
707.85	96.52648299	0.2
709.5	96.83485523	0.2
711.15	96.89679512	0.2
712.8	96.60600454	0.2
714.45	96.1446178	0.2
716.1	96.04360114	0.2
717.75	96.21390124	0.2
719.4	96.31862498	0.2
721.05	96.24345743	0.2
722.7	96.16266424	0.2
724.35	96.13578163	0.2
726	96.18134911	0.2
727.65	96.34212496	0.2
729.3	96.58648693	0.2
730.95	96.97038553	0.2
732.6	97.25161248	0.2
734.25	97.40353118	0.2
735.9	97.42830033	0.2
737.55	97.34138159	0.2
739.2	97.2185568	0.2
740.85	97.0247992	0.2
742.5	96.73128145	0.2
744.15	96.32289375	0.2
745.8	95.64545426	0.2
747.45	95.20996135	0.2
749.1	95.24397185	0.2
750.75	95.40224964	0.2
752.4	95.59734242	0.2
754.05	95.63143209	0.2
755.7	95.37285952	0.2
757.35	95.01214974	0.2
759	94.56603215	0.2
760.65	94.24830263	0.2
762.3	94.09454603	0.2
763.95	93.92575111	0.2
765.6	93.71394373	0.2
767.25	93.48623115	0.2
768.9	93.54128265	0.2
770.55	93.79378493	0.2
772.2	94.08673944	0.2
773.85	94.33751536	0.2
775.5	94.72092165	0.2
777.15	95.26229104	0.2
778.8	95.37719853	0.2
780.45	95.30252599	0.2
782.1	95.21636574	0.2
783.75	95.31067484	0.2
785.4	95.70150607	0.2
787.05	95.81318496	0.2
788.7	95.74386673	0.2
790.35	95.67244112	0.2
792	95.55756818	0.2
793.65	95.37096887	0.2
795.3	95.3185279	0.2
796.95	95.43519402	0.2
798.6	95.56682835	0.2
800.25	95.72233523	0.2
801.9	95.85288599	0.2
803.55	95.84124479	0.2
805.2	95.78499191	0.2
806.85	95.81821598	0.2
808.5	95.98007815	0.2
810.15	96.33122758	0.2
811.8	96.78897939	0.2
813.45	97.09754371	0.2
815.1	97.13772499	0.2
816.75	97.04600904	0.2
818.4	96.94872996	0.2
820.05	96.91755977	0.2
821.7	96.96353944	0.2
823.35	97.20813701	0.2
825	97.76181681	0.2
826.65	98.14610708	0.2
828.3	98.26482449	0.2
829.95	98.27501396	0.2
831.6	98.11188661	0.2
833.25	97.95171425	0.2
834.9	98.04872209	0.2
836.55	98.29956785	0.2
838.2	98.43500854	0.2
839.85	98.46134713	0.2
841.5	98.55285924	0.2
843.15	98.30896137	0.2
844.8	97.58683552	0.2
846.45	97.22198631	0.2
848.1	97.31865072	0.2
849.75	97.51486172	0.2
851.4	97.42044747	0.2
853.05	97.10286381	0.2
854.7	96.61073626	0.2
856.35	96.5642624	0.2
858	96.17391011	0.2
859.65	95.95456604	0.2
861.3	96.20726666	0.2
862.95	96.82297885	0.2
864.6	97.15015851	0.2
866.25	97.13196148	0.2
867.9	96.97112923	0.2
869.55	96.79006019	0.2
871.2	96.59166276	0.2
872.85	96.46167442	0.2
874.5	96.31085044	0.2
876.15	96.20523442	0.2
877.8	96.24887698	0.2
879.45	96.46188895	0.2
881.1	96.71157347	0.2
882.75	96.800276	0.2
884.4	96.79873478	0.2
886.05	96.77081632	0.2
887.7	96.74846506	0.2
889.35	96.73870715	0.2
891	96.74631668	0.2
892.65	96.84795191	0.2
894.3	96.97447458	0.2
895.95	97.01508336	0.2
897.6	97.02987252	0.2
899.25	97.06412527	0.2
900.9	97.11145992	0.2
902.55	97.27425331	0.2
904.2	97.77357573	0.2
905.85	98.10536979	0.2
907.5	98.16574616	0.2
909.15	98.14661571	0.2
910.8	98.00976249	0.2
912.45	97.83261613	0.2
914.1	97.74931585	0.2
915.75	97.8691174	0.2
917.4	97.80503615	0.2
919.05	97.42610945	0.2
920.7	96.74400818	0.2
922.35	96.26963254	0.2
924	96.23026486	0.2
925.65	96.05461954	0.2
927.3	95.78953815	0.2
928.95	95.8171666	0.2
930.6	95.80008847	0.2
932.25	95.73176674	0.2
933.9	95.72361006	0.2
935.55	95.79209088	0.2
937.2	95.99519968	0.2
938.85	95.89145519	0.2
940.5	95.51361888	0.2
942.15	95.38299517	0.2
943.8	95.54018441	0.2
945.45	95.73825257	0.2
947.1	95.91610865	0.2
948.75	96.18023278	0.2
950.4	96.48027913	0.2
952.05	96.73354102	0.2
953.7	96.94632168	0.2
955.35	97.30644457	0.2
957	97.52703795	0.2
958.65	97.58671894	0.2
960.3	97.67198848	0.2
961.95	97.80119606	0.2
963.6	98.02128046	0.2
965.25	98.49720374	0.2
966.9	98.61775106	0.2
968.55	98.59311115	0.2
970.2	98.73285526	0.2
971.85	99.08500625	0.2
973.5	99.39522643	0.2
975.15	99.59374102	0.2
976.8	99.51877724	0.2
978.45	99.20097652	0.2
980.1	98.71263445	0.2
981.75	98.50015816	0.2
983.4	98.66177769	0.2
985.05	98.8124713	0.2
986.7	98.79271595	0.2
988.35	98.57267411	0.2
990	98.27069781	0.2
991.65	98.07331523	0.2
993.3	97.85118989	0.2
994.95	97.44718369	0.2
996.6	97.13865592	0.2
998.25	96.95778257	0.2
999.9	96.64767569	0.2
1001.55	96.35765281	0.2
1003.2	96.21291786	0.2
1004.85	96.23982405	0.2
1006.5	96.47862164	0.2
1008.15	96.57345025	0.2
1009.8	96.31669809	0.2
1011.45	95.79970471	0.2
1013.1	95.65769074	0.2
1014.75	95.82511745	0.2
1016.4	96.00971799	0.2
1018.05	96.17894474	0.2
1019.7	96.34912056	0.2
1021.35	96.53743412	0.2
1023	97.01266794	0.2
1024.65	97.64669707	0.2
1026.3	98.18604671	0.2
1027.95	98.47793498	0.2
1029.6	98.35681157	0.2
1031.25	97.73432337	0.2
1032.9	97.63244027	0.2
1034.55	97.31440083	0.2
1036.2	96.75879769	0.2
1037.85	96.44945625	0.2
1039.5	96.45416185	0.2
1041.15	96.56294617	0.2
1042.8	96.63263692	0.2
1044.45	96.61782486	0.2
1046.1	96.46681385	0.2
1047.75	96.12545015	0.2
1049.4	95.6818016	0.2
1051.05	95.51098608	0.2
1052.7	95.58810609	0.2
1054.35	95.83947897	0.2
1056	96.15896493	0.2
1057.65	96.53972091	0.2
1059.3	96.97109294	0.2
1060.95	97.04749611	0.2
1062.6	97.03105064	0.2
1064.25	97.301369	0.2
1065.9	97.35895872	0.2
1067.55	97.49195563	0.2
1069.2	97.72000198	0.2
1070.85	97.66106466	0.2
1072.5	97.91545966	0.2
1074.15	98.31282134	0.2
1075.8	98.63070363	0.2
1077.45	98.86227878	0.2
1079.1	99.13082256	0.2
1080.75	99.63500454	0.2
1082.4	99.90781252	0.2
1084.05	100.0897493	0.2
1085.7	100.3618436	0.2
1087.35	100.5257109	0.2
1089	100.702271	0.2
1090.65	101.0390829	0.2
1092.3	101.2834054	0.2
1093.95	101.3720026	0.2
1095.6	101.5898909	0.2
1097.25	101.7883018	0.2
1098.9	101.8558915	0.2
1100.55	101.9507661	0.2
1102.2	101.8545775	0.2
1103.85	101.5332458	0.2
1105.5	101.2739672	0.2
1107.15	101.0484431	0.2
1108.8	100.9628723	0.2
1110.45	101.0310938	0.2
1112.1	100.991798	0.2
1113.75	100.8418754	0.2
1115.4	100.6687805	0.2
1117.05	100.6617097	0.2
1118.7	101.0881504	0.2
1120.35	101.6888074	0.2
1122	102.0908014	0.2
1123.65	102.1338604	0.2
1125.3	101.9903412	0.2
1126.95	101.6888422	0.2
1128.6	101.485785	0.2
1130.25	101.4817052	0.2
1131.9	101.3164133	0.2
1133.55	101.2379368	0.2
1135.2	101.3025761	0.2
1136.85	101.3313123	0.2
1138.5	101.3290818	0.2
1140.15	101.1249376	0.2
1141.8	100.6881635	0.2
1143.45	100.5729268	0.2
1145.1	100.6952534	0.2
1146.75	100.5417064	0.2
1148.4	100.0604655	0.2
1150.05	99.43563033	0.2
1151.7	99.51029572	0.2
1153.35	99.92766397	0.2
1155	100.2229119	0.2
1156.65	99.92204599	0.2
1158.3	99.35100773	0.2
1159.95	99.08238748	0.2
1161.6	99.03248105	0.2
1163.25	98.99267741	0.2
1164.9	98.73532081	0.2
1166.55	98.57577983	0.2
1168.2	98.78485321	0.2
1169.85	99.24913412	0.2
1171.5	99.63447143	0.2
1173.15	99.78955824	0.2
1174.8	99.84323729	0.2
1176.45	99.74904294	0.2
1178.1	99.6704535	0.2
1179.75	99.99373374	0.2
1181.4	100.2717996	0.2
1183.05	100.5016311	0.2
1184.7	100.6861092	0.2
1186.35	100.6468385	0.2
1188	100.6512628	0.2
1189.65	100.8683468	0.2
1191.3	101.052141	0.2
1192.95	101.1536772	0.2
1194.6	101.075947	0.2
1196.25	100.9429746	0.2
1197.9	100.6726576	0.2
1199.55	100.380541	0.2
1201.2	100.331813	0.2
1202.85	100.3198776	0.2
1204.5	100.354053	0.2
1206.15	100.440852	0.2
1207.8	100.2737966	0.2
1209.45	100.2165135	0.2
1211.1	100.2600043	0.2
1212.75	100.098595	0.2
1214.4	100.1577661	0.2
1216.05	100.3829089	0.2
1217.7	100.6574704	0.2
1219.35	101.1096842	0.2
1221	101.3235106	0.2
1222.65	101.07872	0.2
1224.3	100.9134691	0.2
1225.95	100.9025243	0.2
1227.6	100.9800642	0.2
1229.25	101.0568802	0.2
1230.9	101.0205461	0.2
1232.55	100.9050504	0.2
1234.2	100.6719058	0.2
1235.85	100.3782097	0.2
1237.5	100.3158205	0.2
1239.15	100.4092352	0.2
1240.8	100.317125	0.2
1242.45	99.99212029	0.2
1244.1	99.7721499	0.2
1245.75	99.54663145	0.2
1247.4	99.47028136	0.2
1249.05	99.22244768	0.2
1250.7	98.99745391	0.2
1252.35	99.06433224	0.2
1254	99.1922779	0.2
1255.65	98.82193561	0.2
1257.3	98.87446786	0.2
1258.95	98.82335342	0.2
1260.6	98.5579277	0.2
1262.25	98.4101415	0.2
1263.9	98.29278114	0.2
1265.55	98.11322138	0.2
1267.2	97.91840109	0.2
1268.85	97.83325546	0.2
1270.5	97.78080041	0.2
1272.15	97.60709977	0.2
1273.8	97.32508373	0.2
1275.45	97.69195103	0.2
1277.1	97.88497088	0.2
1278.75	97.87667164	0.2
1280.4	98.35320368	0.2
1282.05	98.62045106	0.2
1283.7	98.63073003	0.2
1285.35	98.75663548	0.2
1287	99.04565344	0.2
1288.65	99.47679216	0.2
1290.3	99.81545908	0.2
1291.95	100.2225851	0.2
1293.6	100.6839226	0.2
1295.25	100.7582578	0.2
1296.9	100.7079808	0.2
1298.55	100.8165101	0.2
1300.2	101.104425	0.2
1301.85	101.5195261	0.2
1303.5	101.8914701	0.2
1305.15	101.9472918	0.2
1306.8	101.8574043	0.2
1308.45	101.9163777	0.2
1310.1	101.9467445	0.2
1311.75	101.7640987	0.2
1313.4	101.1697418	0.2
1315.05	100.8434466	0.2
1316.7	100.87904	0.2
1318.35	100.9979715	0.2
1320	100.989831	0.2
1321.65	100.8802712	0.2
1323.3	100.9282769	0.2
1324.95	101.0959648	0.2
1326.6	101.3493851	0.2
1328.25	101.7451815	0.2
1329.9	102.1579401	0.2
1331.55	102.3967966	0.2
1333.2	102.4926517	0.2
1334.85	102.5162036	0.2
1336.5	102.4381695	0.2
1338.15	102.2492139	0.2
1339.8	101.9161566	0.2
1341.45	101.6884587	0.2
1343.1	101.7075492	0.2
1344.75	101.7648694	0.2
1346.4	101.7307213	0.2
1348.05	101.62959	0.2
1349.7	101.4093839	0.2
1351.35	100.9701106	0.2
1353	100.7009441	0.2
1354.65	100.5489518	0.2
1356.3	99.99797826	0.2
1357.95	99.84541244	0.2
1359.6	99.77515991	0.2
1361.25	99.28932427	0.2
1362.9	99.2785138	0.2
1364.55	99.39969499	0.2
1366.2	99.36695448	0.2
1367.85	99.14527124	0.2
1369.5	99.15750611	0.2
1371.15	99.49712248	0.2
1372.8	99.92477439	0.2
1374.45	100.3451577	0.2
1376.1	100.6038154	0.2
1377.75	100.7282042	0.2
1379.4	100.8530584	0.2
1381.05	101.0690894	0.2
1382.7	101.2807829	0.2
1384.35	101.2346528	0.2
1386	101.0664651	0.2
1387.65	101.0890928	0.2
1389.3	101.1629521	0.2
1390.95	101.155542	0.2
1392.6	101.3652534	0.2
1394.25	101.6475766	0.2
1395.9	101.6950031	0.2
1397.55	101.3598425	0.2
1399.2	101.4641865	0.2
1400.85	102.1003376	0.2
1402.5	102.3699444	0.2
1404.15	102.4016558	0.2
1405.8	102.6849816	0.2
1407.45	102.9830619	0.2
1409.1	103.3839467	0.2
1410.75	103.8187766	0.2
1412.4	104.1267678	0.2
1414.05	104.1989063	0.2
1415.7	104.1425056	0.2
1417.35	104.1527188	0.2
1419	104.0927706	0.2
1420.65	103.7351601	0.2
1422.3	103.6796676	0.2
1423.95	103.3314268	0.2
1425.6	102.8903284	0.2
1427.25	102.7512779	0.2
1428.9	102.8870548	0.2
1430.55	103.0769651	0.2
1432.2	103.1163449	0.2
1433.85	103.2909844	0.2
1435.5	103.4874906	0.2
1437.15	103.3922003	0.2
1438.8	103.5193209	0.2
1440.45	103.8973866	0.2
1442.1	104.4309783	0.2
1443.75	105.0022273	0.2
1445.4	105.4917802	0.2
1447.05	105.7147622	0.2
1448.7	105.8072976	0.2
1450.35	106.0827466	0.2
1452	106.2956964	0.2
1453.65	105.9971478	0.2
1455.3	105.8751576	0.2
1456.95	106.0912175	0.2
1458.6	106.3767969	0.2
1460.25	106.4196795	0.2
1461.9	106.6015705	0.2
1463.55	106.840919	0.2
1465.2	106.8857519	0.2
1466.85	106.358389	0.2
1468.5	105.8103312	0.2
1470.15	105.3252664	0.2
1471.8	104.775789	0.2
1473.45	104.2550244	0.2
1475.1	103.6899329	0.2
1476.75	103.1935949	0.2
1478.4	102.9706584	0.2
1480.05	103.0214867	0.2
1481.7	102.6240691	0.2
1483.35	102.0697771	0.2
1485	101.8447172	0.2
1486.65	102.0116222	0.2
1488.3	102.2917685	0.2
1489.95	102.5241216	0.2
1491.6	102.8081869	0.2
1493.25	103.0929909	0.2
1494.9	103.3502249	0.2
1496.55	103.5324621	0.2
1498.2	103.5361851	0.2
1499.85	103.4054899	0.2
1501.5	103.2541282	0.2
1503.15	103.299609	0.2
1504.8	103.6882739	0.2
1506.45	103.9169316	0.2
1508.1	103.8573463	0.2
1509.75	103.875822	0.2
1511.4	103.7170913	0.2
1513.05	103.1785642	0.2
1514.7	102.8225747	0.2
1516.35	102.8885162	0.2
1518	102.9543827	0.2
1519.65	103.0324088	0.2
1521.3	103.1726022	0.2
1522.95	103.2689826	0.2
1524.6	103.2489556	0.2
1526.25	103.160845	0.2
1527.9	103.1761599	0.2
1529.55	103.2403941	0.2
1531.2	103.3097445	0.2
1532.85	103.296681	0.2
1534.5	103.1938959	0.2
1536.15	103.0005091	0.2
1537.8	102.9056549	0.2
1539.45	103.0582072	0.2
1541.1	103.22559	0.2
1542.75	103.3161436	0.2
1544.4	103.5267425	0.2
1546.05	103.8786845	0.2
1547.7	104.1030808	0.2
1549.35	104.1038368	0.2
1551	104.1405201	0.2
1552.65	104.2727234	0.2
1554.3	104.4274065	0.2
1555.95	104.586888	0.2
1557.6	104.9121178	0.2
1559.25	105.2828757	0.2
1560.9	105.395952	0.2
1562.55	105.3109706	0.2
1564.2	105.1755419	0.2
1565.85	105.1249108	0.2
1567.5	105.3224771	0.2
1569.15	105.5865716	0.2
1570.8	105.7535387	0.2
1572.45	105.8005985	0.2
1574.1	105.6974257	0.2
1575.75	105.5419198	0.2
1577.4	105.3573575	0.2
1579.05	105.156682	0.2
1580.7	105.0199999	0.2
1582.35	105.1331957	0.2
1584	105.4116866	0.2
1585.65	105.6143529	0.2
1587.3	105.704112	0.2
1588.95	105.5964795	0.2
1590.6	105.4416543	0.2
1592.25	105.3697083	0.2
1593.9	105.3177921	0.2
1595.55	105.264112	0.2
1597.2	105.2939397	0.2
1598.85	105.4167535	0.2
1600.5	105.5339435	0.2
1602.15	105.6476888	0.2
1603.8	105.7940628	0.2
1605.45	105.9575257	0.2
1607.1	106.0427126	0.2
1608.75	106.0157193	0.2
1610.4	105.8398099	0.2
1612.05	105.6248771	0.2
1613.7	105.5813795	0.2
1615.35	105.5160844	0.2
1617	105.400644	0.2
1618.65	105.4461203	0.2
1620.3	105.6150856	0.2
1621.95	105.6344003	0.2
1623.6	105.4485268	0.2
1625.25	105.2396579	0.2
1626.9	105.0732719	0.2
1628.55	105.0350745	0.2
1630.2	105.0673269	0.2
1631.85	105.0659629	0.2
1633.5	105.0591102	0.2
1635.15	105.1310805	0.2
1636.8	105.2333465	0.2
1638.45	105.2229556	0.2
1640.1	105.0645771	0.2
1641.75	104.7610487	0.2
1643.4	104.6005096	0.2
1645.05	104.7197569	0.2
1646.7	104.9358109	0.2
1648.35	105.1633938	0.2
1650	105.1913346	0.2
1651.65	104.9734919	0.2
1653.3	104.7983347	0.2
1654.95	104.7348155	0.2
1656.6	104.7115676	0.2
1658.25	104.66764	0.2
1659.9	104.5228903	0.2
1661.55	104.3978588	0.2
1663.2	104.4470441	0.2
1664.85	104.5149357	0.2
1666.5	104.5504188	0.2
1668.15	104.5777372	0.2
1669.8	104.5949686	0.2
1671.45	104.5560519	0.2
1673.1	104.4725437	0.2
1674.75	104.421293	0.2
1676.4	104.4222576	0.2
1678.05	104.4364818	0.2
1679.7	104.4756321	0.2
1681.35	104.6104137	0.2
1683	104.8229377	0.2
1684.65	104.9316686	0.2
1686.3	104.8931894	0.2
1687.95	104.9858681	0.2
1689.6	105.3086811	0.2
1691.25	105.7665031	0.2
1692.9	106.1754293	0.2
1694.55	106.6932886	0.2
1696.2	107.1466125	0.2
1697.85	107.4998231	0.2
1699.5	107.6618052	0.2
1701.15	107.7196481	0.2
1702.8	107.8199704	0.2
1704.45	107.9814834	0.2
1706.1	108.2298036	0.2
1707.75	108.4580927	0.2
1709.4	108.5741991	0.2
1711.05	108.5758468	0.2
1712.7	108.4247596	0.2
1714.35	108.4967594	0.2
1716	108.660409	0.2
1717.65	108.7577616	0.2
1719.3	108.7664007	0.2
1720.95	108.7153672	0.2
1722.6	108.6272273	0.2
1724.25	108.5429471	0.2
1725.9	108.5127761	0.2
1727.55	108.4908118	0.2
1729.2	108.4398376	0.2
1730.85	108.4153727	0.2
1732.5	108.4790951	0.2
1734.15	108.486651	0.2
1735.8	108.302095	0.2
1737.45	108.0141565	0.2
1739.1	107.7049255	0.2
1740.75	107.4708111	0.2
1742.4	107.2551605	0.2
1744.05	106.8893641	0.2
1745.7	106.3653227	0.2
1747.35	105.8867706	0.2
1749	105.2098168	0.2
1750.65	104.584514	0.2
1752.3	104.0472889	0.2
1753.95	103.4844755	0.2
1755.6	103.0087492	0.2
1757.25	102.5708801	0.2
1758.9	102.1018444	0.2
1760.55	101.666136	0.2
1762.2	101.3409903	0.2
1763.85	101.0325012	0.2
1765.5	100.5964682	0.2
1767.15	100.1032005	0.2
1768.8	99.74769879	0.2
1770.45	99.33953796	0.2
1772.1	99.00485909	0.2
1773.75	98.88097892	0.2
1775.4	98.53557595	0.2
1777.05	98.52532723	0.2
1778.7	98.38041111	0.2
1780.35	97.62277766	0.2
1782	97.60518804	0.2
1783.65	97.91134035	0.2
1785.3	97.93172092	0.2
1786.95	97.71322759	0.2
1788.6	97.20886431	0.2
1790.25	97.09461932	0.2
1791.9	97.03144301	0.2
1793.55	96.85751116	0.2
1795.2	96.53427322	0.2
1796.85	95.41709339	0.2
1798.5	94.66008451	0.2
1800.15	94.21964359	0.2
1801.8	93.19126797	0.2
1803.45	92.64239527	0.2
1805.1	92.45998779	0.2
1806.75	92.88494654	0.2
1808.4	92.77294796	0.2
1810.05	92.30036982	0.2
1811.7	92.48130352	0.2
1813.35	92.84057806	0.2
1815	92.98733822	0.2
1816.65	92.97210187	0.2
1818.3	92.94243306	0.2
1819.95	93.11628553	0.2
1821.6	92.92055619	0.2
1823.25	93.1112821	0.2
1824.9	93.45943813	0.2
1826.55	93.39760408	0.2
1828.2	93.6901946	0.2
1829.85	94.4520052	0.2
1831.5	94.24118978	0.2
1833.15	94.37383475	0.2
1834.8	94.23572198	0.2
1836.45	93.92678085	0.2
1838.1	94.05629099	0.2
1839.75	93.98367886	0.2
1841.4	94.42092563	0.2
1843.05	94.18647954	0.2
1844.7	94.08615806	0.2
1846.35	94.41720974	0.2
1848	95.04482342	0.2
1849.65	95.46871149	0.2
1851.3	95.28703613	0.2
1852.95	95.40649962	0.2
1854.6	95.37947682	0.2
1856.25	95.37009227	0.2
1857.9	95.64681535	0.2
1859.55	96.03811172	0.2
1861.2	95.73975115	0.2
1862.85	95.40789443	0.2
1864.5	95.54441724	0.2
1866.15	95.48586892	0.2
1867.8	95.0157293	0.2
1869.45	94.69221187	0.2
1871.1	94.34774869	0.2
1872.75	93.96771021	0.2
1874.4	93.53685652	0.2
1876.05	92.93444328	0.2
1877.7	93.34939336	0.2
1879.35	92.61702644	0.2
1881	92.06576632	0.2
1882.65	92.20121744	0.2
1884.3	91.94968359	0.2
1885.95	91.88994337	0.2
1887.6	92.2200317	0.2
1889.25	92.06062575	0.2
1890.9	91.8068183	0.2
1892.55	92.08997082	0.2
1894.2	92.4545575	0.2
1895.85	92.81213847	0.2
1897.5	93.33777396	0.2
1899.15	93.99889195	0.2
1900.8	94.03032184	0.2
1902.45	94.60861757	0.2
1904.1	95.71025575	0.2
1905.75	96.85704631	0.2
1907.4	96.37782333	0.2
1909.05	96.13721655	0.2
1910.7	96.02382051	0.2
1912.35	96.02600364	0.2
1914	96.1141116	0.2
1915.65	96.27641578	0.2
1917.3	96.15007638	0.2
1918.95	96.49053294	0.2
1920.6	97.17174794	0.2
1922.25	97.46587573	0.2
1923.9	96.91548463	0.2
1925.55	96.11181971	0.2
1927.2	95.87193295	0.2
1928.85	95.14512258	0.2
1930.5	94.34974865	0.2
1932.15	94.63870713	0.2
1933.8	94.63165447	0.2
1935.45	94.66140831	0.2
1937.1	95.07448607	0.2
1938.75	96.08672545	0.2
1940.4	96.85551173	0.2
1942.05	97.10142934	0.2
1943.7	97.44494319	0.2
1945.35	97.73350033	0.2
1947	97.54132697	0.2
1948.65	97.33682664	0.2
1950.3	96.91364451	0.2
1951.95	96.03012182	0.2
1953.6	95.93886722	0.2
1955.25	95.88182256	0.2
1956.9	95.41590109	0.2
1958.55	95.11161461	0.2
1960.2	95.31098689	0.2
1961.85	95.99544189	0.2
1963.5	96.10890233	0.2
1965.15	96.29263266	0.2
1966.8	96.02860269	0.2
1968.45	95.95341471	0.2
1970.1	95.78758197	0.2
1971.75	94.86242039	0.2
1973.4	93.92724893	0.2
1975.05	93.31898407	0.2
1976.7	93.0011768	0.2
1978.35	93.48010232	0.2
1980	93.70452546	0.2
1981.65	93.44777014	0.2
1983.3	93.73401511	0.2
1984.95	94.12942749	0.2
1986.6	94.56627097	0.2
1988.25	94.97361764	0.2
1989.9	95.24034674	0.2
1991.55	95.3866581	0.2
1993.2	95.08187486	0.2
1994.85	94.64635041	0.2
1996.5	94.70427484	0.2
1998.15	94.75878488	0.2
1999.8	94.43288196	0.2
2001.45	94.30838149	0.2
2003.1	94.15506446	0.2
2004.75	93.37450057	0.2
2006.4	92.97724049	0.2
2008.05	93.35098915	0.2
2009.7	93.07332036	0.2
2011.35	93.40326946	0.2
2013	94.06754837	0.2
2014.65	94.67224678	0.2
2016.3	95.43527202	0.2
2017.95	96.20722269	0.2
2019.6	96.74583546	0.2
2021.25	97.33956673	0.2
2022.9	96.97642742	0.2
2024.55	97.1838795	0.2
2026.2	97.77128556	0.2
2027.85	98.30058352	0.2
2029.5	99.03893521	0.2
2031.15	100.0906065	0.2
2032.8	100.989643	0.2
2034.45	101.9162119	0.2
2036.1	102.9342945	0.2
2037.75	103.5004309	0.2
2039.4	104.0097911	0.2
2041.05	104.5775817	0.2
2042.7	104.3962329	0.2
2044.35	103.1594855	0.2
2046	102.6710399	0.2
2047.65	102.9377224	0.2
2049.3	102.3484695	0.2
2050.95	102.2882515	0.2
2052.6	102.522012	0.2
2054.25	102.4590515	0.2
2055.9	102.0364119	0.2
2057.55	102.2917938	0.2
2059.2	102.8660486	0.2
2060.85	103.6011019	0.2
2062.5	104.0999896	0.2
2064.15	103.8878914	0.2
2065.8	103.4978714	0.2
2067.45	102.550797	0.2
2069.1	102.1334759	0.2
2070.75	102.4953157	0.2
2072.4	102.8907076	0.2
2074.05	103.3638107	0.2
2075.7	103.769094	0.2
2077.35	103.7775683	0.2
2079	103.9818548	0.2
2080.65	104.1634214	0.2