#Includes NG2-GRIP from GICC21 tiepoints
##Includes NG2-GRIP from gicc05modeltext 2014
depth1	depth2	age_unc	comment
1347.301	1460.029	10.0	
1347.572	1460.314	10.0	
1347.982	1460.771	10.0	
1348.622	1461.446	10.0	
1348.91	1461.741	10.0	
1352.313	1465.38	10.0	
1354.108	1467.339	10.0	
1354.471	1467.713	10.0	
1355.647	1469.113	10.0	
1356.152	1469.637	10.0	
1356.942	1470.514	10.0	
1360.44	1474.384	10.0	
1360.809	1474.803	10.0	
1361.85	1476.004	10.0	
1362.292	1476.512	10.0	
1363.283	1477.551	10.0	
1365.587	1480.062	10.0	
1366.183	1480.723	10.0	
1368.942	1483.665	10.0	
1369.947	1484.822	10.0	
1371.582	1486.612	10.0	
1373.277	1488.498	10.0	
1374.067	1489.309	10.0	
1374.411	1489.677	10.0	
1375.911	1491.386	10.0	
1377.255	1492.823	10.0	
1378.674	1494.453	10.0	
1380.094	1496.02	10.0	
1380.564	1496.46	10.0	
1381.106	1497.089	10.0	
1381.892	1497.875	10.0	
1382.516	1498.562	10.0	
1383.761	1499.965	10.0	
1384.466	1500.755	10.0	
1386.425	1502.978	10.0	
1386.683	1503.227	10.0	
1386.748	1503.322	10.0	
1388.287	1505.063	10.0	
1388.887	1505.682	10.0	
1389.313	1506.19	10.0	
1389.81	1506.759	10.0	
1390.366	1507.353	10.0	
1391.359	1508.402	10.0	
1392.143	1509.238	10.0	
1393.092	1510.343	10.0	
1393.478	1510.77	10.0	
1394.674	1512.179	10.0	
1397.144	1514.736	10.0	
1397.728	1515.417	10.0	
1398.341	1516.076	10.0	
1398.991	1516.792	10.0	
1399.381	1517.287	10.0	
1401.406	1519.377	10.0	
1401.735	1519.717	10.0	
1402.992	1521.072	10.0	
1403.983	1522.093	10.0	
1406.929	1525.311	10.0	
1409.82	1528.585	10.0	
1410.627	1529.472	10.0	
1412.266	1531.273	10.0	
1413.64	1532.805	10.0	
1414.993	1534.333	10.0	
1416.066	1535.577	10.0	
1416.837	1536.464	10.0	
1418.076	1537.873	10.0	
1419.082	1539.055	10.0	
1421.185	1541.405	10.0	
1423.593	1544.169	10.0	
1424.195	1544.888	10.0	
1425.268	1546.086	10.0	
1426.16	1547.066	10.0	
1427.027	1548.124	10.0	
1427.862	1549.089	10.0	
1428.496	1549.828	10.0	
1431.246	1553.043	10.0	
1434.5	1556.84	10.0	
1441.926	1565.482	10.0	
1444.479	1568.322	10.0	
1445.091	1569.01	10.0	
1446.405	1570.574	10.0	
1447.28	1571.599	10.0	
1448.17	1572.716	10.0	
1450.593	1575.657	10.0	
1450.749	1575.845	10.0	
1455.97	1581.884	10.0	
1456.768	1582.771	10.0	
1457.7	1583.863	10.0	
1458.709	1585.109	10.0	
1461.967	1588.857	10.0	
1464.205	1591.454	10.0	
1465.562	1592.965	10.0	
1465.768	1593.195	10.0	
1466.13	1593.606	10.0	
1468.415	1596.267	10.0	
1469.15	1597.178	10.0	
1470.627	1598.9	10.0	
1471.126	1599.467	10.0	
1472.231	1600.751	10.0	
1472.639	1601.213	10.0	
1474.171	1603.025	10.0	
1475.59	1604.748	10.0	
1476.458	1605.694	10.0	
1477.841	1607.202	10.0	
1477.998	1607.38	10.0	
1479.487	1609.156	10.0	
1479.72	1609.4	10.0	
1479.873	1609.565	10.0	
1480.91	1610.739	10.0	
1481.502	1611.405	10.0	
1481.764	1611.736	10.0	
1482.282	1612.372	10.0	
1483.132	1613.454	10.0	
1483.722	1614.064	10.0	
1484.243	1614.686	10.0	
1485.087	1615.618	10.0	
1485.262	1615.825	10.0	
1485.496	1616.125	10.0	
1485.813	1616.486	10.0	
1486.093	1616.821	10.0	
1486.196	1616.973	10.0	
1486.374	1617.201	10.0	
1486.619	1617.481	10.0	
1487.396	1618.466	10.0	
1487.852	1618.985	10.0	
1488.447	1619.709	10.0	
1488.766	1620.031	10.0	
1489.03	1620.366	10.0	
1489.416	1620.808	10.0	
1490.08	1621.569	10.0	
1490.432	1621.972	10.0	
1490.74	1622.299	10.0	
1491.298	1622.973	10.0	
1491.813	1623.553	10.0	
1492.61	1624.449	10.0	
1493.636	1625.651	10.0	
1493.801	1625.816	10.0	
1494.431	1626.516	10.0	
1495.381	1627.543	10.0	
1495.785	1628.029	10.0	
1496.112	1628.338	10.0	
1500.734	1633.481	10.0	
1501.85	1634.636	10.0	
1503.499	1636.505	10.0	
1504.02	1637.1	10.0	
1506.108	1639.543	10.0	
1507.008	1640.521	10.0	
1508.05	1641.7	10.0	
1511.357	1645.339	10.0	
1512.004	1646.133	10.0	
1513.462	1647.815	10.0	
1517.98	1652.898	10.0	
1522.206	1657.511	10.0	
1524.185	1659.829	10.0	
1524.77	1660.462	10.0	
1525.454	1661.219	10.0	
1525.862	1661.702	10.0	
1526.497	1662.378	10.0	
1527.317	1663.325	10.0	
1529.023	1665.26	10.0	
1530.485	1667.001	10.0	
1531.776	1668.483	10.0	
1532.38	1669.26	10.0	
1533.16	1670.131	10.0	
1535.687	1673.107	10.0	
1536.035	1673.501	10.0	
1538.39	1676.25	10.0	
1538.676	1676.545	10.0	
1539.366	1677.337	10.0	
1540.037	1678.13	10.0	
1540.676	1678.816	10.0	
1541.622	1679.975	10.0	
1541.958	1680.369	10.0	
1543.069	1681.628	10.0	
1543.528	1682.139	10.0	
1544.236	1683.012	10.0	
1545.612	1684.632	10.0	
1547.86	1687.271	10.0	
1549.426	1689.134	10.0	
1555.457	1696.121	10.0	
1556.83	1697.69	10.0	
1557.272	1698.208	10.0	
1558.465	1699.546	10.0	
1560.159	1701.589	10.0	
1561.495	1703.137	10.0	
1562.416	1704.203	10.0	
1563.139	1705.074	10.0	
1564.5	1706.598	10.0	
1566.528	1708.951	10.0	
1567.573	1710.171	10.0	
1568.246	1710.953	10.0	
1568.989	1711.774	10.0	
1569.543	1712.438	10.0	
1571.39	1714.47	10.0	
1573.661	1717.198	10.0	
1574.903	1718.537	10.0	
1575.999	1719.855	10.0	
1576.651	1720.576	10.0	
1577.573	1721.672	10.0	
1578.605	1722.902	10.0	
1579.77	1724.264	10.0	
1580.71	1725.4	10.0	
1581.848	1726.675	10.0	
1582.623	1727.586	10.0	
1583.582	1728.708	10.0	
1584.505	1729.813	10.0	
1585.306	1730.729	10.0	
1588.09	1733.961	10.0	
1588.937	1734.935	10.0	
1590.265	1736.485	10.0	
1590.85	1737.255	10.0	
1592.197	1738.837	10.0	
1594.59	1741.723	10.0	
1595.1	1742.31	10.0	
1595.798	1743.074	10.0	
1596.278	1743.617	10.0	
1597.519	1745.166	10.0	
1599.069	1746.981	10.0	
1601.074	1749.324	10.0	
1601.546	1749.86	10.0	
1602.033	1750.351	10.0	
1602.444	1750.88	10.0	
1602.962	1751.496	10.0	
1604.968	1753.773	10.0	
1605.737	1754.605	10.0	
1606.57	1755.5	10.0	
1607.468	1756.53	10.0	
1609.45	1758.71	10.0	
1610.802	1760.193	10.0	
1611.996	1761.459	10.0	
1614.724	1764.346	10.0	
1619.573	1769.52	10.0	
1621.541	1771.622	10.0	
1625.582	1775.823	10.0	
1627.957	1778.339	10.0	
1642.655	1793.372	10.0	
1645.83	1796.719	10.0	
1662.4	1814.55	10.0	
1664.1	1816.575	10.0	
1665.5	1818.225	10.0	
1687.765	1840.777	10.0	
1692.631	1845.559	10.0	
1693.678	1846.601	10.0	
1699.819	1852.61	10.0	
1714.184	1867.33	10.0	
1716.152	1869.385	10.0	
1719.126	1872.493	10.0	
1721.322	1874.755	10.0	
1728.587	1882.23	10.0	
1770.805	1926.337	10.0	
1782.658	1939.263	10.0	
1783.702	1940.372	10.0	
1798.346	1955.952	10.0	
1802.266	1960.033	10.0	
1820.387	1978.578	10.0	
1840.224	1997.825	10.0	
1843.683	2001.127	10.0	
1862.579	2018.919	10.0	
1864.021	2020.432	10.0	
1866.205	2022.532	10.0	
1866.87	2023.14	10.0	
1868.553	2024.819	10.0	
1870.388	2026.638	10.0	
1871.387	2027.532	10.0	
1872.251	2028.272	10.0	
1880.006	2035.246	10.0	
1888.696	2043.406	10.0	
1889.859	2044.51	10.0	
1894.009	2048.236	10.0	
1902.839	2055.987	10.0	
1916.796	2068.054	10.0	
1918.953	2069.764	10.0	
1929.871	2079.365	10.0	
1931.048	2080.41	10.0	
1939.513	2087.83	10.0	
1939.939	2088.208	10.0	
1944.445	2092.237	10.0	
1946.539	2094.09	10.0	
1947.337	2094.825	10.0	
1947.944	2095.385	10.0	
1948.724	2096.109	10.0	
1949.234	2096.587	10.0	
1949.567	2096.922	10.0	
1950.451	2097.746	10.0	
1951.089	2098.329	10.0	
1971.809	2116.21	10.0	
1972.687	2117.105	10.0	
1983.491	2125.671	10.0	
1987.977	2129.88	10.0	
1989.891	2131.405	10.0	
1990.753	2132.205	10.0	
1992.606	2133.858	10.0	
1994.006	2135.061	10.0	
1995.096	2136.022	10.0	
1998.139	2138.67	10.0	
1998.849	2139.281	10.0	
1999.886	2140.202	10.0	
2000.193	2140.473	10.0	
2000.714	2140.958	10.0	
2002.885	2142.902	10.0	
2003.453	2143.399	10.0	
2005.777	2145.43	10.0	
2006.221	2145.812	10.0	
2009.218	2148.487	10.0	
2011.027	2150.088	10.0	
2026.2	2162.175	10.0	
2029.203	2164.674	10.0	
2032.331	2167.324	10.0	
2035.427	2169.916	10.0	
2038.021	2172.18	10.0	
2038.371	2172.476	10.0	
2040.443	2174.287	10.0	
2042.696	2176.3	10.0	
2044.165	2177.607	10.0	
2044.994	2178.324	10.0	
2046.471	2179.623	10.0	
2047.001	2180.105	10.0	
2047.323	2180.366	10.0	
2049.481	2182.291	10.0	
2050.45	2183.165	10.0	
2052.446	2184.888	10.0	
2052.908	2185.337	10.0	
2054.219	2186.48	10.0	
2055.353	2187.467	10.0	
2058.248	2190.004	10.0	
2062.032	2193.328	10.0	
2063.098	2194.278	10.0	
2065.467	2196.344	10.0	
2065.609	2196.477	10.0	
2065.773	2196.647	10.0	
2066.838	2197.548	10.0	
2067.363	2197.994	10.0	
2067.612	2198.237	10.0	
2067.834	2198.41	10.0	
2068.672	2199.15	10.0	
2069.25	2199.661	10.0	
2070.246	2200.507	10.0	
2077.955	2206.8	10.0	
2100.037	2223.937	10.0	
2103.95	2227.075	10.0	
2111.575	2233.015	10.0	
2115.397	2236.198	10.0	
2116.143	2236.819	10.0	
2118.626	2238.904	10.0	
2121.864	2241.555	10.0	
2135.131	2252.045	10.0	
2136.945	2253.538	10.0	
2138.056	2254.437	10.0	
2142.364	2257.954	10.0	
2143.688	2259.05	10.0	
2145.732	2260.753	10.0	
2146.355	2261.311	10.0	
2146.731	2261.669	10.0	
2151.786	2265.975	10.0	
2154.835	2268.522	10.0	
2155.211	2268.822	10.0	
2155.833	2269.322	10.0	
2156.555	2269.949	10.0	
2157.268	2270.598	10.0	
2159.484	2272.289	10.0	
2170.989	2281.245	10.0	
2171.42	2281.592	10.0	
2172.078	2282.2	10.0	
2172.48	2282.596	10.0	
2173.9	2283.694	10.0	
2174.5	2284.178	10.0	
2177.644	2286.783	10.0	
2177.985	2287.054	10.0	
2179.632	2288.397	10.0	
2180.49	2289.153	10.0	
2180.88	2289.469	10.0	
2182.785	2291.063	10.0	
2187.18	2294.724	10.0	
2188.12	2295.471	10.0	
2189.201	2296.328	10.0	
2191.394	2298.217	10.0	
2191.971	2298.735	10.0	
2192.381	2299.092	10.0	
2194.988	2301.311	10.0	
2195.53	2301.78	10.0	
2197.293	2303.274	10.0	
2197.832	2303.741	10.0	
2198.886	2304.638	10.0	
2199.201	2304.908	10.0	
2200.506	2306.013	10.0	
2201.551	2306.902	10.0	
2202.257	2307.503	10.0	
2204.15	2309.126	10.0	
2204.705	2309.612	10.0	
2206.042	2310.726	10.0	
2207.158	2311.667	10.0	
2209.653	2313.787	10.0	
2211.915	2315.757	10.0	
2214.506	2317.941	10.0	
2215.501	2318.729	10.0	
2217.244	2320.159	10.0	
2217.671	2320.513	10.0	
2218.013	2320.791	10.0	
2219.163	2321.738	10.0	
2220.143	2322.547	10.0	
2227.22	2328.034	10.0	
2234.049	2333.075	10.0	
2235.831	2334.375	10.0	
2240.784	2337.948	10.0	
2242.201	2339.026	10.0	
2248.961	2344.218	10.0	
2250.598	2345.535	10.0	
2252.877	2347.381	10.0	
2255.362	2349.339	10.0	
2256.342	2350.091	10.0	
2256.478	2350.201	10.0	
2257.802	2351.189	10.0	
2258.248	2351.554	10.0	
2271.137	2361.534	10.0	
2272.36	2362.511	10.0	
2273.315	2363.259	10.0	
2274.745	2364.398	10.0	
2276.933	2366.043	10.0	
2277.676	2366.637	10.0	
2281.339	2369.449	10.0	
2282.965	2370.81	10.0	
2286.507	2373.607	10.0	
2286.951	2373.974	10.0	
2289.397	2375.884	10.0	
2290.628	2376.822	10.0	
2292.5	2378.356	10.0	
2293.357	2379.026	10.0	
2293.725	2379.332	10.0	
2294.649	2380.072	10.0	
2296.074	2381.159	10.0	
2296.381	2381.417	10.0	
2298.074	2382.789	10.0	
2299.053	2383.571	10.0	
2301.87	2385.928	10.0	
2302.757	2386.646	10.0	
2303.185	2386.987	10.0	
2304.245	2387.87	10.0	
2304.869	2388.396	10.0	
2305.62	2388.998	10.0	
2307.609	2390.604	10.0	
2307.913	2390.854	10.0	
2310.57	2393.0	10.0	
2312.348	2394.434	10.0	
2313.065	2395.006	10.0	
2313.462	2395.323	10.0	
2315.322	2396.845	10.0	
2316.29	2397.623	10.0	
2317.63	2398.678	10.0	
2318.905	2399.705	10.0	
2322.556	2402.586	10.0	
2324.016	2403.766	10.0	
2325.637	2405.096	10.0	
2326.099	2405.467	10.0	
2327.373	2406.454	10.0	
2328.224	2407.168	10.0	
2329.09	2407.865	10.0	
2332.32	2410.514	10.0	
2333.376	2411.37	10.0	
2334.129	2411.964	10.0	
2335.663	2413.206	10.0	
2337.391	2414.584	10.0	
2337.903	2414.987	10.0	
2339.087	2415.906	10.0	
2339.931	2416.594	10.0	
2344.592	2420.135	10.0	
2344.985	2420.448	10.0	
2357.412	2429.538	10.0	
2359.455	2431.005	10.0	
2362.161	2433.037	10.0	
2363.884	2434.323	10.0	
2364.511	2434.762	10.0	
2365.411	2435.433	10.0	
2367.833	2437.069	10.0	
2368.274	2437.429	10.0	
2374.309	2441.592	10.0	
2375.238	2442.257	10.0	
2382.659	2447.875	10.0	
2384.398	2449.123	10.0	
2385.217	2449.785	10.0	
2385.561	2450.069	10.0	
2386.634	2450.9	10.0	
2388.477	2452.296	10.0	
2388.804	2452.551	10.0	
2389.487	2453.106	10.0	
2391.313	2454.474	10.0	
2393.347	2456.052	10.0	
2393.86	2456.454	10.0	
2395.84	2458.0	10.0	
2396.131	2458.236	10.0	
2398.326	2459.907	10.0	
2399.16	2460.485	10.0	
2400.691	2461.593	10.0	
2401.352	2462.102	10.0	
2405.864	2465.426	10.0	
2406.915	2466.153	10.0	
2408.997	2467.749	10.0	
2411.292	2469.483	10.0	
2412.478	2470.346	10.0	
2415.564	2472.687	10.0	
2418.614	2474.861	10.0	
2419.05	2475.174	10.0	
2420.128	2476.001	10.0	
2423.371	2478.222	10.0	
2423.668	2478.42	10.0	
2424.802	2479.176	10.0	
2504.758	2534.436	10.0	
2521.258	2547.08	10.0	
2525.122	2549.772	10.0	
2528.009	2551.894	10.0	
2529.072	2552.669	10.0	
2534.335	2556.769	10.0	
2547.207	2564.67	10.0	
2547.954	2565.17	10.0	
2550.011	2566.545	10.0	
2551.44	2567.46	10.0	
2553.099	2568.652	10.0	
2554.031	2569.207	10.0	
2558.372	2572.167	10.0	
2562.875	2575.009	10.0	
2563.835	2575.693	10.0	
2564.927	2576.472	10.0	
2565.483	2576.822	10.0	
2570.066	2579.686	10.0	
2571.597	2580.65	10.0	
2571.915	2580.85	10.0	
2572.624	2581.312	10.0	
2573.557	2581.924	10.0	
2577.792	2584.706	10.0	
2593.968	2593.658	10.0	
2598.085	2596.194	10.0	
2603.173	2599.147	10.0	
2608.471	2602.312	10.0	
2612.22	2604.511	10.0	
2618.071	2607.846	10.0	
2619.143	2608.54	10.0	
2625.855	2612.385	10.0	
2629.089	2614.303	10.0	
2631.83	2615.81	10.0	
2633.482	2616.74	10.0	
2638.549	2619.745	10.0	
2641.57	2621.56	10.0	
2646.883	2624.591	10.0	
2648.216	2625.431	10.0	
2650.663	2626.732	10.0	
2653.99	2628.775	10.0	
2656.938	2630.61	10.0	
2660.251	2632.624	10.0	
2661.48	2633.347	10.0	
2662.533	2633.973	10.0	
2663.827	2634.715	10.0	
2670.875	2638.955	10.0	
2680.405	2644.714	10.0	
2685.505	2647.61	10.0	
2690.016	2650.176	10.0	
2691.141	2650.764	10.0	
2717.448	2664.033	10.0	
2722.939	2666.751	10.0	
2725.858	2668.238	10.0	
2733.498	2672.177	10.0	
2734.662	2672.833	10.0	
2737.747	2674.373	10.0	
2746.247	2678.965	10.0	
2747.845	2679.721	10.0	
2756.805	2684.675	10.0	
2761.348	2687.143	10.0	
2763.211	2688.271	10.0	
2768.408	2691.299	10.0	
2769.11	2691.678	10.0	
2770.786	2692.515	10.0	
2775.074	2694.724	10.0	
2777.41	2695.896	10.0	
2782.028	2698.299	10.0	
2782.841	2698.776	10.0	
2788.931	2701.827	10.0	
2792.957	2703.603	10.0	
2794.846	2704.475	10.0	
2797.874	2705.861	10.0	
2799.174	2706.539	10.0	
2801.179	2707.464	10.0	
2803.898	2709.082	10.0	
2808.66	2711.863	10.0	
2811.053	2713.032	10.0	
2815.099	2714.767	10.0	
2817.089	2715.703	10.0	
2817.738	2716.077	10.0	
2823.58	2718.675	10.0	
2891.259	2751.498	10.0	
14.1	13.003	10.0	
17.61	17.342	10.0	
25.15	26.359	10.0	
28.46	30.646	10.0	
32.95	36.097	10.0	
34.529	37.898	10.0	
35.48	38.927	10.0	
47.853	53.107	10.0	
49.04	54.399	10.0	
51.3	57.067	10.0	
52.66	58.685	10.0	
54.66	61.048	10.0	
55.33	61.855	10.0	
56.272	62.981	10.0	
58.02	64.752	10.0	
58.219	64.988	10.0	
58.7	65.804	10.0	
60.31	67.4	10.0	
62.81	70.407	10.0	
64.73	72.653	10.0	
66.22	74.3	10.0	
71.254	80.314	10.0	
73.942	83.614	10.0	
77.392	87.591	10.0	
81.04	92.141	10.0	
84.31	95.916	10.0	
88.43	100.978	10.0	
89.46	102.196	10.0	
90.18	103.144	10.0	
90.294	103.356	10.0	
92.86	106.1	10.0	
93.595	107.069	10.0	
95.526	109.132	10.0	
97.06	110.928	10.0	
98.722	112.673	10.0	
100.48	114.835	10.0	
103.91	118.886	10.0	
108.908	124.727	10.0	
109.606	125.6	10.0	
114.35	131.206	10.0	
116.91	134.31	10.0	
121.07	139.391	10.0	
124.28	143.16	10.0	
125.61	144.614	10.0	
125.8	144.776	10.0	
129.56	149.3	10.0	
133.37	153.8	10.0	
136.72	158.0	10.0	
138.94	160.7	10.0	
141.57	163.757	10.0	
142.9	165.061	10.0	
145.04	167.686	10.0	
145.3	168.151	10.0	
146.1	168.872	10.0	
146.58	169.528	10.0	
146.86	169.745	10.0	
148.51	171.665	10.0	
152.74	176.97	10.0	
156.27	181.014	10.0	
156.55	181.404	10.0	
157.0	181.863	10.0	
157.79	182.684	10.0	
158.55	183.477	10.0	
161.73	187.381	10.0	
163.45	189.386	10.0	
165.11	191.346	10.0	
166.78	193.3	10.0	
170.4	197.3	10.0	
170.61	197.6	10.0	
175.79	203.705	10.0	
177.74	205.972	10.0	
180.47	209.317	10.0	
185.31	215.003	10.0	
185.71	215.453	10.0	
185.86	215.618	10.0	
189.12	219.584	10.0	
189.994	220.428	10.0	
193.644	224.544	10.0	
195.25	226.54	10.0	
201.5	234.153	10.0	
203.3	236.2	10.0	
203.62	236.631	10.0	
204.83	238.201	10.0	
205.01	238.424	10.0	
206.93	240.607	10.0	
209.13	243.095	10.0	
210.2	244.3	10.0	
211.23	245.395	10.0	
212.57	247.2	10.0	
212.74	247.45	10.0	
213.02	247.677	10.0	
216.07	251.558	10.0	
216.82	252.47	10.0	
217.35	253.195	10.0	
218.591	254.761	10.0	
219.82	256.2	10.0	
221.82	258.55	10.0	
223.491	260.493	10.0	
226.4	263.8	10.0	
226.59	264.0	10.0	
227.09	264.691	10.0	
231.09	269.491	10.0	
233.1	271.761	10.0	
233.6	272.4	10.0	
240.8	280.838	10.0	
244.65	285.4	10.0	
247.14	288.256	10.0	
249.259	290.683	10.0	
251.27	293.118	10.0	
253.51	295.639	10.0	
254.576	296.994	10.0	
255.18	297.55	10.0	
260.45	303.8	10.0	
265.48	309.7	10.0	
268.1	312.65	10.0	
273.28	318.861	10.0	
274.1	319.878	10.0	
275.03	320.9	10.0	
283.05	330.415	10.0	
284.4	331.887	10.0	
286.08	333.916	10.0	
287.42	335.449	10.0	
287.59	335.72	10.0	
289.2	337.617	10.0	
291.0	339.8	10.0	
293.5	342.655	10.0	
303.05	353.8	10.0	
303.65	354.451	10.0	
305.72	356.867	10.0	
309.13	360.803	10.0	
310.116	362.057	10.0	
310.33	362.265	10.0	
313.0	365.493	10.0	
316.06	369.3	10.0	
318.374	371.955	10.0	
320.2	373.945	10.0	
320.7	374.469	10.0	
329.01	384.097	10.0	
332.491	388.054	10.0	
333.21	388.822	10.0	
333.9	389.65	10.0	
337.6	394.166	10.0	
337.75	394.3	10.0	
340.55	397.603	10.0	
343.6	401.101	10.0	
346.75	404.85	10.0	
349.9	408.521	10.0	
353.98	413.372	10.0	
355.5	415.0	10.0	
355.6	415.2	10.0	
360.072	420.366	10.0	
366.37	427.328	10.0	
367.92	429.12	10.0	
370.93	432.498	10.0	
375.3	437.478	10.0	
377.325	439.988	10.0	
379.12	442.165	10.0	
387.83	452.311	10.0	
388.96	453.674	10.0	
390.35	455.433	10.0	
390.75	455.838	10.0	
398.28	464.496	10.0	
402.57	469.393	10.0	
405.189	472.229	10.0	
406.92	474.3	10.0	
409.137	476.993	10.0	
411.12	479.365	10.0	
415.289	484.195	10.0	
418.6	488.013	10.0	
423.1	493.063	10.0	
424.83	495.187	10.0	
427.7	498.43	10.0	
435.47	507.068	10.0	
435.9	507.65	10.0	
437.94	509.797	10.0	
441.16	513.471	10.0	
444.85	517.78	10.0	
447.4	520.8	10.0	
448.1	521.4	10.0	
450.8	524.4	10.0	
451.47	525.155	10.0	
451.74	525.446	10.0	
452.97	526.8	10.0	
454.15	528.3	10.0	
459.35	534.143	10.0	
463.6	538.909	10.0	
464.593	540.017	10.0	
466.76	542.415	10.0	
470.8	547.05	10.0	
471.71	548.136	10.0	
472.8	549.339	10.0	
474.94	551.87	10.0	
475.1	551.98	10.0	
475.36	552.336	10.0	
476.4	553.461	10.0	
480.4	558.065	10.0	
481.3	559.163	10.0	
481.9	559.8	10.0	
484.44	562.659	10.0	
485.56	563.687	10.0	
485.7	563.857	10.0	
485.82	564.024	10.0	
486.35	564.631	10.0	
486.5	564.8	10.0	
488.25	566.801	10.0	
488.58	567.165	10.0	
490.52	569.37	10.0	
493.07	572.3	10.0	
495.9	575.514	10.0	
497.03	576.897	10.0	
505.27	586.204	10.0	
506.11	587.095	10.0	
509.64	590.956	10.0	
512.67	594.4	10.0	
513.22	595.1	10.0	
517.33	599.644	10.0	
517.64	600.005	10.0	
518.39	600.902	10.0	
526.64	610.017	10.0	
529.77	613.552	10.0	
530.24	614.106	10.0	
531.46	615.562	10.0	
533.33	617.527	10.0	
535.27	619.715	10.0	
536.96	621.388	10.0	
537.49	621.954	10.0	
543.73	628.838	10.0	
544.86	630.215	10.0	
550.86	637.003	10.0	
555.15	641.713	10.0	
556.51	643.27	10.0	
560.52	647.748	10.0	
561.61	649.093	10.0	
562.6	650.224	10.0	
563.78	651.475	10.0	
569.05	657.364	10.0	
570.68	659.364	10.0	
571.66	660.357	10.0	
572.13	660.999	10.0	
572.95	661.847	10.0	
573.37	662.354	10.0	
573.86	662.93	10.0	
577.16	666.545	10.0	
578.92	668.586	10.0	
579.16	668.865	10.0	
581.1	670.876	10.0	
581.26	671.05	10.0	
581.55	671.341	10.0	
582.53	672.559	10.0	
585.19	675.427	10.0	
588.53	679.06	10.0	
590.1	680.862	10.0	
593.7	684.75	10.0	
595.07	686.322	10.0	
595.28	686.55	10.0	
596.24	687.6	10.0	
596.7	688.1	10.0	
597.04	688.372	10.0	
600.32	691.964	10.0	
602.56	694.466	10.0	
604.64	696.666	10.0	
607.38	699.655	10.0	
609.29	701.889	10.0	
610.0	702.629	10.0	
613.42	706.328	10.0	
615.46	708.556	10.0	
616.51	709.681	10.0	
617.36	710.602	10.0	
618.33	711.737	10.0	
623.99	717.804	10.0	
626.2	720.354	10.0	
627.6	721.847	10.0	
628.18	722.472	10.0	
628.61	722.932	10.0	
630.83	725.604	10.0	
633.79	728.689	10.0	
634.54	729.523	10.0	
635.07	730.054	10.0	
640.93	736.527	10.0	
641.64	737.28	10.0	
643.97	739.728	10.0	
644.67	740.531	10.0	
645.15	741.016	10.0	
647.38	743.424	10.0	
648.83	745.06	10.0	
655.01	751.995	10.0	
655.88	752.836	10.0	
661.03	758.26	10.0	
666.38	764.078	10.0	
670.28	768.423	10.0	
