#GICC05_SP			
0	10.58	51	4.502075522
10.58	23.58	81.04166667	0.518959044
23.58	33.21	67.95833333	0.142334543
33.21	33.99	6	0.2049838
33.99	48.04	115.037037	0.227964037
48.04	58.76	98.96296296	0.203256011
58.76	72.56	136	0.532385882
72.56	83.65	116.85	0.245836558
83.65	89.27	55.15	0.318944376
89.27	90.24	10.05555556	0.284402295
90.24	90.87	7.388888889	0.259835405
90.87	91.9	11.59126984	0.591000914
91.9	94.65	29.01556777	0.565290198
94.65	99.75	60.96484698	0.256757802
99.75	105.21	62.99323865	0.292904844
105.21	140.73	430.9906323	0.318651391
140.73	148.94	107	0.459754516
148.94	151.6	35.03773585	0.373096064
151.6	159.31	107.9267612	0.362313413
159.31	176.6	221.4521696	0.414515319
176.6	179.55	33	0.238729461
179.55	228.18	595.5833333	0.698740188
228.18	275.67	746.0397351	2.078705609
275.67	289.61	189.4038133	0.62824418
289.61	302.57	188.4190109	0.623251606
302.57	306.72	60.42180095	0.438586374
306.72	309.55	44.27563981	0.396707667
309.55	313.84	63.44	0.519370712
313.84	325.2	162	0.682541792
325.2	328.3	44	0.380812054
328.3	332.13	51	0.351795122
332.13	336.64	64	0.358046458
336.64	353.11	234	0.742176402
353.11	357.4	61	0.431511111
357.4	358.83	23	0.447832957
358.83	362.09	47	0.378916519
362.09	382.98	312.0533333	1.020996975
382.98	395.58	193.8577778	0.759682718
395.58	402.65	105.8110214	0.460996551
402.65	409.8	103.6639742	0.457480085
409.8	411.85	27.9095315	0.377594995
411.85	438.18	368.8045234	1.150876734
438.18	447.6	134.0040051	0.591387533
447.6	448.75	17.35416667	0.518466719
448.75	474.5	359.5416667	1.140444963
474.5	485.43	149	0.528852058
485.43	488.35	39	0.404971189
488.35	497.1	118	0.417907049
497.1	499.3	29	0.467873383
499.3	500.3	15	0.374130485
500.3	511.66	154	0.581914434
511.66	516.3	63	0.367514033
516.3	516.97	9	0.290055129
516.97	524.24	101	0.506190772
524.24	524.91	8	0.401995871
524.91	557.44	508.348659	1.547679165
557.44	581.41	383.608947	1.22824698
581.41	594.4	224.2332337	0.774502721
594.4	598.82	78.29312977	0.520829092
598.82	615.41	312.1557252	1.050287487
615.41	618.34	51.85648855	0.517762409
618.34	623.65	95.79169558	0.657534118
623.65	625.98	44.22727273	0.454254152
625.98	641.66	262.3960911	0.815547755
641.66	663	337.1724783	1.020869775
663	670.46	127.0046512	0.583206037
670.46	687.38	292.4116279	1.014074675
687.38	705.67	343.0313093	1.073689666
705.67	707.95	47.67362429	0.44890833
707.95	711.47	69.34345351	0.623579318
711.47	713.8	50.92409867	0.475544775
713.8	726.64	262.5403175	0.929805216
726.64	728.41	35.02358491	0.51700385
728.41	735.1	121.0815364	0.58760462
735.1	739.91	87.05862534	0.594865913
739.91	741.94	36.02425876	0.565372889
#741.94	743.51	28.01886792	0.595663881
743.51	744.36	14.00943396	0.608203532
744.36	746.02	30.02021563	0.432236586
746.02	776.28	525.3537736	1.56409392
776.28	784.17	142.0956873	1.490868386
784.17	786.07	32.02156334	0.659342584
786.07	787.61	28.01886792	0.497059279
787.61	787.95	7.004716981	0.565046299
787.95	788.38	8.005390836	0.494736514
788.38	798.07	169.1138814	2.172565903
798.07	798.56	8.005390836	0.396991184
798.56	799.43	14.00943396	0.476025676
799.43	803.43	74.04986523	1.046608392
803.43	803.77	6.004043127	0.485786148
803.77	836.78	603.040662	8.014820492
836.78	840.33	70.95519509	1.035252974
840.33	840.73	7.422382672	0.533326484
840.73	850.11	182.7761733	2.603420448
850.11	870.61	486.0958684	6.523290288
870.61	872.02	43.84027778	0.804712816
872.02	873.18	34.9375	0.807564186
873.18	874.45	31.98395722	0.78122327
874.45	881.43	184.0726466	2.491906903
881.43	890.67	258.8679245	3.219908835
890.67	895.25	136.3018868	1.793312803
895.25	899.19	114.1132075	1.565132999
899.19	902.32	94.03773585	1.345620507
902.32	904.55	68.67924528	1.119403742
904.55	925.24	616.7416418	7.536486935
925.24	933.87	204.2017544	2.347397288
933.87	939.54	148.2701422	1.002859788
939.54	940.18	16.51658768	0.684054445
940.18	941.29	28.17535545	0.691188325
941.29	941.68	12.63033175	0.67061098
941.68	943.96	55.46527525	0.728604947
943.96	945.33	37.01923077	0.681747965
945.33	945.99	19.03846154	0.65125006
945.99	947.99	53.94230769	0.693699793
947.99	951.83	101.5384615	0.809559003
951.83	953.45	45.48076923	0.682795783
953.45	956.07	73.98582202	0.752567423
956.07	957.03	22.69019608	0.668726886
957.03	965.42	240.3026144	1.320796194
965.42	984.04	508.2156066	2.748726122
984.04	984.64	18.70875179	0.815327432
984.64	986.15	44.9010043	0.843570688
986.15	990.86	136.5738881	1.086267495
990.86	992.85	66.12414106	0.912582669
992.85	996.42	93.94736842	1.058153517
996.42	997.85	41.48991239	0.902041559
997.85	1010.9	468.7730514	2.473405857
#1010.9	1071.39	2496.090484	12.42884808
#1071.39	1074.66	137.1035161	1.175356863
1074.66	1075.76	51.41381854	1.161116309
#1075.76	1085.63	415.3430047	2.347596605
1085.63	1093.08	296.3855422	1.784452085
1093.08	1093.59	17.13793951	0.918327172
1093.59	1094.2	23.18662405	0.922389235
1094.2	1096.99	111.9006639	1.086843294
1096.99	1101.84	195.5741333	1.453130332
1101.84	1109.38	282.2719449	1.666408817
1109.38	1111.83	125.006147	1.342792517
1111.83	1114.08	97.78706663	1.283494036
1114.08	1118.11	184.4848783	1.389700697
1118.11	1123.56	265.1340054	1.777333446
1123.56	1129.78	306.4666831	1.964420616
1129.78	1134.6	246.9879518	1.724130483
1134.6	1141.25	361.912958	2.243728749
1141.25	1142.46	62.50307352	1.324244995
1142.46	1147.33	266.1421195	1.871899831
1147.33	1161.05	735.923285	3.900244027
1161.05	1161.87	48.38947627	1.485211999
1161.87	1166.1	231.8662405	1.830690258
1166.1	1168.49	139.1197443	1.56029173
1168.49	1169.85	73.5923285	1.453646872
1169.85	1178.8	570.7213255	3.105994598
1178.8	1182.52	244.3243243	2.105453229
1182.52	1188.48	373.6126126	2.394640393
1188.48	1189.01	34.61261261	1.574735695
1189.01	1191.19	126.1965441	1.650433505
1191.19	1196.1	299.0480812	2.052883584
1196.1	1201.56	337.9942495	2.439425237
1201.56	1202.1	28.98640483	1.493773635
1202.1	1204.74	158.0226586	1.736128447
1204.74	1205.61	49.55740181	1.596622924
1205.61	1206.91	71.06344411	1.559362765
1206.91	1219.21	736.81571	4.160109497
1219.21	1230.65	661.0923497	3.958210445
1230.65	1232.82	118.0912981	1.57435053
1232.82	1237.81	282.10699	2.110903171
1237.81	1239.88	112.467903	1.584761337
1239.88	1241.27	77.79029957	1.511593897
1241.27	1242.25	60.97073585	1.621013747
1242.25	1244.72	147.1902834	1.769487677
1244.72	1250.79	340.8867974	2.26183198
1250.79	1264.45	739.2053352	3.728529491
1264.45	1274.81	563.8075914	2.963449437
1274.81	1279.48	263.888437	1.851368523
1279.48	1301.06	1161.524695	23.83771808
1301.06	1306.16	362.910204	3.200126975
#1306.16	1309.97	224.1117764	3.277584779
#1309.97	1314.31	247.5527536	5.682552397
#1314.31	1314.93	38.84507042	1.858116112
1314.93	1317.64	162.7793427	1.710427961
1317.64	1318.85	64.74178404	4.459682562
1318.85	1328.06	451.8104994	37.42735181
1328.06	1328.71	34.58585859	2.997178402
1328.71	1329.05	15.13131313	1.696924295
1329.05	1330.09	55.83302617	4.562636905
1330.09	1330.23	7.170488534	1.420023717
1330.23	1349.23	891.8520464	45.71761718
1349.23	1352.58	165.1792976	1.966800029
1352.58	1356.49	180.6081331	2.520722242
1356.49	1357.86	61.71534196	1.572208783
1357.86	1359.81	83.87744299	1.707888171
1359.81	1360.17	19.75835476	1.205440797
1360.17	1362.07	95.49871465	1.826708447
1362.07	1368.63	311.6391609	5.371130195
1368.63	1377.87	414.1402518	10.90300515
1377.87	1382.12	182.0685484	6.336349049
1382.12	1383.29	50.22580645	1.900414805
1383.29	1385.35	87.89516129	2.751911475
1385.35	1385.95	30.34475806	1.322624883
1385.95	1386.48	19.88104839	1.207637127
1386.48	1389.94	148.5846774	4.2785112
1389.94	1394.66	204.0423387	5.840082081
1394.66	1403.67	385.0645161	10.20269005
1403.67	1407.45	170.5584677	3.945823588
1407.45	1413.69	276.8300953	7.429376948
1413.69	1417.68	162.2962567	5.259910654
1417.68	1418.01	15.17647059	1.201865217
1418.01	1419.69	74.87058824	2.510634436
1419.69	1420.92	53.62352941	2.021577841
1420.92	1432.87	545.1215248	18.13235681
1432.87	1435.65	115.4413408	4.394868321
1435.65	1436.11	18.77094972	1.308551068
1436.11	1436.92	33.85556218	1.631414933
1436.92	1439.28	98.79650485	2.55064192
1439.28	1453.59	593.1582749	10.65617787
1453.59	1470.33	661.3605121	16.87746211
1470.33	1471.14	35.44811321	1.402328404
1471.14	1479.4	346.025827	7.822175535
1479.4	1480.59	47.80779221	1.522780839
1480.59	1485.58	267.2862751	4.217681782
1485.58	1489.06	159.5518234	1.55068168
1489.06	1508.88	801.90056	8.349344126
1508.88	1512.17	135.2054795	1.286646392
1512.17	1514.56	97.51261184	1.131137937
1514.56	1528.74	511.2293973	12.38668101
1528.74	1532.18	148.6794872	4.129318312
1532.18	1534.07	76.54144305	2.261495066
1534.07	1543.36	445.7377295	9.709340538
1543.36	1545.51	105.3842685	3.077124517
1545.51	1549.24	167.3688699	4.990310396
1549.24	1551.39	96.04690832	2.992325316
1551.39	1555.25	175.8621269	5.479322895
1555.25	1560.13	222.2754371	6.858733857
1560.13	1560.68	27.84965035	1.424728933
1560.68	1586.63	1417.809083	21.4361207
1586.63	1590.81	278.4678037	4.609641856
1590.81	1598.79	507.9059809	8.2948587
1598.79	1606.42	442.8205118	6.615336568
1606.42	1608.6	113.9740336	2.038036751
1608.6	1619.89	578.0870992	7.032560078
1619.89	1627.26	329.7777085	4.365846286
1627.26	1637.12	485.4424241	1.897036581
1637.12	1637.44	18.04411765	1.332405258
1637.44	1664.78	1546.22307	3.840674132
1664.78	1681.98	1148.374405	2.266119895
1681.98	1698.38	900.3343203	20.99478969
1698.38	1701.02	153.180212	4.277524754
1701.02	1714.36	760.6251839	20.85159313
1714.36	1716.25	108.167382	2.827161345
#1716.25	1719.07	171.2166835	4.148395648
#1719.07	1750.61	1735.319212	23.29431796