NG2-EDC_EDC
312.765
320.949
338.556
344.807
349.927
352.845
357.038
358.28
365.9
370.087
371.943
384.131
387.279
388.03
388.708
389.357
393.008
400.284
404.1392063126317
417.1
421.883
423.062
427.105
433.2355505766063
438.08
440.2
451.532
454.0
460.42
463.53
469.16
471.28
473.69709690197794
475.01722197170966
478.86775318871827
484.2734298780487
486.1
486.55
492.5
499.209065483871
502.55
502.75
503.02
506.0
512.5523496294683
514.7724498692241
526.45
528.28
540.32
541.95651
544.8
547.36
553.1
553.32
561.376
562.58
564.41
565.41
568.22
569.95
571.2
571.93
576.07
579.0
583.32
586.28
588.0
593.45
598.86
606.98
613.2
616.0
626.54
629.2
632.28
636.42
644.76
645.9
653.22
661.85
666.38
667.8
670.99
671.93
673.1726553966189
674.852078023407
677.14
679.52
686.23
689.12
691.11
699.02
701.27
702.592
704.155
710.0
718.95
723.22
723.82
726.31
730.9499999999999
733.8499999999999
735.5
736.27
737.48
744.8
745.9799999999999
748.08
748.4699999999999
748.96
750.33
754.28
759.56
763.25
766.15
773.55
775.02
775.9
777.48
777.65
780.58
785.82
789.4
790.56
791.88
798.503
802.85
815.27
822.08
826.0
828.55
837.56
841.62
848.95
856.76
859.49
865.7
871.43
876.66
880.53
882.27
884.77
889.3
891.34
893.62
895.59
897.7
900.9
906.82
907.53
910.2
913.91
914.42
915.695
919.18
923.37
925.74
927.11
929.2
931.64
939.54
941.3
944.59
946.097
956.34
962.0
964.46
975.658
982.19
990.38
992.95
998.56
1000.124
1000.676
1006.668
1013.72
1019.41
1026.781
1027.86
1031.04
1038.55
1040.49
1040.67
1041.9
1042.318
1043.957
1044.361
1046.085
1055.413
1055.94
1057.491
1057.974
1063.95
1064.67
1070.2
1070.4
1071.194
1078.96
1079.72
1081.27
1082.29
1087.93
1092.32
1097.96
1102.911
1105.215
1113.0
1116.88
1118.45
1120.9
1124.95
1134.95
1140.57
1147.1
1152.77
1156.9
1163.2
1173.03
1176.06
1178.96
1192.18
1199.42
1202.91
1205.68
1211.41
1214.6
1232.62
1237.99
1238.72
1243.6
1246.75
1254.6
1260.86
1262.49
1267.43
1271.19
1276.19
1279.15
1285.88
1291.6
1303.14
1311.44
1314.14
1316.3
1318.1
1332.5
1342.71
1351.21
1358.88
1368.08
1369.77
1371.1
1373.28
1377.0
1388.89
1391.99
1394.15
1397.75
1402.62
1404.33
1411.22
1411.92
1417.81
1429.11
1430.34
1434.12
1439.87
1452.36
1455.97
