NEEM-NG1_NEEM
19.8275
20.023
22.854
23.4045
25.172
25.639
27.144
31.28
31.661
35.3675
36.777
39.694
40.108
40.331
41.8325
42.7945
43.273
47.208
47.875
49.403
49.866
56.239
57.3575
59.7315
60.494
61.163
62.605
63.384
64.346
65.441
67.1075
67.308
68.058
69.6905
71.73
72.4105
74.9
76.4
81.783
84.747
87.032
88.3765
90.646
92.583
96.231
98.585
100.093
100.886
101.997
102.966
103.154
105.85
106.7555
108.831
110.6565
112.473
114.465
118.287
121.228
123.966
124.8065
126.362
127.248
130.0785
131.563
132.966
133.861
136.19
136.641
137.345
138.714
140.923
142.586
142.781
143.436
147.175
151.399
154.219
155.073
156.313
157.503
160.495
161.864
164.287
164.7
165.413
166.032
166.25
168.019
172.593
176.632
177.0935
177.556
178.5
179.3135
182.904
184.907
186.829
188.8525
192.965
193.166
199.1575
201.174
204.205
209.652
210.0935
210.353
212.886
214.021
214.3
214.88
215.04
215.608
219.182
220.952
222.411
227.405
228.0
228.988
230.127
230.43
231.427
231.65
231.82
233.586
233.898
236.409
237.7
238.646
240.2885
240.45
240.7
243.607
244.223
245.004
245.643
247.003
248.272
250.512
252.308
254.369
255.569
256.405
260.669
260.956
263.261
263.889
271.5535
273.611
275.84
277.307
278.586
280.858
283.0925
285.074
285.507
286.715
287.278
290.268
293.0
297.342
298.741
301.6
307.562
308.4725
309.4495
312.356
318.3765
319.721
321.5915
322.877
323.049
323.231
324.95
326.067
326.778
329.3555
332.144
332.91
333.741
334.886
338.492
339.6035
340.25
341.077
342.348
342.514
344.492
346.1935
347.255
347.4725
348.901
349.852
350.3385
350.994
352.658
353.8645
355.302
356.014
356.401
358.361
358.9055
360.233
366.835
367.826
369.491
371.4965
372.4
373.107
373.286
377.1
377.315
380.151
380.171
381.853
383.4
384.699
385.505
386.215
386.973
387.592
389.689
390.329
393.033
394.667
396.087
396.2485
396.2987
396.3255
398.559
399.157
399.537
401.389
402.613
404.287
405.028
407.335
408.505
410.198
413.434
414.599
415.689
416.133
416.802
418.1985
420.109
420.269
421.889
422.1515
427.781
428.383
429.001
429.46
430.341
431.268
432.35
433.824
434.271
438.323
440.759
441.488
442.28
446.931
447.184
448.046
449.567
451.296
453.271
453.6565
454.027
455.846
457.443
458.983
460.429
464.037
467.229
468.8185
470.7525
473.917
474.221
482.21
482.805
485.122
488.608
492.466
493.225
495.1
495.8855
498.8
499.513
499.8
501.0055
501.766
502.388
504.183
505.278
508.079
509.41
511.695
512.7255
513.673
515.903
520.2
521.062
522.259
524.706
524.924
525.2
526.1025
530.411
531.342
531.936
534.853
536.038
536.309
536.8735
538.647
538.945
540.9955
541.935
543.459
543.644
546.652
547.906
554.642
556.557
557.558
559.032
561.1595
564.383
564.933
569.298
569.639
570.341
572.103
572.49
573.282
573.508
578.941
582.132
582.629
583.947
585.811
587.815
589.554
590.078
594.271
596.454
597.834
601.305
602.591
604.195
604.727
608.7615
610.149
614.4
615.529
616.5875
617.72
617.922
623.369
624.382
624.987
626.0
626.463
627.278
627.717
628.283
631.6
633.377
633.65
635.7
635.862
636.08
637.1
639.606
642.971
644.576
648.202
649.586
649.83
650.734
651.2
651.571
654.961
657.2
659.335
662.1
664.05
664.7285
668.309
670.492
671.57
672.262
673.509
679.093
681.456
682.758
683.388
683.816
686.234
689.07
689.829
690.426
696.143
696.785
699.419
700.209
700.616
702.9175
704.412
710.648
711.332
716.443
722.02
723.971
725.857
734.076
736.025
740.393
744.078
748.602
756.79
763.852
796.934
798.02
800.846
802.32
802.8
814.391
829.68
830.078
830.506
845.37
874.492
902.649
905.245
944.79
946.24
950.093
951.843
995.879
999.444
1002.34
1005.462
1026.88
1027.72
1028.498
1032.175
1035.081
1036.767
1038.164
1043.375
1043.907
1044.907
1047.969
1061.304
1064.47
1067.821
1072.142
1073.074
1074.611
1082.985
1094.811
1098.535
1102.089
1114.587
1123.042
1123.369
1126.064
1128.244
1130.038
1136.76
1143.235
1144.638
1147.528
1148.878
1150.581
1158.148
1160.51
1165.612
1167.166
1174.737
1175.795
1176.348
1176.953
1178.035
1181.843
1182.133
1189.33
1189.507
1189.993
1194.151
1194.575
1195.204
1195.917
1199.397
1202.41
1206.046
1207.15
1213.439
1215.353
1217.625
1220.634
1222.63
1228.73
1229.838
1231.774
1234.931
1236.254
1236.719
1239.818
1246.008
1251.31
1251.773
1252.466
1256.801
1261.781
1264.095
1265.351
1266.311
1268.629
1269.559
1282.626
1287.923
1289.834
1290.397
1290.856
1291.07
1291.999
1292.942
1296.374
1296.677
1297.405
1297.965
1298.403
1301.4
1303.863
1304.685
1305.264
1305.974
1306.308
1308.475
1309.286
1309.694
1310.463
1311.366
1311.964
1312.993
1313.53
1314.145
1315.615
1316.171
1317.013
1318.232
1323.725
1324.304
1324.965
1326.1
1326.976
1329.503
1329.932
1330.195
1330.687
1330.97
1331.753
1332.485
1333.105
1335.48
1336.032
