GRIP-NG1_GRIP
13.003
17.342
26.359
30.633
36.097
37.898
38.927
43.153
50.887
53.107
53.407
54.4545
57.067
58.6905
60.217
61.048
61.855
62.981
64.752
64.988
65.804
67.3725
70.407
71.679
72.6565
74.2985
80.349
83.614
87.591
88.99
92.141
93.852
95.9135
100.978
102.1265
103.144
103.356
106.1
107.069
109.132
110.9445
112.673
114.835
118.8845
124.727
125.6
131.1955
133.506
134.31
139.376
143.1535
144.614
144.776
149.3
153.8
158.0
160.7
163.757
165.061
167.686
168.151
168.854
169.528
169.745
171.665
176.97
181.014
181.393
181.863
182.684
183.477
187.3285
189.386
191.346
193.28
197.3
197.6
203.7255
205.9605
209.317
215.003
215.453
215.618
219.558
220.428
224.544
226.54
234.153
236.2
236.6265
238.205
238.424
240.607
242.398
243.095
244.3
245.395
247.2
247.45
247.677
251.558
252.47
253.195
254.761
256.1635
258.549
260.493
263.785
264.0
264.691
269.446
271.761
272.4
280.838
285.4
288.256
290.683
293.163
295.5995
296.994
297.55
303.8
309.667
312.65
318.861
319.878
320.863
330.35
331.871
333.916
335.449
335.72
337.617
338.872
339.8105
342.6435
353.8175
354.451
356.668
356.867
357.317
360.796
362.057
362.265
363.582
365.493
369.3
371.955
373.945
374.469
384.097
386.867
388.054
388.822
389.65
394.166
394.27
397.603
401.101
404.85
408.521
413.3065
415.0
415.2
420.366
427.328
429.101
432.498
437.478
439.988
442.165
444.704
452.311
453.674
455.376
455.838
463.335
464.496
469.393
472.229
474.275
476.993
479.365
482.431
484.195
488.016
493.0445
495.1675
496.54
498.43
507.068
507.65
509.797
513.319
513.471
517.78
520.143
520.8
521.216
521.4
524.4
525.155
525.446
526.7385
528.3
534.124
537.032
538.043
538.895
540.017
542.039
542.415
547.05
548.136
549.339
551.925
552.336
553.4405
557.915
558.065
559.167
559.7905
562.659
563.687
563.857
564.024
564.631
564.8
566.801
566.991
567.165
567.608
569.3675
572.3
575.514
575.685
576.8875
578.665
580.538
586.204
587.095
590.956
594.4
595.1
599.644
600.005
600.902
610.017
613.552
614.106
615.562
617.527
619.715
621.388
621.954
628.838
630.215
637.003
641.7235
643.27
647.748
649.093
650.253
651.475
657.364
659.3815
659.752
660.358
660.999
661.847
662.354
662.93
666.545
668.586
668.865
670.876
671.05
671.341
672.559
675.427
679.06
680.8445
684.75
686.322
686.55
687.6
688.1
688.372
691.964
694.466
696.666
699.655
701.87
702.627
706.327
708.556
709.681
710.602
711.737
717.804
720.354
721.7925
722.472
722.932
725.536
728.689
729.5185
730.054
736.498
737.28
739.728
740.5465
741.016
743.4235
745.06
751.995
752.836
758.26
764.078
768.423
768.638
772.741
779.447
779.778
788.494
802.761
835.012
836.316
882.653
883.104
891.88
894.091
899.532
931.785
966.075
1007.837
1009.26
1010.761
1016.868
1054.615
1057.3
1057.813
1066.996
1068.542
1071.26
1074.603
1078.332
1122.099
1126.512
1141.405
1145.09
1148.964
1153.779
1165.756
1186.592
1200.504
1205.299
1209.958
1210.288
1215.664
1225.086
1232.34
1233.044
1244.305
1245.477
1248.674
1252.09
1257.677
1269.433
1270.842
1275.675
1276.43
1277.359
1277.805
1281.033
1289.342
1289.999
1291.291
1291.906
1292.837
1295.798
1296.807
1297.89
1300.498
1301.705
1305.126
1306.285
1307.126
1313.695
1315.464
1316.103
1322.74
1325.024
1325.412
1326.232
1327.615
1328.447
1331.248
1331.612
1331.806
1332.575
1334.012
1335.716
1340.395
1342.654
1343.771
1344.622
1345.634
1346.787
1347.463
1348.063
1348.254
1350.138
1351.09
1354.21
1354.683
1362.841
1363.329
1363.492
1364.152
1366.036
1367.811
1368.187
1368.96
1369.766
1370.591
1372.949
1373.966
1374.861
1375.25
1376.324
1377.85
1378.896
1379.253
1380.488
1381.3
1381.794
1382.418
1384.144
1384.938
1385.333
1386.236
1386.981
1387.374
1388.306
1390.144
1390.859
1391.105
1391.595
1393.08
1395.693
1395.976
1397.667
1399.868
1400.116
1401.593
1401.833
1403.376
1404.403
1408.295
1409.348
1410.311
1410.718
1411.58
1414.162
1414.89
1417.34
1418.715
1419.496
1420.09
1420.391
1421.83
1423.376
1424.376
1425.504
1426.643
1426.865
1428.204
1428.478
1428.953
1433.403
1438.04
1438.606
1441.839
1442.106
1443.027
1443.659
1446.154
1449.259
1449.632
1450.604
1452.82
1453.855
1454.322
1454.672
1456.003
1456.274
1457.846
1459.613
1460.029
1460.314
1460.771
1461.446
1461.741
1465.38
1467.339
1467.713
1469.113
1469.637
1470.514
1474.384
1474.803
1476.004
1476.512
1477.551
1480.062
1480.723
1483.665
1484.822
