GRIP-NG1_NG1
13.735
17.199
24.448
28.17
32.727
34.267
35.177
38.885
45.625
47.607
47.855
48.7815
51.068
52.431
53.704
54.507
55.216
56.252
57.821
57.985
58.69
60.0975
62.633
63.691
64.5295
65.979
70.9555
73.631
77.053
78.304
80.925
82.415
84.1545
88.267
89.2305
90.044
90.28
92.7
93.519
95.354
96.909
98.487
100.345
103.7495
108.778
109.479
114.2475
116.078
116.735
120.9295
124.1645
125.45
125.618
129.43
133.234
136.559
138.775
141.427
142.719
144.88
145.3
145.8925
146.42
146.643
148.323
152.597
156.087
156.3535
156.821
157.563
158.316
161.489
163.309
164.972
166.5725
170.184
170.392
175.6295
177.598
180.272
185.14
185.519
185.71
189.112
189.83
193.49
195.146
201.4
203.15
203.4145
204.7005
204.871
206.816
208.345
209.022
210.075
211.039
212.514
212.7
212.889
215.947
216.742
217.245
218.496
219.7005
221.7105
223.366
226.231
226.357
226.981
230.9935
232.98
233.539
240.645
244.578
247.045
249.124
251.173
253.327
254.44
255.026
260.345
265.3375
267.789
273.195
274.036
274.919
282.943
284.213
285.983
287.323
287.527
289.124
290.216
290.903
293.411
302.989
303.526
305.504
305.642
306.072
309.018
310.005
310.193
311.509
312.884
315.95
318.299
320.126
320.576
328.879
331.274
332.378
333.093
333.787
337.5
337.6695
340.467
343.48
346.7
349.825
353.8215
355.336
355.452
360.98
366.286
367.829
370.838
375.245
377.264
379.039
381.29
387.723
388.854
390.218
390.633
397.121
398.189
402.545
405.178
406.8275
409.045
411.139
413.918
415.197
418.7455
423.118
424.8225
426.081
427.699
435.43
435.943
437.984
441.204
441.266
444.996
447.134
447.574
448.185
448.167
450.9
451.59
451.907
453.048
454.312
459.508
462.01
462.944
463.6625
464.706
466.599
466.937
470.924
471.859
472.927
475.163
475.612
476.5285
480.39
480.506
481.435
482.0155
484.749
485.892
486.038
486.188
486.71
486.81
488.527
488.598
488.844
489.104
490.6765
493.204
496.019
496.157
497.2025
498.756
500.299
505.338
506.202
509.853
512.964
513.536
517.719
517.979
518.731
526.839
529.925
530.406
531.741
533.55
535.629
537.31
537.876
543.79
545.07
551.077
555.3165
556.749
560.757
561.762
562.77
563.948
569.207
570.9125
571.164
571.773
572.302
573.059
573.499
573.987
577.332
579.12
579.365
581.258
581.43
581.711
582.665
585.318
588.623
590.2245
593.798
595.218
595.407
596.404
596.825
597.229
600.519
602.706
604.736
607.558
609.437
610.124
613.5335
615.519
616.648
617.465
618.492
624.245
626.281
627.653
628.247
628.591
630.992
633.893
634.705
635.234
641.0105
641.675
644.089
644.858
645.255
647.503
649.051
655.284
656.133
661.054
666.473
670.488
670.515
674.31
680.452
680.726
688.777
702.069
731.983
733.155
777.104
777.544
786.003
788.046
793.232
824.166
857.206
898.241
899.734
901.323
907.488
944.459
947.109
947.599
956.65
958.136
960.832
964.082
967.655
1011.647
1016.17
1031.229
1034.891
1038.893
1043.909
1056.372
1078.266
1092.65
1097.685
1102.538
1102.883
1108.487
1118.329
1125.773
1126.43
1137.88
1139.082
1142.398
1145.892
1151.69
1163.639
1165.036
1169.959
1170.744
1171.713
1172.165
1175.605
1183.789
1184.441
1185.75
1186.394
1187.369
1190.376
1191.41
1192.531
1195.052
1196.278
1199.612
1200.79
1201.651
1208.451
1210.258
1210.798
1217.246
1219.606
1220.032
1220.862
1222.284
1223.167
1225.923
1226.264
1226.439
1227.197
1228.619
1230.365
1234.929
1237.185
1238.173
1238.944
1239.959
1241.069
1241.695
1242.289
1242.465
1244.262
1245.211
1248.266
1248.711
1256.557
1257.002
1257.173
1257.818
1259.639
1261.357
1261.732
1262.529
1263.265
1264.024
1266.256
1267.231
1268.079
1268.388
1269.451
1270.891
1271.926
1272.284
1273.438
1274.253
1274.723
1275.289
1276.952
1277.664
1278.035
1278.911
1279.635
1280.002
1280.848
1282.627
1283.299
1283.525
1284.022
1285.495
1288.003
1288.271
1289.885
1292.061
1292.336
1293.623
1293.842
1295.285
1296.245
1300.025
1301.09
1301.944
1302.36
1303.234
1305.682
1306.379
1308.566
1309.944
1310.732
1311.307
1311.562
1312.907
1314.318
1315.174
1316.233
1317.339
1317.552
1318.811
1319.061
1319.499
1323.713
1327.963
1328.477
1331.404
1331.652
1332.518
1333.073
1335.323
1338.051
1338.404
1339.273
1341.282
1342.221
1342.623
1342.943
1344.124
1344.365
1345.803
1347.427
1347.744
1347.983
1348.45
1349.055
1349.34
1352.732
1354.514
1354.832
1356.074
1356.56
1357.389
1360.902
1361.276
1362.27
1362.713
1363.757
1366.022
1366.541
1369.363
1370.375
