DF-EDML_EDML
611.253
623.5
650.25
659.52
667.038
671.266
700.181
703.395
725.831
731.464
732.625
733.65
734.77
741.235
754.712
761.6928700000001
784.903
793.21
795.517
803.859
825.99
854.42
859.64
873.07
880.07
901.373
906.65
911.72
916.58
925.15
936.7
939.69
949.176425
955.6
976.47578
997.8
1012.55
1024.19
1027.5835
1033.57
1039.0
1051.37
1051.81
1064.77
1069.723
1072.53
1076.937
1085.66
1089.4315
1092.49
1094.12
1109.62
1123.98
1135.22
1138.0
1146.8
1160.14
1160.95
1170.19
1174.5
1190.58
1199.6
1206.06
1220.12
1222.02
1239.18
1247.97
1254.95325
1262.29
1265.776
1269.4
1272.27
1276.3
1286.83
1291.82
1295.108
1307.595
1311.084
1316.039
1342.33
1349.534
1354.57
1372.717
1376.915
1390.02
1391.454
1393.78
1400.141
1408.04
1412.4
1413.7
1431.27
1435.08
1439.07
1446.28
1451.14
1452.63
1454.356
1462.987
1468.91
1487.91
1503.6
1507.33
1520.42
1526.13
1536.6
1547.79
1551.53
1568.3
1575.51
1580.8
1583.32
1593.61
1596.69
1599.96
1602.8
1605.6319452555
1609.93
1618.42
1623.18
1628.15
1628.87
1630.61
1635.13
1644.02
1645.949
1648.907
1652.25
1662.732
1665.239
1670.14
1672.313
1687.65
1696.16
1699.82
1716.11
1748.47
1756.75
1766.861
1775.207
1786.1
1804.27
1809.67
1810.342
1816.54
1830.85
1834.761
1843.261
1844.477
1853.64
1853.925
1855.21
1866.616
1867.559
1869.48
1870.929
1877.854
1883.31
1890.6
1897.69
1900.849
1913.0
1919.08
1921.26
1924.74
1930.06
1942.77
1949.86
1957.88
1965.07
1969.93
1976.43
1985.05
1987.54
1990.07
2001.35
2007.73
2010.87
2013.5
2022.05
2039.68
2046.15
2062.88
2069.48
2071.18
2076.32
2080.22
2088.85
2096.08
2101.64
2111.56
2122.25
2123.95
2125.55
2137.1
2145.57
2152.69
2166.7
2168.2
2169.3
2171.17
2174.2
2184.0
2188.11
2190.74
2194.67
2195.94
2200.41
2200.92
2205.15
2213.01
2213.8
2219.9
2228.6
2231.3
