NG2-DF_NG2
1399.381
1419.08
1458.68
1470.64
1479.711
1485.084
1506.13
1508.049
1522.22
1527.32
1529.03
1530.494
1531.81
1538.352
1555.516
1564.5
1595.04
1605.004
1606.517
1611.97
1625.57
1642.661
1645.86
1653.93
1657.95
1671.35
1675.23
1679.65
1684.3
1692.28
1706.1
1710.06
1721.322
1728.59
1751.03
1770.805
1784.44
1795.42
1797.64
1801.9
1805.58
1814.63
1814.919
1824.01
1827.205
1829.14
1831.59
1837.38
1840.25
1842.48
1843.683
1855.0
1869.52
1877.95
1880.0
1892.34
1902.87
1903.45
1910.98
1915.58
1931.08
1939.54
1949.6
1962.25
1963.76
1982.33
1989.9
2000.22
2009.39
2012.94
2016.41
2018.48
2022.25
2032.52
2038.06
2042.284
2061.99
2067.37
2072.476
2089.08
2094.1330000000003
2100.03
2116.181
2121.857
2132.213
2133.26
2135.12
2142.37
2151.8
2156.53
2157.88
2173.9
2177.99
2182.77
2191.98
2199.2
2201.554
2204.139
2217.638
2224.0
2237.22
2252.88
2257.55
2271.13
2277.65
2289.42
2302.75
2307.609
2329.1
2337.93
2344.6
2346.6
2352.78
2355.55
2357.412
2359.45
2362.28
2367.03
2373.41
2378.13
2382.65
2383.32
2385.24
2389.487
2399.05
2400.69
2403.591
2405.91
2415.95
2417.46
2421.724
2422.824
2430.41
2434.96
2437.142
2445.9
2469.74
2475.109
2481.763
2487.42
2494.16
2505.21
2509.193
2509.477
2513.05
2524.44
2528.014
2536.117
2536.699
2540.94
2541.11
2541.71
2547.221
2548.01
2550.058
2551.446
2558.84
2564.7
2572.63
2578.98
2581.106
2587.6
2590.92
2592.5
2595.62
2600.85
2612.55
2619.18
2626.65
2633.45
2638.4
2645.8
2656.952
2660.251
2663.843
2678.97
2687.3
2689.38
2691.24
2696.93
2708.47
2713.08
2733.48
2744.16
2746.62
2752.34
2756.92
2767.18
2775.1
2780.54
2793.06
2806.74
2808.97
2811.08
2824.95
2834.66
2843.71
2861.48
2863.2
2864.73
2866.68
2870.35
2883.8
2890.42
2893.94
2898.54
2899.95
2905.02
2905.6
2911.63
2924.25
2925.54
2936.19
2946.48
2949.88
