NEEM-WDC_WDC
1808.9
1836.4
1896.608
1919.17
1937.754
1948.55
1965.488
2012.5
2019.071
2068.34
2082.951
2086.525
2089.552
2092.7200000000003
2111.2490000000003
2145.37
2164.1528
2219.809
2240.15
2245.205
2263.204
2288.38
2361.136
2424.095
2434.0
2444.685
2451.02
2462.05
2478.16
2482.73
2506.97
2567.25
2572.0293
2633.7
2634.3540000000003
2660.23
2670.087
2681.92
2687.3808
2742.86
2749.08
2768.1
2807.69
2822.2
2851.69
2863.15
2872.32
2890.77
2928.33
2939.56
2943.085
2953.05
2964.32
2969.13
2987.25
2991.1330000000003
3006.318
3010.469
3012.89
3016.45
3027.63
3033.15
3044.28
3052.1
3053.262
3057.95
3079.07
3083.92
3098.606
3100.16
3102.68
3109.92
3118.82
3123.9
3130.11
3142.5
3144.96
3146.5
3149.45
3154.24
3162.931
3169.04
3170.992
3173.17
3184.42
3192.0
3212.62
3228.32
3231.9
3249.64
3260.32
3271.39
3274.77
3297.95
3303.76
3320.22
3322.22
3340.35
3346.06
3348.86
3357.86
3361.9
3362.95
3369.575
3378.275
3380.67
3384.21
3385.29
3392.42
3397.1
3399.99
3401.54
