#PROGRAM: dep90.pas
#PROT: N: 34
#PROT: TE: -28
#PROT: T: 18.150
#PROT: DB: 1650 78.00 # end of core
#PROT: DB: 550 78.00 # bag cut
#PROT: DB: 1100 78.00 # bag cut
#PROT: DB: 490 78.00
#PROT: CC: 390 440
# depth c250k g250k c200k g200k c100k g100k c50k g50k 
    18.155   0.109947  33.974600   0.110273  33.831300   0.113214  33.038400   0.121673  31.675800 
    18.160   0.123900  42.572100   0.124396  42.360100   0.128634  41.254800   0.140555  39.227100 
    18.165   0.127736  44.900000   0.128287  44.704200   0.133108  43.501300   0.146658  41.196900 
    18.170   0.129172  46.216000   0.129779  45.999800   0.134837  44.753300   0.149201  42.351500 
    18.175   0.130094  47.415100   0.130715  47.188700   0.135948  45.895900   0.150949  43.422600 
    18.180   0.130727  48.667500   0.131372  48.372700   0.136760  47.028100   0.152283  44.492600 
    18.185   0.131254  49.959500   0.131940  49.694800   0.137646  48.297700   0.153739  45.679000 
    18.190   0.131833  51.505700   0.132560  51.252400   0.138518  49.775200   0.155321  47.026700 
    18.195   0.132285  53.032600   0.133057  52.729100   0.139346  51.250200   0.156893  48.249900 
    18.200   0.132461  54.186400   0.133270  53.881200   0.139780  52.186200   0.157951  49.191600 
    18.205   0.132724  55.179700   0.133576  54.890200   0.140230  53.165400   0.158709  50.140000 
    18.210   0.132935  56.368500   0.133830  56.043200   0.140676  54.224500   0.159592  51.096600 
    18.215   0.132836  57.568100   0.133776  57.171200   0.140879  55.247900   0.160485  51.949800 
    18.220   0.131666  57.763300   0.132633  57.406400   0.140049  55.387700   0.160074  51.944600 
    18.225   0.130013  57.417200   0.131013  57.079400   0.138588  55.009700   0.158949  51.464800 
    18.230   0.130012  58.283500   0.131052  57.893100   0.138868  55.764600   0.159691  52.108500 
    18.235   0.131766  60.397400   0.132824  60.051600   0.140890  57.797600   0.162608  54.063200 
    18.240   0.132809  61.821300   0.133884  61.423100   0.142115  59.184900   0.164286  55.415700 
    18.245   0.132539  61.748000   0.133627  61.351300   0.141747  59.121800   0.163786  55.414200 
    18.250   0.132496  61.680200   0.133567  61.268600   0.141627  59.070400   0.163528  55.406400 
    18.255   0.132571  61.706700   0.133632  61.292300   0.141638  59.106500   0.163294  55.468200 
    18.260   0.132154  61.165600   0.133207  60.776900   0.141110  58.609600   0.162433  54.991200 
    18.265   0.132114  60.663900   0.133134  60.381700   0.140945  58.160500   0.162023  54.611500 
    18.270   0.132499  60.102700   0.133500  59.754500   0.141038  57.716700   0.161487  54.283400 
    18.275   0.132192  58.451800   0.133106  58.134800   0.140143  56.287500   0.159511  53.117600 
    18.280   0.132615  57.797800   0.133473  57.500800   0.140151  55.766100   0.158839  52.811500 
    18.285   0.133324  58.104300   0.134162  57.801200   0.140794  56.124100   0.159248  53.206400 
    18.290   0.132973  58.009900   0.133819  57.711600   0.140510  55.992400   0.159009  53.006400 
    18.295   0.132487  58.308800   0.133391  58.007600   0.140372  56.149600   0.159454  52.985300 
    18.300   0.132119  59.108200   0.133083  58.754000   0.140476  56.738500   0.160444  53.287900 
    18.305   0.131761  59.914600   0.132803  59.529100   0.140613  57.327000   0.161188  53.664500 
    18.310   0.131715  60.917500   0.132809  60.516700   0.140927  58.179800   0.162071  54.329300 
    18.315   0.132127  62.737500   0.133336  62.271000   0.141937  59.794900   0.164261  55.711500 
    18.320   0.133181  64.934400   0.134423  64.451100   0.143469  61.829900   0.166879  57.579200 
    18.325   0.133801  66.431800   0.135077  65.926500   0.144447  63.217100   0.168725  58.796800 
    18.330   0.133517  66.920100   0.134827  66.415100   0.144471  63.591500   0.169332  59.046700 
    18.335   0.133492  67.538000   0.134820  67.003700   0.144650  64.133400   0.169986  59.516100 
    18.340   0.133810  68.313200   0.135157  67.789400   0.145082  64.918200   0.170842  60.274100 
    18.345   0.133393  68.549400   0.134772  68.011800   0.144784  65.108200   0.170845  60.456300 
    18.350   0.133555  69.436300   0.134960  68.883800   0.145242  65.901700   0.172006  61.122200 
    18.355   0.134623  71.430100   0.136154  70.846700   0.146915  67.690600   0.174936  62.668600 
    18.360   0.135189  73.363900   0.136806  72.730600   0.148157  69.306600   0.177506  63.964300 
    18.365   0.135460  74.738100   0.137163  74.074200   0.148976  70.458300   0.179143  64.868200 
    18.370   0.135608  75.108000   0.137303  74.435800   0.149156  70.818400   0.179530  65.249700 
    18.375   0.135377  74.472900   0.137041  73.819000   0.148632  70.315900   0.178607  64.869600 
    18.380   0.134766  73.012100   0.136365  72.364200   0.147690  69.000500   0.176859  63.723100 
    18.385   0.134132  71.402200   0.135671  70.789800   0.146576  67.582700   0.174892  62.481800 
    18.390   0.134075  70.383800   0.135546  69.819500   0.146075  66.750600   0.173547  61.850000 
    18.395   0.134381  69.761700   0.135786  69.204200   0.146031  66.246600   0.172889  61.479900 
    18.400   0.134385  68.850600   0.135764  68.300800   0.145827  65.418800   0.172185  60.745700 
    18.405   0.134166  67.943100   0.135523  67.419500   0.145421  64.570600   0.171241  59.922200 
    18.410   0.133806  66.847100   0.135129  66.345200   0.144825  63.542600   0.170033  58.967700 
    18.415   0.133709  65.302800   0.134988  64.835800   0.144186  62.179600   0.168318  57.828700 
    18.420   0.134035  63.609600   0.135178  63.177400   0.143718  60.747800   0.166383  56.800800 
    18.425   0.134188  61.614200   0.135207  61.249300   0.143004  59.140300   0.164229  55.551000 
    18.430   0.134118  59.620500   0.135048  59.281100   0.142220  57.428700   0.162161  54.138900 
    18.435   0.134155  58.074500   0.134994  57.787100   0.141724  56.075800   0.160584  53.030600 
    18.440   0.133240  56.397100   0.134065  56.092000   0.140578  54.433500   0.158777  51.473800 
    18.445   0.131688  54.612900   0.132511  54.318300   0.139018  52.621100   0.156957  49.601600 
    18.450   0.131512  54.006200   0.132320  53.708000   0.138777  51.964000   0.156575  48.976600 
    18.455   0.132189  54.329900   0.133008  54.003800   0.139477  52.314500   0.157351  49.274800 
    18.460   0.132878  55.164800   0.133712  54.845300   0.140312  53.075800   0.158675  49.987100 
    18.465   0.132970  55.879100   0.133853  55.537500   0.140708  53.746500   0.159610  50.497000 
    18.470   0.132059  55.987200   0.132969  55.664700   0.140125  53.769700   0.159578  50.354100 
    18.475   0.131619  56.794500   0.132591  56.446200   0.140085  54.420000   0.160305  50.827400 
    18.480   0.131778  58.295400   0.132826  57.911000   0.140855  55.699200   0.162154  51.787100 
    18.485   0.131924  59.511700   0.133052  59.084500   0.141513  56.710900   0.163733  52.567300 
    18.490   0.131702  59.755100   0.132837  59.318000   0.141352  56.927200   0.163801  52.735800 
    18.495   0.131528  59.887500   0.132657  59.472900   0.141179  57.073100   0.163707  52.946600 
    18.500   0.131878  60.343300   0.132997  59.983000   0.141480  57.556700   0.163855  53.448500 
    18.505   0.131870  60.069400   0.132960  59.680400   0.141206  57.408300   0.163122  53.474500 
    18.510   0.131880  59.530300   0.132903  59.163600   0.140793  57.032500   0.162063  53.325700 
    18.515   0.132782  59.917100   0.133776  59.579700   0.141468  57.550300   0.162477  53.983100 
    18.520   0.134403  61.449600   0.135438  61.084400   0.143289  59.031400   0.164941  55.440600 
    18.525   0.135722  62.778800   0.136772  62.405600   0.144931  60.289500   0.167379  56.561500 
    18.530   0.134849  61.686400   0.135887  61.285300   0.143980  59.208600   0.166265  55.493500 
    18.535   0.132301  58.886400   0.133332  58.518100   0.141255  56.419100   0.162990  52.726700 
    18.540   0.128620  55.828300   0.129674  55.438200   0.137692  53.210900   0.158984  49.365800 
    18.545   0.125183  54.222700   0.126319  53.769700   0.134775  51.265200   0.156466  47.080700 
    18.550   0.124251  55.458000   0.125518  54.965400   0.134663  52.281100   0.157466  47.645500 
    18.555   0.126728  59.727400   0.128092  59.263200   0.137922  56.164000   0.162604  51.334800 
    18.560   0.129869  64.443900   0.131380  63.839000   0.142001  60.588500   0.168975  55.394200 
    18.565   0.130719  67.246000   0.132369  66.600200   0.143856  63.006000   0.172718  57.349200 
    18.570   0.130466  68.663600   0.132227  67.936300   0.144325  64.063800   0.174329  58.068500 
    18.575   0.130398  69.670100   0.132201  68.886500   0.144663  64.868600   0.175427  58.693400 
    18.580   0.131015  70.850600   0.132880  70.077600   0.145563  65.984700   0.177047  59.689900 
    18.585   0.132722  72.629600   0.134618  71.844500   0.147686  67.676600   0.180107  61.223200 
    18.590   0.134315  73.769600   0.136212  73.009300   0.149350  68.853200   0.182254  62.388100 
    18.595   0.134857  73.288100   0.136658  72.569500   0.149277  68.706700   0.181271  62.541200 
    18.600   0.134847  71.690100   0.136493  71.063900   0.148141  67.607300   0.178345  62.029200 
    18.605   0.135271  70.464800   0.136715  69.918300   0.147335  66.947500   0.175634  62.011300 
    18.610   0.135215  69.571000   0.136583  69.068900   0.146529  66.361700   0.173468  61.799200 
    18.615   0.134093  68.416400   0.135410  67.927700   0.145237  65.204600   0.171436  60.694200 
    18.620   0.133379  67.943200   0.134757  67.427900   0.144636  64.611500   0.170706  59.995100 
    18.625   0.133511  68.050200   0.134869  67.491100   0.144956  64.574700   0.171194  59.855600 
    18.630   0.133528  67.534700   0.134846  67.013400   0.144726  64.149200   0.170437  59.557100 
    18.635   0.128352  62.101300   0.129535  61.621800   0.138349  59.112800   0.161633  55.046500 
    18.640   0.125147  58.534500   0.126340  58.066500   0.135004  55.488300   0.157491  51.365700 
    18.645   0.129449  62.494300   0.130876  61.917900   0.140927  58.795700   0.166137  53.859200 
    18.650   0.133115  66.081300   0.134662  65.453800   0.145511  62.106200   0.172730  56.685600 
    18.655   0.134784  66.750100   0.136274  66.133100   0.146945  62.902600   0.174159  57.623800 
    18.660   0.135086  65.376300   0.136443  64.777200   0.146373  61.866900   0.172272  57.046000 
    18.665   0.135153  63.426700   0.136371  62.940200   0.145506  60.347400   0.169789  56.016600 
    18.670   0.135216  61.219900   0.136290  60.881300   0.144651  58.541500   0.167364  54.645200 
    18.675   0.135189  58.845000   0.136174  58.484900   0.143834  56.482800   0.165140  52.932100 
    18.680   0.135273  56.744600   0.136168  56.395100   0.143323  54.592700   0.163551  51.294800 
    18.685   0.135376  54.933700   0.136209  54.619200   0.143094  52.882200   0.162567  49.727500 
    18.690   0.135782  53.491500   0.136596  53.191100   0.143260  51.495800   0.162214  48.401700 
    18.695   0.135570  51.780100   0.136372  51.467500   0.142826  49.845700   0.161359  46.725700 
    18.700   0.133450  49.551000   0.134250  49.235300   0.140672  47.576200   0.158907  44.493800 
    18.705   0.133904  49.874800   0.134712  49.569800   0.141237  47.912300   0.159848  44.762500 
    18.710   0.135485  51.151700   0.136290  50.856300   0.142869  49.239700   0.161678  46.132800 
    18.715   0.134523  50.773400   0.135331  50.467300   0.141853  48.865100   0.160428  45.728000 
    18.720   0.133547  49.792900   0.134336  49.507700   0.140708  47.902200   0.158705  44.799200 
    18.725   0.133301  47.688100   0.133978  47.432600   0.139721  45.993400   0.155992  43.253500 
    18.730   0.133145  45.548200   0.133742  45.272900   0.138784  44.024100   0.153560  41.672500 
    18.735   0.132470  45.563700   0.133100  45.299400   0.138453  43.967800   0.153863  41.404600 
    18.740   0.132117  47.071800   0.132823  46.728900   0.138940  45.189100   0.156107  42.149900 
    18.745   0.131740  46.802100   0.132518  46.520300   0.138799  44.914900   0.156243  41.746900 
    18.750   0.131788  44.522300   0.132462  44.295600   0.138028  42.866600   0.153862  40.090800 
    18.755   0.132512  40.830000   0.132981  40.633500   0.137199  39.634600   0.149786  37.625700 
    18.760   0.132708  36.642600   0.132980  36.515600   0.135804  35.883700   0.144964  34.677900 
    18.765   0.132522  34.556400   0.132723  34.459000   0.134921  33.989200   0.142672  33.184100 
    18.770   0.132479  36.129800   0.132762  36.015600   0.135594  35.465500   0.145130  34.302600 
    18.775   0.133023  39.277100   0.133429  39.131600   0.137299  38.325200   0.149478  36.597100 
    18.780   0.133337  41.284000   0.133822  41.099600   0.138210  40.132000   0.151722  38.131000 
    18.785   0.132237  41.544400   0.132712  41.371100   0.137056  40.372900   0.150311  38.443200 
    18.790   0.132177  42.991600   0.132668  42.806700   0.137087  41.804300   0.150411  39.818300 
    18.795   0.133895  46.650600   0.134479  46.432300   0.139533  45.230700   0.154409  42.890000 
    18.800   0.135267  49.695600   0.135921  49.495400   0.141569  48.137000   0.157778  45.515400 
    18.805   0.135635  51.372700   0.136333  51.129200   0.142244  49.709100   0.159102  46.985300 
    18.810   0.134966  51.950300   0.135702  51.702600   0.141730  50.241000   0.159036  47.445200 
    18.815   0.134958  52.948100   0.135744  52.705300   0.142048  51.177500   0.160144  48.249700 
    18.820   0.135861  54.861900   0.136701  54.584000   0.143481  52.915200   0.162665  49.761400 
    18.825   0.136235  56.292200   0.137129  55.971600   0.144221  54.212000   0.164067  50.864600 
    18.830   0.136105  57.040600   0.137018  56.719400   0.144184  54.903500   0.164203  51.519700 
    18.835   0.134735  57.007500   0.135677  56.679600   0.143025  54.752800   0.163188  51.251400 
    18.840   0.133880  56.874600   0.134828  56.540500   0.142269  54.553000   0.162411  50.987900 
    18.845   0.134252  56.242100   0.135161  55.925700   0.142119  54.104500   0.161325  50.809700 
    18.850   0.133586  54.988200   0.134420  54.687100   0.141060  53.006200   0.159548  49.897100 
    18.855   0.132565  55.247400   0.133481  54.944700   0.140576  53.064500   0.159932  49.670000 
    18.860   0.133335  57.605800   0.134353  57.231400   0.142160  55.123900   0.163068  51.334600 
    18.865   0.134280  59.550700   0.135389  59.145700   0.143741  56.881500   0.166067  52.772700 
    18.870   0.134770  60.994000   0.135940  60.665000   0.144834  58.105900   0.168425  53.740300 
    18.875   0.135797  62.532300   0.136993  62.118800   0.146123  59.622800   0.170337  55.166500 
    18.880   0.134988  62.746800   0.136209  62.269500   0.145448  59.675500   0.169788  55.170800 
    18.885   0.133624  63.002300   0.134955  62.482100   0.144683  59.611900   0.169607  54.743900 
    18.890   0.132964  63.069600   0.134398  62.512400   0.144545  59.434200   0.170037  54.259600 
    18.895   0.132688  62.047200   0.134062  61.517400   0.143994  58.574500   0.169168  53.511100 
    18.900   0.132799  60.639000   0.134054  60.271700   0.143411  57.469400   0.167486  52.749900 
    18.905   0.132956  58.944800   0.134101  58.530100   0.142755  56.089000   0.165397  51.779800 
    18.910   0.133242  57.130200   0.134280  56.760400   0.142190  54.628600   0.163319  50.714900 
    18.915   0.132916  54.750800   0.133817  54.443000   0.140939  52.579300   0.160394  49.079700 
    18.920   0.131944  51.976200   0.132729  51.703400   0.139131  50.064700   0.156850  46.932300 
    18.925   0.131734  49.964900   0.132452  49.696200   0.138315  48.216200   0.154786  45.339000 
    18.930   0.132768  49.219500   0.133442  48.980600   0.139011  47.569000   0.154598  44.851300 
    18.935   0.133413  48.662500   0.134038  48.418500   0.139368  47.101400   0.154420  44.499600 
    18.940   0.133645  48.092100   0.134265  47.874600   0.139429  46.627100   0.154056  44.112900 
    18.945   0.133720  47.679600   0.134306  47.470800   0.139336  46.250200   0.153724  43.811700 
    18.950   0.134064  47.740500   0.134635  47.549600   0.139582  46.342200   0.153741  43.973500 
    18.955   0.134377  47.969800   0.134945  47.776800   0.139833  46.587700   0.153905  44.244100 
    18.960   0.134600  48.301300   0.135166  48.112400   0.140080  46.932900   0.154207  44.567300 
    18.965   0.134842  48.904800   0.135415  48.723400   0.140422  47.513300   0.154753  45.119200 
    18.970   0.134568  49.430600   0.135173  49.226100   0.140309  47.980300   0.154873  45.501600 
    18.975   0.134443  50.260000   0.135090  50.020300   0.140439  48.705900   0.155474  46.083900 
    18.980   0.134994  51.644900   0.135676  51.409700   0.141238  50.001800   0.156859  47.341900 
    18.985   0.135769  53.319500   0.136472  53.066000   0.142327  51.590400   0.158590  48.797000 
    18.990   0.135902  54.560400   0.136666  54.289700   0.142779  52.726700   0.159609  49.818400 
    18.995   0.135908  55.716100   0.136700  55.430400   0.143073  53.789500   0.160516  50.756600 
    19.000   0.136158  57.039900   0.136992  56.733900   0.143581  55.004600   0.161532  51.873900 
    19.005   0.135544  57.669200   0.136393  57.361600   0.143093  55.570200   0.161209  52.375600 
    19.010   0.135182  58.348800   0.136054  58.040700   0.142902  56.196000   0.161155  52.921000 
    19.015   0.135422  59.618800   0.136350  59.270000   0.143468  57.320200   0.162365  53.917900 
    19.020   0.135557  60.843800   0.136532  60.560100   0.143974  58.415800   0.163543  54.846900 
    19.025   0.136881  63.119400   0.137910  62.749500   0.145677  60.509000   0.166105  56.854500 
    19.030   0.137486  64.701500   0.138556  64.306100   0.146574  62.007400   0.167450  58.220700 
    19.035   0.136468  64.466400   0.137546  64.065800   0.145571  61.757100   0.166453  57.935100 
    19.040   0.136423  64.443200   0.137446  64.062700   0.145255  61.839700   0.165610  58.176300 
    19.045   0.138149  66.057600   0.139158  65.654400   0.146853  63.530000   0.167169  60.034900 
    19.050   0.139545  67.793600   0.140577  67.375900   0.148355  65.243800   0.169069  61.768800 
    19.055   0.140215  68.914400   0.141277  68.526500   0.149172  66.332900   0.170287  62.845100 
    19.060   0.140581  69.730700   0.141663  69.343100   0.149675  67.112300   0.171090  63.619600 
    19.065   0.140756  70.345100   0.141846  69.926300   0.149929  67.697900   0.171582  64.136400 
    19.070   0.140651  70.734800   0.141762  70.315500   0.149958  68.023100   0.171885  64.445600 
    19.075   0.141000  71.693900   0.142160  71.264800   0.150620  68.913600   0.173297  65.180700 
    19.080   0.141153  72.578800   0.142350  72.138900   0.151198  69.662900   0.174744  65.714200 
    19.085   0.140212  72.581200   0.141418  72.095100   0.150637  69.416500   0.174689  65.183100 
    19.090   0.139792  72.759800   0.141144  72.227400   0.150713  69.304000   0.174806  64.790500 
    19.095   0.140081  71.070100   0.141330  70.587600   0.150250  67.854600   0.172715  63.713700 
    19.100   0.140264  66.632800   0.141199  66.263100   0.148291  64.235000   0.167052  61.130000 
    19.105   0.140397  63.313300   0.141153  63.035700   0.147023  61.475400   0.163232  59.007500 
    19.110   0.140289  62.202000   0.141019  61.927100   0.146710  60.318300   0.162303  57.961700 
    19.115   0.140086  62.068800   0.140832  61.774800   0.146696  60.211500   0.162573  57.668500 
    19.120   0.139709  63.436500   0.140583  63.108200   0.147229  61.242500   0.164801  58.222500 
    19.125   0.138818  65.296100   0.139876  64.882200   0.147631  62.571500   0.167482  58.898700 
    19.130   0.139456  66.759800   0.140564  66.349000   0.148642  64.005500   0.169598  60.193400 
    19.135   0.140690  67.434900   0.141736  67.055800   0.149574  64.873700   0.170445  61.251700 
    19.140   0.140652  67.008200   0.141657  66.665600   0.149318  64.568700   0.169900  61.052200 
    19.145   0.140148  66.048800   0.141120  65.715500   0.148595  63.686700   0.168641  60.267100 
    19.150   0.138885  64.587600   0.139867  64.217300   0.147200  62.206900   0.166765  58.774200 
    19.155   0.137125  63.025700   0.138115  62.666500   0.145519  60.492700   0.164877  56.992300 
    19.160   0.135397  61.502800   0.136399  61.139700   0.143942  58.936400   0.163250  55.233000 
    19.165   0.134036  60.574700   0.135098  60.256300   0.142924  57.859200   0.162597  53.943400 
    19.170   0.133910  60.477100   0.135008  60.090700   0.143102  57.641900   0.163399  53.528500 
    19.175   0.134389  60.009200   0.135459  59.608800   0.143388  57.280700   0.163470  53.265200 
    19.180   0.134112  58.296600   0.135089  57.932500   0.142547  55.837500   0.161838  52.083600 
    19.185   0.133711  56.282300   0.134618  55.949200   0.141656  54.041000   0.160200  50.513000 
    19.190   0.134051  54.948500   0.134913  54.653900   0.141639  52.871900   0.159731  49.493500 
    19.195   0.134135  53.645200   0.134987  53.384200   0.141532  51.662400   0.159253  48.380100 
    19.200   0.133978  52.282600   0.134775  52.019700   0.141097  50.382200   0.158355  47.171600 
    19.205   0.133698  50.796100   0.134470  50.537300   0.140538  48.987800   0.157217  45.922100 
    19.210   0.132805  48.796600   0.133519  48.572600   0.139348  47.092400   0.155446  44.133500 
    19.215   0.131777  45.962600   0.132389  45.734400   0.137653  44.447000   0.152473  41.786900 
    19.220   0.131204  43.074400   0.131761  42.884900   0.136371  41.821300   0.149691  39.519400 
    19.225   0.131472  41.481100   0.131969  41.306400   0.136300  40.314600   0.148967  38.155900 
    19.230   0.132252  40.633400   0.132723  40.484000   0.136885  39.521900   0.149228  37.445200 
    19.235   0.133085  39.918000   0.133538  39.763000   0.137559  38.804500   0.149451  36.837000 
    19.240   0.133658  38.937600   0.134101  38.768600   0.137896  37.868800   0.149215  36.005900 
    19.245   0.132171  36.724000   0.132582  36.564800   0.135960  35.726300   0.146335  34.065000 
    19.250   0.126299  33.161800   0.126635  32.977000   0.129662  32.182800   0.138856  30.762000 
    19.255   0.127149  34.569500   0.127544  34.395500   0.130831  33.543400   0.140869  31.991100 
    19.260   0.132188  39.615800   0.132689  39.450000   0.136929  38.423100   0.149484  36.365400 
    19.265   0.131504  41.549500   0.132099  41.359300   0.136838  40.216900   0.150734  37.844400 
    19.270   0.131205  42.533300   0.131801  42.339900   0.136676  41.201200   0.150898  38.792900 
    19.275   0.131472  43.699000   0.132089  43.516300   0.137041  42.354300   0.151563  39.911500 
    19.280   0.131343  44.718600   0.131984  44.544400   0.137165  43.323300   0.152172  40.784900 
    19.285   0.131236  45.899900   0.131918  45.674900   0.137360  44.376600   0.152901  41.695000 
    19.290   0.131539  46.730900   0.132196  46.510400   0.137654  45.180400   0.153323  42.513900 
    19.295   0.132342  47.462000   0.132942  47.165100   0.138266  45.919000   0.153531  43.365400 
    19.300   0.132539  47.814500   0.133147  47.616400   0.138393  46.384000   0.153553  43.891300 
    19.305   0.132733  48.537400   0.133372  48.340500   0.138721  47.095200   0.154061  44.590800 
    19.310   0.132936  49.643200   0.133593  49.413100   0.139164  48.126700   0.155049  45.490000 
    19.315   0.132899  50.804500   0.133633  50.558300   0.139521  49.158400   0.156201  46.245700 
    19.320   0.132934  51.871500   0.133695  51.625900   0.139869  50.108700   0.157142  47.174100 
    19.325   0.133260  52.964900   0.134067  52.704200   0.140461  51.239200   0.158076  48.143400 
    19.330   0.133463  53.821800   0.134289  53.546800   0.140792  51.917200   0.158945  48.821700 
    19.335   0.132554  53.728200   0.133390  53.446100   0.140008  51.717500   0.158314  48.593000 
    19.340   0.131994  54.011800   0.132888  53.711100   0.139630  51.947500   0.158166  48.702600 
    19.345   0.132385  54.896400   0.133286  54.584000   0.140155  52.822900   0.158978  49.508600 
    19.350   0.132458  55.324500   0.133349  55.033600   0.140294  53.245100   0.159277  49.927600 
    19.355   0.132001  55.184100   0.132877  54.881300   0.139793  53.100000   0.158660  49.810000 
    19.360   0.131837  55.592200   0.132730  55.281500   0.139689  53.485800   0.158688  50.175200 
    19.365   0.132731  57.127200   0.133664  56.799500   0.140846  54.925400   0.160440  51.500100 
    19.370   0.133450  58.288500   0.134394  57.956700   0.141705  56.065700   0.161480  52.646500 
    19.375   0.133611  58.792300   0.134570  58.477100   0.141835  56.577500   0.161663  53.190600 
    19.380   0.133904  59.322900   0.134876  58.998300   0.142175  57.105300   0.162108  53.752500 
    19.385   0.134163  59.886100   0.135129  59.567400   0.142492  57.646700   0.162527  54.286600 
    19.390   0.134420  60.584400   0.135392  60.307500   0.142853  58.294700   0.163039  54.889400 
    19.395   0.134639  61.311700   0.135639  60.961200   0.143214  58.940000   0.163669  55.471200 
    19.400   0.134796  61.766900   0.135812  61.420700   0.143501  59.375600   0.164142  55.843900 
    19.405   0.134784  61.702700   0.135795  61.365000   0.143393  59.328300   0.163823  55.855200 
    19.410   0.135121  61.413400   0.136066  61.096600   0.143346  59.202000   0.163141  55.943800 
    19.415   0.134453  60.556600   0.135363  60.329900   0.142404  58.439800   0.161657  55.327600 
    19.420   0.133251  60.781800   0.134224  60.507800   0.141679  58.421900   0.161514  55.053000 
    19.425   0.133675  63.423900   0.134810  63.029800   0.143138  60.653900   0.164866  56.767500 
    19.430   0.134366  65.586200   0.135574  65.150100   0.144396  62.613300   0.167148  58.504300 
    19.435   0.135084  66.681300   0.136282  66.252900   0.145007  63.804200   0.167847  59.850600 
    19.440   0.136412  68.214800   0.137584  67.809700   0.146161  65.457700   0.169441  61.659400 
    19.445   0.137447  69.865800   0.138656  69.465600   0.147445  67.125500   0.171423  63.379600 
    19.450   0.138569  72.085200   0.139807  71.651000   0.148922  69.263100   0.174070  65.441300 
    19.455   0.139909  75.229800   0.141236  74.762100   0.150943  72.213100   0.177854  68.197100 
    19.460   0.140367  77.731800   0.141809  77.196200   0.152206  74.393400   0.180759  70.043300 
    19.465   0.140088  79.153300   0.141640  78.585200   0.152713  75.482800   0.182620  70.745300 
    19.470   0.139680  79.986400   0.141323  79.355200   0.152890  76.047400   0.183625  71.006400 
    19.475   0.139671  80.877800   0.141387  80.242000   0.153451  76.770700   0.184953  71.378700 
    19.480   0.139240  80.707800   0.140987  80.073000   0.153132  76.476100   0.184870  71.046300 
    19.485   0.138036  79.183800   0.139748  78.499500   0.151640  74.957100   0.182575  69.656300 
    19.490   0.138216  79.322900   0.139935  78.644600   0.151803  75.105600   0.182595  69.774800 
    19.495   0.138917  79.801800   0.140612  79.152400   0.152341  75.678200   0.182944  70.419400 
    19.500   0.138597  78.198000   0.140163  77.576100   0.151289  74.332300   0.180555  69.442900 
    19.505   0.138321  76.311400   0.139800  75.750800   0.150278  72.749900   0.177985  68.210700 
    19.510   0.138318  74.748500   0.139696  74.247100   0.149630  71.414300   0.175992  67.145500 
    19.515   0.138375  72.972600   0.139636  72.510000   0.148905  69.951000   0.173832  66.013100 
    19.520   0.138781  71.850300   0.139962  71.425500   0.148691  69.096800   0.172441  65.450300 
    19.525   0.139079  71.705500   0.140253  71.300600   0.148920  68.964400   0.172473  65.343000 
    19.530   0.138932  71.694600   0.140136  71.286700   0.148950  68.885200   0.172804  65.141200 
    19.535   0.138668  71.597700   0.139911  71.165700   0.148878  68.714900   0.173030  64.845200 
    19.540   0.138965  71.992900   0.140214  71.549900   0.149342  69.057200   0.173933  65.094700 
    19.545   0.139180  72.425000   0.140440  71.962300   0.149744  69.394100   0.174643  65.368900 
    19.550   0.139145  72.639100   0.140422  72.178100   0.149793  69.575800   0.174894  65.494100 
    19.555   0.139489  73.025100   0.140767  72.596600   0.150216  70.003800   0.175458  65.933500 
    19.560   0.139487  73.027800   0.140766  72.589700   0.150229  70.021300   0.175652  65.942700 
    19.565   0.139279  72.777100   0.140572  72.343000   0.150082  69.778600   0.175635  65.654500 
    19.570   0.139279  72.742800   0.140594  72.303600   0.150180  69.689700   0.175967  65.483800 
    19.575   0.138727  72.670800   0.140081  72.193700   0.149852  69.457800   0.175766  65.121700 
    19.580   0.137732  72.367500   0.139146  71.850600   0.149088  68.982300   0.175074  64.467900 
    19.585   0.137150  71.657200   0.138558  71.123300   0.148518  68.234500   0.174328  63.670000 
    19.590   0.137252  70.651500   0.138601  70.152900   0.148296  67.365300   0.173630  62.923800 
    19.595   0.137312  69.403400   0.138608  68.942200   0.147915  66.328700   0.172445  62.097000 
    19.600   0.136973  67.856800   0.138180  67.426200   0.147085  64.975500   0.170711  60.932600 
    19.605   0.136630  66.216900   0.137781  65.822900   0.146275  63.482700   0.168956  59.626600 
    19.610   0.136596  64.806500   0.137672  64.423100   0.145796  62.236700   0.167521  58.539400 
    19.615   0.136942  63.837200   0.137963  63.466700   0.145748  61.385000   0.166645  57.863300 
    19.620   0.137248  62.871400   0.138248  62.529900   0.145696  60.519600   0.166001  57.158100 
    19.625   0.137036  61.457400   0.137991  61.216300   0.145240  59.247300   0.164904  55.928900 
    19.630   0.136362  59.648900   0.137252  59.344100   0.144166  57.540500   0.162962  54.335400 
    19.635   0.135378  57.730500   0.136216  57.450800   0.142820  55.714500   0.160683  52.620000 
    19.640   0.135552  56.486800   0.136360  56.196500   0.142621  54.584000   0.159663  51.636500 
    19.645   0.136481  55.735100   0.137219  55.476600   0.143139  53.982200   0.159420  51.232200 
    19.650   0.136549  54.630000   0.137238  54.392800   0.142856  53.006300   0.158398  50.398700 
    19.655   0.136655  53.723400   0.137283  53.508500   0.142573  52.227300   0.157428  49.769300 
    19.660   0.137370  53.667000   0.138020  53.466200   0.143192  52.217200   0.157761  49.845000 
    19.665   0.137805  53.807100   0.138436  53.606900   0.143616  52.357900   0.158151  49.978900 
    19.670   0.137841  53.393200   0.138433  53.198900   0.143385  51.994500   0.157352  49.760200 
    19.675   0.137697  53.070600   0.138300  52.891700   0.143010  51.734800   0.156590  49.627900 
    19.680   0.137805  53.776300   0.138405  53.574300   0.143304  52.394400   0.157185  50.179800 
    19.685   0.137406  54.655200   0.138069  54.445400   0.143226  53.133500   0.157655  50.781000 
    19.690   0.137074  55.575800   0.137742  55.370300   0.143169  53.966500   0.158159  51.461000 
    19.695   0.137209  56.511500   0.137930  56.290200   0.143445  54.870400   0.158711  52.377600 
    19.700   0.136836  58.253400   0.137627  57.986600   0.143549  56.435400   0.159839  53.726800 
    19.705   0.136977  61.506000   0.137882  61.239100   0.144842  59.301100   0.163090  56.085200 
    19.710   0.137358  63.865200   0.138375  63.513600   0.145886  61.391100   0.165638  57.874300 
    19.715   0.137245  65.184500   0.138297  64.801000   0.146090  62.625900   0.166452  59.020200 
    19.720   0.136846  66.233600   0.137907  65.867600   0.145823  63.639800   0.166554  60.012300 
    19.725   0.136742  67.587000   0.137839  67.147000   0.145861  64.841700   0.166920  61.214800 
    19.730   0.136892  68.838600   0.138010  68.418900   0.146134  66.101100   0.167401  62.521800 
    19.735   0.136852  69.572600   0.137947  69.175300   0.145860  66.937200   0.166844  63.573900 
    19.740   0.136591  71.229900   0.137751  70.788200   0.146011  68.469100   0.167886  64.952800 
    19.745   0.137522  75.744700   0.138899  75.224700   0.148511  72.333300   0.173462  68.205100 
    19.750   0.138927  80.494100   0.140515  79.863100   0.151339  76.542900   0.179201  71.847500 
    19.755   0.139084  82.926800   0.140757  82.247000   0.152135  78.743700   0.181554  73.830700 
    19.760   0.139090  85.165100   0.140878  84.425800   0.152926  80.644000   0.183963  75.411900 
    19.765   0.139115  87.833700   0.141075  86.995600   0.154057  82.771000   0.187214  77.049200 
    19.770   0.139293  90.049300   0.141370  89.150400   0.155068  84.575900   0.189192  78.457500 
    19.775   0.139906  91.904500   0.142094  90.933900   0.156283  86.123100   0.191508  79.728000 
    19.780   0.139334  91.699000   0.141564  90.693000   0.155956  85.738900   0.191007  79.193300 
    19.785   0.137546  89.400900   0.139716  88.387200   0.153537  83.520200   0.187045  77.266600 
    19.790   0.135038  85.533500   0.136967  84.654400   0.149323  80.239000   0.178730  74.749100 
    19.795   0.128917  77.988400   0.130306  77.316300   0.139439  74.173100   0.162113  70.570100 
    19.800   0.107719  54.655500   0.108405  54.364500   0.113122  53.027400   0.126814  51.681500 
