#PROGRAM: dep90.pas
#PROT: N: 97
#PROT: TE: -27.4
#PROT: T: 52.800
#PROT: DB: 1650 78.00 # end of core
#PROT: DB: 550 78.00 # bag cut
#PROT: DB: 1100 78.00 # bag cut
#PROT: DB: 170 78.00
#PROT: DB: 1200 78.00
#PROT: DB: 1240 78.00
# depth c250k g250k c200k g200k c100k g100k c50k g50k 
    52.805   0.121040  44.604500   0.121229  44.513600   0.123368  44.276200   0.132181  44.274100 
    52.810   0.144542  59.724800   0.144992  59.572600   0.149084  58.883100   0.163244  57.969700 
    52.815   0.151826  63.501600   0.152485  63.387000   0.157656  62.372200   0.175183  60.818100 
    52.820   0.154972  64.807700   0.155594  64.558300   0.161144  63.611000   0.179811  61.904300 
    52.825   0.156552  63.903000   0.157080  63.748700   0.162174  62.955200   0.179824  61.557900 
    52.830   0.157367  60.904300   0.157718  60.799600   0.161443  60.410000   0.175934  59.878900 
    52.835   0.158319  59.710200   0.158565  59.626700   0.161565  59.480200   0.174528  59.446100 
    52.840   0.159725  62.438100   0.160084  62.335600   0.163884  61.986400   0.179005  61.490500 
    52.845   0.160934  65.565900   0.161449  65.453300   0.166193  64.841000   0.183894  63.861400 
    52.850   0.161620  67.169300   0.162163  67.027900   0.167257  66.374100   0.186100  65.270200 
    52.855   0.161797  67.760700   0.162374  67.626900   0.167565  66.992000   0.187070  65.867100 
    52.860   0.161922  68.375900   0.162506  68.253000   0.167939  67.576200   0.188148  66.358200 
    52.865   0.162627  69.432500   0.163241  69.264600   0.168973  68.547100   0.190011  67.168400 
    52.870   0.163586  69.702600   0.164189  69.535900   0.169866  68.833000   0.190970  67.505700 
    52.875   0.164405  69.062400   0.164965  68.879200   0.170372  68.256200   0.190827  67.092800 
    52.880   0.165380  68.366600   0.165895  68.205700   0.170840  67.712600   0.190247  66.877200 
    52.885   0.166095  68.113200   0.166538  67.958800   0.171220  67.576400   0.190026  66.906100 
    52.890   0.166113  68.581500   0.166612  68.448900   0.171501  67.998400   0.190853  67.189400 
    52.895   0.165832  69.091800   0.166351  68.974800   0.171471  68.453400   0.191511  67.525700 
    52.900   0.165342  69.957800   0.165966  69.811100   0.171488  69.151000   0.192484  67.933000 
    52.905   0.164791  70.570300   0.165453  70.413700   0.171434  69.559500   0.193172  68.036600 
    52.910   0.164696  68.698300   0.165220  68.538900   0.170311  67.964000   0.189690  66.994500 
    52.915   0.164962  66.481500   0.165325  66.406400   0.169299  66.183400   0.186268  65.927900 
    52.920   0.164419  67.696000   0.164886  67.581100   0.169570  67.158100   0.187916  66.429100 
    52.925   0.163647  69.856300   0.164250  69.661600   0.169945  68.891500   0.190716  67.486400 
    52.930   0.163299  69.689900   0.163920  69.513700   0.169600  68.773400   0.190342  67.412300 
    52.935   0.163679  68.996600   0.164219  68.858200   0.169606  68.259800   0.189801  67.077400 
    52.940   0.164336  68.797300   0.164866  68.665100   0.170068  68.101200   0.189815  67.040100 
    52.945   0.165034  68.600100   0.165532  68.442500   0.170535  67.938000   0.189769  66.958300 
    52.950   0.165793  68.391300   0.166274  68.273100   0.171122  67.800200   0.189869  66.903600 
    52.955   0.166765  68.381300   0.167241  68.265300   0.171981  67.793300   0.190347  66.954700 
    52.960   0.167166  68.165900   0.167637  68.044800   0.172192  67.548600   0.189797  66.778600 
    52.965   0.160761  63.366600   0.161188  63.223600   0.165431  62.723400   0.181611  61.974100 
    52.970   0.149547  54.482600   0.149931  54.345500   0.153928  53.843200   0.168649  53.090500 
    52.975   0.145639  49.740500   0.146024  49.629800   0.149950  49.267500   0.164784  48.335900 
    52.980   0.150103  52.200600   0.150588  52.076500   0.155121  51.464400   0.171842  50.298500 
    52.985   0.157027  57.202600   0.157592  57.021900   0.162727  56.346200   0.181354  54.947600 
    52.990   0.162695  59.493300   0.163142  59.384700   0.167726  58.874600   0.185388  57.962200 
    52.995   0.164947  60.554000   0.165345  60.452600   0.169523  60.097800   0.186332  59.474300 
    53.000   0.165113  62.617700   0.165584  62.481600   0.170285  61.985600   0.188426  61.019800 
    53.005   0.164968  63.887600   0.165478  63.762000   0.170518  63.163900   0.189363  61.976200 
    53.010   0.164982  64.356600   0.165504  64.210100   0.170609  63.573400   0.189301  62.321100 
    53.015   0.164706  63.766400   0.165220  63.606800   0.170058  62.986600   0.187843  61.834700 
    53.020   0.164034  61.824600   0.164461  61.729900   0.168621  61.194700   0.184188  60.362400 
    53.025   0.163986  59.104000   0.164257  59.010400   0.167370  58.701200   0.179762  58.426100 
    53.030   0.164725  56.444300   0.164837  56.360300   0.166794  56.228200   0.176112  56.615300 
    53.035   0.166144  56.446000   0.166247  56.398200   0.168141  56.367900   0.177102  56.768600 
    53.040   0.167695  59.667400   0.167935  59.581400   0.170833  59.351400   0.182857  59.176900 
    53.045   0.168151  62.959900   0.168521  62.849400   0.172562  62.354800   0.187827  61.571600 
    53.050   0.167901  64.398000   0.168341  64.267300   0.172788  63.716900   0.189358  62.711500 
    53.055   0.167768  64.468600   0.168197  64.368400   0.172528  63.878600   0.189067  62.992000 
    53.060   0.167404  64.636500   0.167846  64.527400   0.172249  64.017900   0.188993  63.087900 
    53.065   0.166448  64.450000   0.166898  64.322300   0.171406  63.757300   0.188188  62.727300 
    53.070   0.165865  63.223300   0.166284  63.094700   0.170432  62.607600   0.186105  61.774600 
    53.075   0.166529  61.803500   0.166865  61.705400   0.170387  61.336100   0.184423  60.855300 
    53.080   0.167246  60.884600   0.167523  60.814700   0.170700  60.544700   0.183767  60.246600 
    53.085   0.167523  61.165600   0.167818  61.065900   0.171143  60.757800   0.184502  60.384500 
    53.090   0.167361  61.657600   0.167702  61.558300   0.171242  61.173400   0.185225  60.646700 
    53.095   0.166843  61.750300   0.167177  61.630600   0.170851  61.238400   0.185164  60.636100 
    53.100   0.165835  61.881800   0.166191  61.770300   0.170035  61.320500   0.184719  60.606900 
    53.105   0.164601  61.825400   0.164990  61.711900   0.169009  61.202600   0.183952  60.366500 
    53.110   0.164288  61.539200   0.164673  61.426900   0.168673  60.928400   0.183628  60.108900 
    53.115   0.164621  61.262400   0.164996  61.173600   0.168956  60.677900   0.183875  59.874600 
    53.120   0.165020  60.913000   0.165408  60.796200   0.169365  60.315400   0.184312  59.490200 
    53.125   0.165754  60.558400   0.166119  60.433200   0.170104  59.943600   0.185032  59.083200 
    53.130   0.166756  59.954800   0.167143  59.833800   0.170966  59.369500   0.185595  58.551200 
    53.135   0.167730  58.606500   0.168043  58.505100   0.171537  58.117200   0.185208  57.455600 
    53.140   0.168460  57.234300   0.168720  57.137500   0.171902  56.805600   0.184574  56.299400 
    53.145   0.168772  56.141500   0.169034  56.033400   0.172080  55.723400   0.184271  55.214500 
    53.150   0.168940  55.005400   0.169172  54.933500   0.172099  54.605000   0.183887  54.048900 
    53.155   0.169011  53.483900   0.169202  53.421100   0.171991  53.082300   0.182901  52.565200 
    53.160   0.168903  51.181800   0.169066  51.080400   0.171379  50.791500   0.180651  50.460300 
    53.165   0.168254  47.798200   0.168361  47.728500   0.169877  47.551500   0.176637  47.548700 
    53.170   0.166736  45.458200   0.166746  45.388300   0.167974  45.370000   0.173339  45.415800 
    53.175   0.165016  45.155400   0.165065  45.078100   0.166373  44.928400   0.172269  44.888000 
    53.180   0.163597  44.992100   0.163650  44.910300   0.165085  44.736000   0.171130  44.634100 
    53.185   0.163058  44.873800   0.163093  44.782100   0.164503  44.608300   0.170388  44.578400 
    53.190   0.163118  45.989600   0.163206  45.905400   0.164817  45.806900   0.171493  45.622400 
    53.195   0.162958  48.649500   0.163139  48.528700   0.165472  48.189400   0.174383  47.693200 
    53.200   0.162668  50.406700   0.162901  50.273800   0.165701  49.859100   0.175984  49.139300 
    53.205   0.162181  49.690000   0.162344  49.607000   0.164716  49.324300   0.174026  48.918900 
    53.210   0.161754  49.206700   0.161855  49.150700   0.163764  48.991800   0.172133  48.932300 
    53.215   0.161757  52.007000   0.161970  51.928700   0.164581  51.658900   0.175124  51.290100 
    53.220   0.161950  55.956800   0.162300  55.827000   0.166064  55.307700   0.179933  54.362200 
    53.225   0.161667  58.029500   0.162092  57.883300   0.166378  57.306700   0.181936  56.136000 
    53.230   0.161357  59.159500   0.161793  59.023400   0.166274  58.417300   0.182603  57.203600 
    53.235   0.161694  60.308000   0.162160  60.189600   0.166814  59.548600   0.183817  58.269100 
    53.240   0.161938  61.001200   0.162426  60.853900   0.167211  60.193900   0.184553  58.841100 
    53.245   0.161426  60.546300   0.161914  60.394800   0.166557  59.719600   0.183376  58.456800 
    53.250   0.160888  58.951100   0.161261  58.797400   0.165373  58.273500   0.180631  57.290700 
    53.255   0.161014  57.545500   0.161336  57.436600   0.164868  57.029600   0.178593  56.370700 
    53.260   0.161385  56.867500   0.161681  56.750800   0.165006  56.399500   0.178009  55.850900 
    53.265   0.161705  56.994800   0.162028  56.865400   0.165607  56.459300   0.179173  55.719600 
    53.270   0.161941  57.873700   0.162333  57.732700   0.166414  57.147000   0.181264  56.069000 
    53.275   0.161946  57.651900   0.162367  57.501800   0.166558  56.886900   0.181488  55.666500 
    53.280   0.162542  55.665100   0.162911  55.541700   0.166572  55.028000   0.179947  54.110200 
    53.285   0.164355  52.673000   0.164562  52.608200   0.167239  52.321400   0.177939  51.885100 
    53.290   0.165878  50.019000   0.165999  49.965700   0.167871  49.828200   0.176096  49.807100 
    53.295   0.166520  48.734400   0.166578  48.685200   0.168209  48.569900   0.175385  48.701700 
    53.300   0.166865  48.363500   0.166912  48.342000   0.168449  48.242900   0.175581  48.317000 
    53.305   0.166971  49.099400   0.167071  49.069600   0.168852  48.929800   0.176877  48.871800 
    53.310   0.166978  50.558400   0.167143  50.510500   0.169426  50.260000   0.178733  49.994500 
    53.315   0.166732  52.212200   0.166952  52.124500   0.169774  51.774700   0.180704  51.236100 
    53.320   0.166470  53.533000   0.166754  53.427000   0.169975  53.007300   0.182210  52.227900 
    53.325   0.166435  53.750200   0.166698  53.628800   0.169905  53.238300   0.182105  52.488600 
    53.330   0.166260  52.708400   0.166476  52.633400   0.169274  52.322600   0.180376  51.827200 
    53.335   0.166113  51.874300   0.166291  51.807400   0.168799  51.540900   0.178932  51.230200 
    53.340   0.165807  52.196400   0.166022  52.136300   0.168628  51.835000   0.179016  51.437700 
    53.345   0.164703  52.360200   0.164917  52.295000   0.167579  51.974300   0.177951  51.508700 
    53.350   0.159956  50.823600   0.160133  50.723600   0.162540  50.399400   0.172003  50.052700 
    53.355   0.157191  50.049700   0.157386  49.925900   0.159667  49.579200   0.168527  49.293100 
    53.360   0.161310  51.676500   0.161510  51.577500   0.163871  51.294700   0.173224  51.012200 
    53.365   0.164389  53.219100   0.164574  53.155300   0.166945  52.916600   0.176862  52.700900 
    53.370   0.164523  54.777600   0.164716  54.674500   0.167307  54.449900   0.178055  54.222300 
    53.375   0.164146  57.155500   0.164410  57.065100   0.167553  56.784600   0.180077  56.307000 
    53.380   0.164057  60.039300   0.164437  59.902400   0.168352  59.443500   0.183135  58.642900 
    53.385   0.164264  62.648700   0.164741  62.513300   0.169344  61.925300   0.186312  60.806200 
    53.390   0.164561  64.280100   0.165069  64.146200   0.169945  63.524400   0.188001  62.308500 
    53.395   0.164781  65.185600   0.165270  65.072200   0.170133  64.451500   0.188416  63.320200 
    53.400   0.164822  66.017600   0.165338  65.857300   0.170229  65.289000   0.188665  64.201300 
    53.405   0.164684  66.740700   0.165190  66.570300   0.170148  65.982800   0.188692  64.904500 
    53.410   0.164423  67.177300   0.164944  67.037500   0.169906  66.454000   0.188651  65.426000 
    53.415   0.164539  67.862800   0.165061  67.737200   0.170121  67.128600   0.189284  66.065200 
    53.420   0.164688  68.496400   0.165215  68.365100   0.170376  67.749700   0.189756  66.655300 
    53.425   0.164461  68.974500   0.164979  68.821800   0.170175  68.206700   0.189649  67.113900 
    53.430   0.164253  69.560100   0.164823  69.403600   0.170073  68.773800   0.189726  67.645000 
    53.435   0.164220  69.920800   0.164762  69.769300   0.170036  69.140700   0.189794  68.010400 
    53.440   0.164039  70.392500   0.164623  70.232100   0.170076  69.562000   0.190210  68.301600 
    53.445   0.163901  70.928000   0.164533  70.741900   0.170273  69.948100   0.191118  68.521600 
    53.450   0.164327  70.530400   0.164926  70.357400   0.170455  69.594000   0.190387  68.296300 
    53.455   0.165312  68.617900   0.165766  68.483600   0.170316  67.999200   0.187924  67.287400 
    53.460   0.166216  67.543700   0.166590  67.412700   0.170589  67.084900   0.186840  66.712000 
    53.465   0.167015  68.349400   0.167421  68.243600   0.171750  67.848900   0.188695  67.279300 
    53.470   0.168012  69.390200   0.168473  69.269700   0.173088  68.802100   0.191100  68.049800 
    53.475   0.169008  70.243300   0.169501  70.142800   0.174280  69.639100   0.193062  68.841000 
    53.480   0.169575  70.882900   0.170057  70.768100   0.174928  70.271800   0.193729  69.420200 
    53.485   0.169814  71.263800   0.170304  71.136600   0.175223  70.641600   0.194238  69.804400 
    53.490   0.169751  71.415000   0.170240  71.304800   0.175160  70.814100   0.194341  69.971400 
    53.495   0.169718  71.580800   0.170203  71.454000   0.175216  70.964700   0.194584  70.106500 
    53.500   0.169671  71.726300   0.170167  71.605400   0.175227  71.087900   0.194680  70.239200 
    53.505   0.169575  71.801100   0.170089  71.685000   0.175160  71.183300   0.194731  70.307700 
    53.510   0.169670  71.984300   0.170182  71.868400   0.175273  71.358200   0.195014  70.469400 
    53.515   0.169778  72.216300   0.170289  72.091800   0.175430  71.571300   0.195184  70.653500 
    53.520   0.169848  72.484300   0.170381  72.365300   0.175568  71.813500   0.195563  70.840200 
    53.525   0.169941  72.700100   0.170486  72.569000   0.175800  71.976900   0.195786  70.909300 
    53.530   0.169824  71.250100   0.170289  71.137100   0.175046  70.652500   0.193418  69.947200 
    53.535   0.169442  68.506700   0.169751  68.437400   0.173326  68.297900   0.189009  68.313400 
    53.540   0.169048  68.281400   0.169359  68.236700   0.172714  68.173100   0.187975  68.366100 
    53.545   0.168456  71.479000   0.168905  71.363500   0.173418  71.020400   0.192195  70.578900 
    53.550   0.167401  75.571700   0.168073  75.380900   0.174269  74.576000   0.196871  73.118900 
    53.555   0.166446  77.684600   0.167236  77.492100   0.174261  76.461600   0.198966  74.566300 
    53.560   0.165935  77.564400   0.166695  77.360500   0.173482  76.461000   0.198110  74.753400 
    53.565   0.166109  77.703100   0.166847  77.511700   0.173609  76.657900   0.198321  74.966100 
    53.570   0.166407  78.059700   0.167184  77.879900   0.174039  76.988200   0.198980  75.235900 
    53.575   0.166328  77.258900   0.167039  77.057200   0.173550  76.251400   0.197513  74.726600 
    53.580   0.166135  75.843800   0.166771  75.688200   0.172800  75.004000   0.195381  73.717500 
    53.585   0.166011  74.588100   0.166615  74.459600   0.172284  73.815100   0.193690  72.693200 
    53.590   0.165933  73.415200   0.166490  73.271800   0.171808  72.722300   0.192153  71.759700 
    53.595   0.165643  72.308600   0.166169  72.200200   0.171152  71.675700   0.190624  70.851300 
    53.600   0.165724  71.582500   0.166201  71.474400   0.171022  70.954600   0.189453  70.182200 
    53.605   0.166202  70.994600   0.166675  70.878500   0.171316  70.398700   0.189296  69.710800 
    53.610   0.166751  70.964900   0.167216  70.831100   0.171879  70.342800   0.189894  69.596700 
    53.615   0.167251  71.247800   0.167726  71.126800   0.172522  70.616500   0.190840  69.814300 
    53.620   0.167392  71.169600   0.167854  71.055800   0.172511  70.567100   0.190657  69.823100 
    53.625   0.167258  71.123000   0.167714  71.001700   0.172331  70.537600   0.190219  69.825500 
    53.630   0.166877  71.393500   0.167353  71.255300   0.172022  70.771700   0.190160  70.011900 
    53.635   0.165935  71.686300   0.166430  71.584200   0.171314  71.011600   0.189826  70.125300 
    53.640   0.165410  72.553100   0.165947  72.397100   0.171083  71.750900   0.190334  70.706000 
    53.645   0.165478  73.782400   0.166081  73.616100   0.171525  72.902000   0.191515  71.627300 
    53.650   0.165581  74.635700   0.166210  74.462200   0.171878  73.652200   0.192065  72.238800 
    53.655   0.165945  74.454400   0.166554  74.286000   0.172047  73.490900   0.191860  72.184700 
    53.660   0.166752  72.375700   0.167220  72.261300   0.171781  71.729000   0.188872  70.992600 
    53.665   0.167291  71.222300   0.167687  71.117400   0.171673  70.731900   0.187275  70.268600 
    53.670   0.167158  72.004700   0.167608  71.886800   0.171935  71.354500   0.188147  70.620300 
    53.675   0.167348  72.853600   0.167854  72.667800   0.172479  72.032400   0.189113  71.084200 
    53.680   0.167483  71.606800   0.167878  71.473000   0.171752  70.984200   0.186149  70.489900 
    53.685   0.166545  68.909800   0.166737  68.828500   0.169148  68.727200   0.179855  69.162000 
    53.690   0.165592  70.033600   0.165764  69.977000   0.168176  69.889100   0.178855  70.379900 
    53.695   0.165846  75.214600   0.166221  75.097100   0.169998  74.666300   0.184324  74.462300 
    53.700   0.166353  79.768600   0.166881  79.582700   0.171724  78.927600   0.189090  78.328600 
    53.705   0.167084  82.809000   0.167654  82.659100   0.172783  81.981500   0.191721  81.351500 
    53.710   0.168950  85.677000   0.169481  85.518800   0.174580  85.034600   0.194361  84.724100 
    53.715   0.170713  89.028200   0.171206  88.869300   0.176395  88.515100   0.197917  88.409800 
    53.720   0.171740  93.678300   0.172402  93.541400   0.178507  93.089100   0.203285  92.780600 
    53.725   0.172833  98.670300   0.173588  98.528700   0.180485  98.076100   0.208711  97.566100 
    53.730   0.173156 102.961000   0.173988 102.826000   0.181607 102.367000   0.213068 101.726000 
    53.735   0.173180 107.976000   0.174206 107.806000   0.183173 107.083000   0.219202 105.884000 
    53.740   0.173827 114.050000   0.175078 113.812000   0.185815 112.694000   0.227130 110.655000 
    53.745   0.174113 118.548000   0.175561 118.276000   0.187531 116.936000   0.233057 114.298000 
    53.750   0.174261 121.943000   0.175782 121.645000   0.188737 120.201000   0.237724 117.127000 
    53.755   0.174761 125.806000   0.176442 125.449000   0.190340 123.846000   0.242505 120.345000 
    53.760   0.175202 128.964000   0.176961 128.620000   0.191559 126.938000   0.246199 123.114000 
    53.765   0.175148 130.758000   0.176957 130.391000   0.191976 128.576000   0.247855 124.573000 
    53.770   0.174659 131.515000   0.176540 131.142000   0.191799 129.213000   0.248184 125.023000 
    53.775   0.173578 131.340000   0.175514 130.865000   0.191154 128.677000   0.246845 124.410000 
    53.780   0.172609 129.762000   0.174474 129.286000   0.189366 127.179000   0.242928 123.279000 
    53.785   0.171997 125.829000   0.173532 125.485000   0.186277 124.097000   0.235189 121.532000 
    53.790   0.170905 121.152000   0.172141 120.945000   0.182734 120.232000   0.226754 119.025000 
    53.795   0.169923 118.824000   0.171024 118.638000   0.180792 118.094000   0.222214 117.420000 
    53.800   0.169738 118.786000   0.170852 118.595000   0.180492 118.054000   0.221505 117.462000 
    53.805   0.169602 119.550000   0.170735 119.353000   0.180624 118.823000   0.222609 118.060000 
    53.810   0.169752 123.021000   0.171129 122.849000   0.182738 121.670000   0.228654 119.835000 
    53.815   0.170219 128.130000   0.171970 127.707000   0.185883 125.794000   0.236903 122.490000 
    53.820   0.169981 130.414000   0.171890 129.952000   0.186767 127.804000   0.240324 123.898000 
    53.825   0.169419 130.718000   0.171302 130.259000   0.186230 128.256000   0.240505 124.332000 
    53.830   0.168593 130.148000   0.170415 129.728000   0.185041 127.825000   0.239124 124.203000 
    53.835   0.167648 129.352000   0.169381 128.945000   0.183440 127.232000   0.236643 124.059000 
    53.840   0.167470 129.208000   0.169137 128.818000   0.182793 127.303000   0.235565 124.441000 
    53.845   0.167506 129.428000   0.169167 129.064000   0.182816 127.599000   0.235858 124.811000 
    53.850   0.167464 130.035000   0.169196 129.678000   0.183229 128.167000   0.237324 125.112000 
    53.855   0.167870 131.524000   0.169684 131.129000   0.184352 129.432000   0.240252 126.027000 
    53.860   0.168220 133.514000   0.170144 133.074000   0.185590 131.167000   0.243566 127.308000 
    53.865   0.168264 135.309000   0.170316 134.817000   0.186656 132.581000   0.246313 128.155000 
    53.870   0.168568 136.381000   0.170739 135.855000   0.187717 133.321000   0.248620 128.488000 
    53.875   0.168791 136.004000   0.170896 135.507000   0.187717 133.096000   0.248393 128.386000 
    53.880   0.168695 135.123000   0.170716 134.674000   0.186769 132.540000   0.245874 128.372000 
    53.885   0.168312 133.536000   0.170159 133.131000   0.185095 131.337000   0.241821 127.948000 
    53.890   0.167684 131.344000   0.169377 130.989000   0.183176 129.569000   0.237334 126.954000 
    53.895   0.167180 130.932000   0.168855 130.560000   0.182409 129.100000   0.235619 126.665000 
    53.900   0.162092 125.863000   0.163621 125.521000   0.176328 124.310000   0.227399 122.254000 
    53.905   0.158362 119.527000   0.159812 119.231000   0.171995 118.229000   0.221600 116.282000 
    53.910   0.163564 122.294000   0.165239 122.032000   0.179066 120.459000   0.232527 117.498000 
    53.915   0.168049 126.407000   0.169962 125.986000   0.185427 124.090000   0.243164 120.099000 
    53.920   0.169019 127.496000   0.170999 127.069000   0.187271 125.019000   0.247488 120.518000 
    53.925   0.169523 128.291000   0.171577 127.879000   0.188303 125.826000   0.250230 121.014000 
    53.930   0.169820 128.867000   0.171922 128.458000   0.189160 126.322000   0.252604 121.267000 
    53.935   0.170012 129.157000   0.172225 128.742000   0.189858 126.492000   0.254084 121.168000 
    53.940   0.170259 129.167000   0.172468 128.736000   0.190304 126.419000   0.255098 120.849000 
    53.945   0.170389 128.445000   0.172566 127.981000   0.190257 125.699000   0.254874 120.069000 
    53.950   0.170500 126.944000   0.172655 126.527000   0.189933 124.277000   0.253342 118.887000 
    53.955   0.170422 124.668000   0.172459 124.259000   0.188987 122.222000   0.250035 117.262000 
    53.960   0.170312 121.499000   0.172189 121.117000   0.187662 119.306000   0.245525 114.878000 
    53.965   0.170054 117.586000   0.171761 117.270000   0.186006 115.733000   0.240153 111.960000 
    53.970   0.169982 113.336000   0.171502 113.077000   0.184325 111.856000   0.234265 108.818000 
    53.975   0.170312 109.034000   0.171626 108.837000   0.183041 107.951000   0.228697 105.689000 
    53.980   0.169997 105.098000   0.171176 104.944000   0.181528 104.172000   0.223344 102.377000 
    53.985   0.168287 101.374000   0.169421 101.174000   0.179226 100.343000   0.217787  98.629200 
    53.990   0.163858  94.439000   0.164913  94.168900   0.174246  93.182700   0.209495  91.535500 
    53.995   0.162016  89.008500   0.163004  88.794000   0.171707  87.851600   0.204244  86.313100 
    54.000   0.164569  87.831300   0.165432  87.664200   0.173163  86.936800   0.203524  85.767800 
    54.005   0.166763  87.049000   0.167540  86.883800   0.174639  86.319700   0.202945  85.435000 
    54.010   0.167738  85.799500   0.168466  85.642700   0.175121  85.141500   0.201894  84.435600 
    54.015   0.167198  83.865500   0.167875  83.742700   0.174221  83.270100   0.199800  82.627800 
    54.020   0.166937  83.434500   0.167704  83.260000   0.174274  82.648900   0.199970  81.709000 
    54.025   0.167283  83.410500   0.168067  83.225700   0.175029  82.454300   0.201222  81.195600 
    54.030   0.168246  82.742300   0.168999  82.553000   0.175797  81.801100   0.201510  80.636000 
    54.035   0.168692  81.326200   0.169398  81.154600   0.175760  80.539700   0.200429  79.566100 
    54.040   0.165406  77.895600   0.166031  77.753600   0.171954  77.228400   0.195202  76.414500 
    54.045   0.165884  78.102700   0.166540  77.983700   0.172503  77.478500   0.196083  76.655100 
    54.050   0.168537  80.176400   0.169195  80.052900   0.175416  79.540400   0.199871  78.745400 
    54.055   0.167540  79.902300   0.168195  79.780400   0.174427  79.262400   0.198784  78.447400 
    54.060   0.166532  79.727900   0.167216  79.608900   0.173487  79.054500   0.197759  78.189300 
    54.065   0.165825  79.527500   0.166515  79.405800   0.172823  78.800700   0.197063  77.828100 
    54.070   0.165663  79.038800   0.166341  78.915300   0.172574  78.308300   0.196602  77.295000 
    54.075   0.165614  78.100500   0.166268  77.982800   0.172399  77.395000   0.196047  76.419900 
    54.080   0.165894  78.048300   0.166586  77.928700   0.172799  77.311000   0.196601  76.220500 
    54.085   0.165362  77.564400   0.166056  77.439700   0.172400  76.768200   0.196196  75.542700 
    54.090   0.164873  76.770000   0.165539  76.664000   0.171700  76.005800   0.194983  74.832800 
    54.095   0.165054  77.082500   0.165708  76.977600   0.171795  76.341500   0.194799  75.222100 
    54.100   0.164818  77.534800   0.165514  77.402300   0.171745  76.696300   0.194883  75.423800 
    54.105   0.164589  77.583200   0.165339  77.440200   0.171763  76.629400   0.195079  75.170100 
    54.110   0.164614  77.238300   0.165377  77.092100   0.171839  76.205500   0.195014  74.647900 
    54.115   0.165191  75.972000   0.165873  75.825500   0.171923  75.064200   0.193694  73.697300 
    54.120   0.165932  73.571300   0.166486  73.441900   0.171589  72.947700   0.191200  72.085100 
    54.125   0.165937  70.986700   0.166372  70.907200   0.170726  70.536000   0.187925  70.044500 
    54.130   0.165664  69.444500   0.166116  69.373500   0.170234  68.993200   0.186520  68.516400 
    54.135   0.165501  68.497800   0.165940  68.373800   0.170051  67.936700   0.185867  67.392600 
    54.140   0.165445  67.573300   0.165863  67.482800   0.169927  67.054000   0.185377  66.462300 
    54.145   0.165489  66.648700   0.165879  66.565800   0.169781  66.148900   0.184673  65.616800 
    54.150   0.165538  65.322600   0.165859  65.316000   0.169405  64.945800   0.183369  64.606100 
    54.155   0.165747  64.486300   0.166051  64.443400   0.169324  64.200300   0.182582  64.046200 
    54.160   0.166157  65.813600   0.166545  65.859300   0.170221  65.423200   0.184801  65.011800 
    54.165   0.166888  68.196000   0.167348  68.098800   0.171774  67.606400   0.188394  66.797900 
    54.170   0.167338  69.775400   0.167850  69.655800   0.172712  69.071900   0.190579  68.052500 
    54.175   0.167217  69.747600   0.167721  69.635500   0.172344  69.112600   0.189781  68.257800 
    54.180   0.167716  68.976100   0.168119  68.901000   0.172079  68.624900   0.188065  68.235100 
    54.185   0.167528  70.180100   0.167962  70.084500   0.172273  69.743700   0.189184  69.213100 
    54.190   0.166354  72.492100   0.166924  72.349400   0.172175  71.719700   0.191805  70.638500 
    54.195   0.165783  73.575800   0.166407  73.426400   0.171977  72.746500   0.192299  71.503700 
    54.200   0.165811  74.088700   0.166401  73.936800   0.171880  73.299700   0.192131  72.178600 
    54.205   0.165940  74.674600   0.166518  74.549000   0.172008  73.920500   0.192113  72.818500 
    54.210   0.165706  74.900900   0.166317  74.772000   0.171840  74.137500   0.192170  73.006100 
    54.215   0.165651  74.939100   0.166245  74.835300   0.171792  74.180900   0.192185  73.056600 
    54.220   0.165901  74.865800   0.166509  74.742600   0.171957  74.114700   0.192026  73.046400 
    54.225   0.166299  74.198800   0.166850  74.091500   0.171976  73.561500   0.191663  72.740600 
    54.230   0.166940  73.596800   0.167409  73.520400   0.172158  73.187300   0.191030  72.577700 
    54.235   0.167404  74.573800   0.167937  74.488500   0.172864  74.040100   0.191983  73.363700 
    54.240   0.167322  76.262000   0.167913  76.141500   0.173489  75.521100   0.194233  74.441500 
    54.245   0.166773  76.903800   0.167411  76.752500   0.173167  76.079400   0.194317  74.916500 
    54.250   0.166197  76.863200   0.166842  76.743900   0.172428  76.111700   0.193259  75.073600 
    54.255   0.165757  76.684100   0.166356  76.545100   0.171849  75.961200   0.192485  74.964000 
    54.260   0.165393  76.596000   0.165983  76.453500   0.171477  75.857600   0.192181  74.903900 
    54.265   0.165335  76.939500   0.165938  76.821500   0.171497  76.203400   0.192350  75.245400 
    54.270   0.165451  77.905200   0.166093  77.770400   0.171844  77.116400   0.193416  76.063100 
    54.275   0.165885  79.097200   0.166561  78.942700   0.172627  78.240600   0.195111  77.037100 
    54.280   0.166552  79.929300   0.167256  79.795100   0.173632  79.057700   0.197031  77.688100 
    54.285   0.166553  80.138200   0.167280  79.998700   0.173778  79.220400   0.197511  77.782700 
    54.290   0.166015  79.925300   0.166729  79.772700   0.173182  79.000300   0.196840  77.548300 
    54.295   0.165825  79.889200   0.166558  79.752100   0.173061  78.928800   0.196726  77.402400 
    54.300   0.166002  79.897100   0.166755  79.725200   0.173376  78.843000   0.196854  77.169300 
    54.305   0.166200  79.124700   0.166973  78.956300   0.173477  77.998700   0.196162  76.301300 
    54.310   0.166283  76.036300   0.166911  75.895800   0.172433  75.119500   0.192054  73.904600 
    54.315   0.166457  70.571100   0.166817  70.466300   0.170346  70.192700   0.184593  70.051300 
    54.320   0.166825  67.059400   0.166996  66.987100   0.169274  66.969200   0.179728  67.478600 
    54.325   0.166661  67.204200   0.166858  67.143700   0.169270  67.040900   0.179743  67.415800 
    54.330   0.166400  68.759600   0.166675  68.679100   0.169598  68.502200   0.181687  68.598800 
    54.335   0.167126  72.989900   0.167568  72.870100   0.171793  72.396600   0.187541  71.809800 
    54.340   0.167672  77.113500   0.168285  76.971500   0.173750  76.207300   0.192964  74.950500 
    54.345   0.167443  77.983100   0.168072  77.851900   0.173646  77.104800   0.193515  75.855100 
    54.350   0.168204  78.365800   0.168808  78.223600   0.174228  77.569100   0.194014  76.467000 
    54.355   0.169888  78.693900   0.170446  78.564100   0.175735  77.962000   0.195370  76.978800 
    54.360   0.171378  78.534300   0.171909  78.433900   0.176909  77.901000   0.195826  77.096000 
    54.365   0.172355  77.846300   0.172811  77.747100   0.177453  77.318000   0.195375  76.733700 
    54.370   0.172936  77.039200   0.173355  76.958000   0.177653  76.595200   0.194532  76.182100 
    54.375   0.173006  75.848400   0.173388  75.776500   0.177306  75.467600   0.192966  75.270300 
    54.380   0.172944  74.812900   0.173281  74.746700   0.176784  74.555900   0.191250  74.577700 
    54.385   0.172902  75.173900   0.173226  75.092800   0.176779  74.898600   0.191374  74.898900 
    54.390   0.172527  76.072900   0.172889  75.995200   0.176744  75.713000   0.192198  75.548400 
    54.395   0.171898  76.849900   0.172336  76.761500   0.176423  76.412500   0.192684  76.149100 
    54.400   0.171590  78.263300   0.172076  78.144500   0.176582  77.734800   0.194160  77.230100 
    54.405   0.171667  80.070800   0.172219  79.962800   0.177252  79.444200   0.196301  78.709100 
    54.410   0.171774  81.387000   0.172371  81.246500   0.177860  80.616600   0.198235  79.597900 
    54.415   0.171702  81.752100   0.172324  81.606200   0.178016  80.916500   0.198820  79.783800 
    54.420   0.170788  80.641700   0.171371  80.493100   0.176820  79.868200   0.196931  78.823000 
    54.425   0.169598  79.111900   0.170162  78.980600   0.175303  78.399600   0.194399  77.454700 
    54.430   0.168578  77.893000   0.169094  77.758900   0.174011  77.160800   0.192017  76.252000 
    54.435   0.167047  76.265600   0.167528  76.142700   0.172128  75.529900   0.188951  74.699700 
    54.440   0.164282  73.904400   0.164730  73.787800   0.168912  73.191900   0.183549  72.410700 
    54.445   0.158333  69.997500   0.158667  69.898000   0.162066  69.320600   0.172935  68.978400 
    54.450   0.138806  57.808700   0.138911  57.744700   0.140314  57.569300   0.145908  58.093000 
