#PROGRAM: dep90.pas
#PROT: N: 4
#PROT: TE: -27.8
#PROT: T: 1.650
#PROT: DB: 1650 78.00 # end of core
#PROT: DB: 550 78.00 # bag cut
#PROT: DB: 1100 78.00 # bag cut
#PROT: DB: 300 78.00
#PROT: DB: 415 78.00
#PROT: DB: 495 78.00
#PROT: DB: 855 78.00
#PROT: DB: 1145 78.00
#PROT: DB: 1475 78.00
#PROT: CC: 1560 1630
# depth c250k g250k c200k g200k c100k g100k c50k g50k 
     1.655   0.079088  12.209900   0.079532  12.014100   0.083174  10.748100   0.091430   8.414040 
     1.660   0.085747  16.673600   0.086466  16.380900   0.091689  14.531400   0.103242  11.202200 
     1.665   0.090087  19.713500   0.090984  19.347000   0.097356  17.058200   0.111183  13.026700 
     1.670   0.092919  22.022200   0.093955  21.583300   0.101262  18.951100   0.116744  14.340200 
     1.675   0.095237  24.163900   0.096400  23.653300   0.104461  20.712500   0.121372  15.598300 
     1.680   0.096935  25.954800   0.098208  25.413500   0.106886  22.202800   0.125010  16.720000 
     1.685   0.098467  27.716100   0.099823  27.131400   0.109005  23.707000   0.128023  17.881400 
     1.690   0.100465  30.109000   0.101933  29.473500   0.111766  25.800300   0.132011  19.670000 
     1.695   0.102177  32.350500   0.103734  31.654500   0.114130  27.759800   0.135538  21.267800 
     1.700   0.102888  33.640500   0.104500  32.932000   0.115216  28.858300   0.137068  22.145600 
     1.705   0.102846  34.207700   0.104500  33.448700   0.115436  29.221900   0.137385  22.402900 
     1.710   0.102983  34.869800   0.104691  34.061900   0.115891  29.634300   0.138032  22.639700 
     1.715   0.103384  35.719200   0.105156  34.886200   0.116663  30.288100   0.139258  23.082000 
     1.720   0.103830  36.658500   0.105683  35.793800   0.117529  31.008000   0.140549  23.612900 
     1.725   0.104839  38.076800   0.106764  37.174100   0.119082  32.186700   0.142749  24.538400 
     1.730   0.106253  39.729200   0.108254  38.782300   0.121034  33.573300   0.145648  25.613100 
     1.735   0.106532  40.129400   0.108570  39.183300   0.121531  33.869400   0.146372  25.826500 
     1.740   0.105174  38.933500   0.107167  37.981800   0.119825  32.744000   0.143889  24.866900 
     1.745   0.104300  38.156800   0.106264  37.203700   0.118722  32.036900   0.142296  24.286100 
     1.750   0.104393  38.252800   0.106369  37.308900   0.118828  32.135800   0.142482  24.369300 
     1.755   0.104525  38.311900   0.106486  37.369400   0.118954  32.257400   0.142605  24.484900 
     1.760   0.104401  38.033500   0.106310  37.111700   0.118574  32.080200   0.142045  24.455400 
     1.765   0.104411  37.695100   0.106294  36.821700   0.118328  31.930700   0.141644  24.416400 
     1.770   0.104725  37.462300   0.106555  36.619200   0.118388  31.934300   0.141672  24.554000 
     1.775   0.104764  36.739700   0.106475  35.971400   0.117816  31.633700   0.140750  24.610000 
     1.780   0.101619  33.118700   0.103136  32.436300   0.113330  28.587400   0.134259  22.244900 
     1.785   0.098034  29.079000   0.099379  28.474700   0.108476  25.043400   0.127125  19.420600 
     1.790   0.098000  28.213000   0.099259  27.673300   0.108015  24.453800   0.126254  19.007400 
     1.795   0.098611  28.005500   0.099834  27.497100   0.108412  24.404000   0.126733  19.099000 
     1.800   0.098238  26.968300   0.099387  26.495600   0.107558  23.625800   0.125363  18.535300 
     1.805   0.096548  24.650900   0.097591  24.222900   0.104939  21.716300   0.121282  17.105900 
     1.810   0.096525  23.360600   0.097446  22.995700   0.104257  20.756600   0.119712  16.495700 
     1.815   0.098448  23.550500   0.099324  23.220200   0.105986  21.145000   0.121764  17.039900 
     1.820   0.100252  23.741800   0.101076  23.450900   0.107492  21.559700   0.123360  17.583500 
     1.825   0.101643  23.785300   0.102401  23.493000   0.108512  21.776900   0.124230  18.046200 
     1.830   0.102280  23.560500   0.103003  23.293300   0.108813  21.738800   0.124213  18.261000 
     1.835   0.102429  23.223000   0.103103  23.019800   0.108685  21.559800   0.123782  18.241200 
     1.840   0.100700  21.988000   0.101359  21.788800   0.106583  20.404400   0.120707  17.293600 
     1.845   0.097152  19.837100   0.097741  19.642400   0.102564  18.375100   0.115465  15.474500 
     1.850   0.094583  18.498400   0.095130  18.317500   0.099749  17.070300   0.111956  14.287200 
     1.855   0.094079  18.537800   0.094685  18.327900   0.099454  17.000600   0.111856  14.072700 
     1.860   0.094822  19.481300   0.095466  19.227900   0.100729  17.700200   0.113924  14.485500 
     1.865   0.097118  21.552400   0.097909  21.260600   0.103832  19.501200   0.118480  15.833500 
     1.870   0.099209  23.430500   0.100061  23.104600   0.106580  21.116500   0.122274  17.109800 
     1.875   0.099781  24.156100   0.100668  23.830700   0.107459  21.737000   0.123644  17.542200 
     1.880   0.100040  24.546300   0.100939  24.191700   0.107813  22.062400   0.124233  17.818100 
     1.885   0.100825  25.090200   0.101745  24.739600   0.108675  22.612800   0.125253  18.298300 
     1.890   0.101435  25.256800   0.102358  24.927200   0.109276  22.820900   0.125830  18.575900 
     1.895   0.100960  24.409400   0.101832  24.116300   0.108367  22.132400   0.124379  18.077600 
     1.900   0.100701  23.501900   0.101495  23.224100   0.107667  21.447900   0.123029  17.639500 
     1.905   0.100936  22.770800   0.101649  22.532900   0.107352  20.940600   0.122061  17.452400 
     1.910   0.100936  21.801200   0.101565  21.602900   0.106815  20.214100   0.120758  17.107600 
     1.915   0.100767  20.776000   0.101325  20.578500   0.106123  19.389200   0.119083  16.544100 
     1.920   0.101552  20.566500   0.102070  20.374800   0.106724  19.252000   0.119511  16.542200 
     1.925   0.101879  20.478800   0.102396  20.311200   0.106904  19.228500   0.119920  16.537600 
     1.930   0.101526  20.346500   0.102063  20.170400   0.106691  19.069500   0.119502  16.369100 
     1.935   0.100386  20.046400   0.100931  19.873400   0.105619  18.687700   0.118644  15.934500 
     1.940   0.096912  18.509800   0.097446  18.328600   0.101998  17.144700   0.114255  14.420100 
     1.945   0.092007  15.992300   0.092474  15.836000   0.096583  14.719100   0.107334  12.229700 
     1.950   0.088100  13.714800   0.088473  13.600100   0.091952  12.638800   0.101116  10.509400 
     1.955   0.089350  14.074600   0.089718  13.928900   0.093046  13.061800   0.102130  11.042400 
     1.960   0.095580  17.064200   0.096011  16.936800   0.099816  15.977200   0.110488  13.721500 
     1.965   0.101156  19.833700   0.101660  19.668200   0.105911  18.655400   0.118092  16.167500 
     1.970   0.103258  20.844300   0.103763  20.706600   0.108101  19.660400   0.120575  17.145900 
     1.975   0.103613  20.954300   0.104114  20.793400   0.108439  19.800700   0.120787  17.343400 
     1.980   0.103884  21.008600   0.104338  20.863700   0.108607  19.862400   0.120937  17.389500 
     1.985   0.103706  20.898200   0.104183  20.755300   0.108372  19.766100   0.120579  17.341400 
     1.990   0.102700  20.401700   0.103155  20.249400   0.107274  19.280800   0.118850  16.880500 
     1.995   0.102584  20.395400   0.103050  20.262000   0.107166  19.278500   0.118697  16.878600 
     2.000   0.103990  21.319900   0.104458  21.143900   0.108676  20.131300   0.120925  17.662100 
     2.005   0.104996  22.144400   0.105501  21.983000   0.109876  20.925600   0.122400  18.408900 
     2.010   0.105725  22.937800   0.106245  22.780400   0.110796  21.651400   0.123790  19.120200 
     2.015   0.106849  24.177800   0.107412  23.974900   0.112213  22.823200   0.125755  20.024300 
     2.020   0.107373  25.268700   0.107986  25.063300   0.113101  23.784200   0.127270  20.791900 
     2.025   0.107358  26.181400   0.108006  25.946500   0.113482  24.529800   0.128294  21.318300 
     2.030   0.107724  27.496100   0.108470  27.246900   0.114406  25.651500   0.130123  22.120400 
     2.035   0.108518  29.208100   0.109358  28.907400   0.115920  27.107500   0.132600  23.187400 
     2.040   0.108756  30.494200   0.109667  30.169200   0.116770  28.104400   0.134474  23.839200 
     2.045   0.108527  31.422400   0.109533  31.048100   0.117148  28.712300   0.135461  24.108800 
     2.050   0.108085  31.933700   0.109156  31.530600   0.117092  29.010200   0.135725  24.183100 
     2.055   0.106374  31.128800   0.107351  30.706600   0.115127  28.183400   0.133123  23.397400 
     2.060   0.099126  26.359300   0.100004  25.996100   0.106511  23.849900   0.121536  19.880600 
     2.065   0.090175  20.257300   0.090850  19.984800   0.095915  18.289100   0.107504  15.149800 
     2.070   0.091349  21.544200   0.092124  21.211500   0.097787  19.271900   0.110506  15.758800 
     2.075   0.099491  27.791500   0.100544  27.388800   0.108052  24.771100   0.124705  20.150100 
     2.080   0.102761  30.106500   0.103943  29.630900   0.112190  26.760200   0.130301  21.654500 
     2.085   0.101997  29.308800   0.103160  28.816800   0.111375  25.946500   0.129164  20.839600 
     2.090   0.102296  29.569700   0.103493  29.059000   0.111919  26.092200   0.130088  20.837300 
     2.095   0.103073  30.369800   0.104317  29.821200   0.113095  26.722600   0.131905  21.267400 
     2.100   0.102695  30.295600   0.103961  29.749400   0.112886  26.561900   0.131863  21.002900 
     2.105   0.102257  30.187600   0.103581  29.635500   0.112708  26.318500   0.131855  20.652500 
     2.110   0.102810  30.891500   0.104201  30.284500   0.113693  26.780400   0.133560  20.842900 
     2.115   0.103869  31.995400   0.105328  31.373100   0.115327  27.681900   0.136020  21.447500 
     2.120   0.102718  31.233500   0.104187  30.571300   0.114112  26.853200   0.134502  20.664000 
     2.125   0.099215  28.419200   0.100600  27.788400   0.109890  24.202500   0.128674  18.377200 
     2.130   0.096334  25.974100   0.097654  25.364000   0.106377  21.942900   0.123828  16.463300 
     2.135   0.093772  23.742700   0.094973  23.187600   0.103008  20.035200   0.119061  14.950500 
     2.140   0.089892  20.461200   0.090884  20.005700   0.097774  17.321400   0.111739  12.977000 
     2.145   0.085979  17.122300   0.086792  16.744400   0.092420  14.608600   0.104084  11.043400 
     2.150   0.085259  16.077300   0.085978  15.753900   0.091169  13.860100   0.102207  10.605400 
     2.155   0.088067  17.634100   0.088830  17.297700   0.094458  15.296800   0.106731  11.758100 
     2.160   0.090985  19.310900   0.091850  18.948100   0.098004  16.785100   0.111619  12.930100 
     2.165   0.092617  20.092300   0.093506  19.733900   0.099924  17.506500   0.114113  13.492800 
     2.170   0.093815  20.732600   0.094730  20.358700   0.101346  18.079100   0.116072  13.940400 
     2.175   0.094508  21.190600   0.095446  20.806000   0.102234  18.439400   0.117330  14.194600 
     2.180   0.094078  21.017600   0.095037  20.606500   0.101800  18.227900   0.116703  13.986100 
     2.185   0.093278  20.653500   0.094205  20.251200   0.100860  17.882500   0.115405  13.705300 
     2.190   0.091537  19.891600   0.092428  19.469700   0.098788  17.153500   0.112577  13.180600 
     2.195   0.089762  19.334100   0.090636  18.939600   0.096778  16.642000   0.109858  12.817200 
     2.200   0.092545  22.022200   0.093573  21.542700   0.100547  18.908500   0.115260  14.565500 
     2.205   0.097468  26.213200   0.098745  25.636200   0.107188  22.369400   0.124635  17.123200 
     2.210   0.099758  28.581400   0.101179  27.927600   0.110584  24.225100   0.129504  18.360800 
     2.215   0.101376  30.510600   0.102926  29.772400   0.113096  25.742100   0.133189  19.463900 
     2.220   0.103243  32.423600   0.104890  31.676000   0.115702  27.372600   0.137024  20.619500 
     2.225   0.103290  32.550100   0.104956  31.788400   0.115731  27.499300   0.137037  20.762200 
     2.230   0.102571  31.778800   0.104158  31.050200   0.114597  26.963900   0.135265  20.434500 
     2.235   0.101424  30.540400   0.102908  29.848200   0.112816  26.034400   0.132732  19.839700 
     2.240   0.100679  29.516200   0.102080  28.889000   0.111523  25.295400   0.130847  19.468000 
     2.245   0.101949  30.035200   0.103321  29.429400   0.112713  25.978700   0.132417  20.115600 
     2.250   0.103518  30.577300   0.104842  30.032300   0.114105  26.764200   0.134023  21.010900 
     2.255   0.103467  29.697400   0.104685  29.200200   0.113290  26.284800   0.132543  20.926000 
     2.260   0.102598  28.154800   0.103672  27.764100   0.111573  25.139000   0.129720  20.238700 
     2.265   0.102148  27.016500   0.103160  26.640600   0.110565  24.285000   0.128005  19.696200 
     2.270   0.102396  26.684900   0.103347  26.335000   0.110523  24.100400   0.127654  19.679300 
     2.275   0.103262  27.091000   0.104210  26.730500   0.111444  24.524400   0.128892  20.089100 
     2.280   0.103948  27.594200   0.104925  27.227200   0.112313  24.977600   0.130058  20.441700 
     2.285   0.104703  28.431300   0.105726  28.072100   0.113388  25.684800   0.131614  20.992200 
     2.290   0.105117  29.356100   0.106218  28.958000   0.114272  26.393500   0.133113  21.449300 
     2.295   0.105461  30.602300   0.106659  30.152700   0.115258  27.311400   0.134942  21.999200 
     2.300   0.105491  31.859900   0.106800  31.318700   0.116080  28.136000   0.136570  22.411000 
     2.305   0.104277  31.810900   0.105663  31.220600   0.115229  27.790700   0.135765  21.823400 
     2.310   0.103904  32.126000   0.105345  31.494100   0.115225  27.874300   0.135956  21.729500 
     2.315   0.105204  33.723800   0.106720  33.061000   0.117040  29.286300   0.138770  22.866900 
     2.320   0.105509  34.172400   0.107070  33.499300   0.117562  29.625300   0.139566  23.119900 
     2.325   0.105173  33.813600   0.106723  33.132600   0.117164  29.241400   0.138899  22.741300 
     2.330   0.104503  32.990900   0.106004  32.282200   0.116189  28.497400   0.137452  22.146700 
     2.335   0.103744  31.748500   0.105179  31.139500   0.114937  27.551300   0.135444  21.478600 
     2.340   0.103838  30.984500   0.105183  30.418600   0.114529  27.155500   0.134597  21.310100 
     2.345   0.103917  29.952800   0.105136  29.473200   0.113884  26.515700   0.133450  21.086100 
     2.350   0.103991  28.898900   0.105114  28.486900   0.113305  25.816900   0.132184  20.733100 
     2.355   0.104145  28.207100   0.105187  27.807900   0.112969  25.343800   0.131331  20.549200 
     2.360   0.104916  28.099700   0.105904  27.749600   0.113476  25.461300   0.131747  20.823500 
     2.365   0.105537  28.041100   0.106512  27.697000   0.113890  25.499100   0.132012  20.991100 
     2.370   0.105251  27.427800   0.106171  27.087300   0.113370  24.979500   0.131106  20.622400 
     2.375   0.105034  26.929200   0.105931  26.592400   0.112951  24.549800   0.130341  20.304200 
     2.380   0.105273  26.875200   0.106167  26.558800   0.113102  24.554800   0.130434  20.352400 
     2.385   0.105641  27.057200   0.106514  26.755400   0.113399  24.798100   0.130744  20.628600 
     2.390   0.105915  27.282700   0.106782  26.972400   0.113635  25.023400   0.130991  20.890700 
     2.395   0.106707  27.838600   0.107596  27.525900   0.114551  25.548500   0.132168  21.378600 
     2.400   0.107080  28.068600   0.107985  27.763500   0.115011  25.776900   0.132826  21.555300 
     2.405   0.106571  27.672000   0.107463  27.349100   0.114395  25.365700   0.131979  21.190500 
     2.410   0.106562  27.664300   0.107447  27.349700   0.114431  25.362100   0.131981  21.184800 
     2.415   0.106777  27.905600   0.107677  27.595100   0.114641  25.629700   0.132242  21.441900 
     2.420   0.107379  28.491800   0.108276  28.184900   0.115251  26.222000   0.133038  22.018800 
     2.425   0.107577  28.760800   0.108454  28.469800   0.115412  26.511500   0.133141  22.363600 
     2.430   0.106728  27.966100   0.107570  27.646700   0.114250  25.791400   0.131349  21.803300 
     2.435   0.106774  27.452800   0.107592  27.195100   0.114029  25.423500   0.130730  21.591200 
     2.440   0.107268  27.500700   0.108060  27.234600   0.114398  25.522800   0.131021  21.752000 
     2.445   0.107013  27.095300   0.107783  26.811400   0.113995  25.132500   0.130357  21.446800 
     2.450   0.105882  25.890100   0.106614  25.638000   0.112521  24.053600   0.128215  20.571000 
     2.455   0.102656  23.267100   0.103298  23.061000   0.108686  21.649400   0.123128  18.480100 
     2.460   0.098610  20.248400   0.099181  20.047900   0.104028  18.770400   0.116886  15.855000 
     2.465   0.097095  19.124100   0.097643  18.928600   0.102316  17.685800   0.114695  14.854000 
     2.470   0.099033  20.473400   0.099624  20.272000   0.104568  18.980000   0.117692  16.046800 
     2.475   0.101424  22.148300   0.102034  21.958900   0.107227  20.610000   0.121231  17.490400 
     2.480   0.102380  23.029400   0.103010  22.811200   0.108401  21.434200   0.122882  18.284700 
     2.485   0.101868  23.164900   0.102518  22.908600   0.107955  21.470200   0.122372  18.293000 
     2.490   0.100602  22.738000   0.101281  22.506400   0.106657  21.054500   0.120866  17.876600 
     2.495   0.098037  21.355600   0.098663  21.132100   0.103818  19.713000   0.117290  16.640600 
     2.500   0.092119  17.704500   0.092632  17.534100   0.097049  16.269900   0.108383  13.608000 
     2.505   0.088635  15.721500   0.089129  15.535200   0.093202  14.312900   0.103450  11.818600 
     2.510   0.091364  17.865700   0.091965  17.663900   0.096757  16.211800   0.108504  13.270200 
     2.515   0.095945  21.733600   0.096709  21.437500   0.102597  19.602100   0.116736  16.004100 
     2.520   0.098486  24.413000   0.099373  24.083100   0.106083  21.935300   0.121685  17.836400 
     2.525   0.097828  24.860500   0.098782  24.474400   0.105668  22.186500   0.121349  17.946300 
     2.530   0.095385  23.713900   0.096301  23.324500   0.103000  21.018700   0.118111  16.910200 
     2.535   0.094488  23.227800   0.095422  22.833500   0.102030  20.537800   0.116623  16.447100 
     2.540   0.098552  26.484000   0.099584  26.060800   0.106948  23.473400   0.123016  19.076800 
     2.545   0.104803  31.746500   0.106009  31.228300   0.114505  28.297700   0.133222  23.136600 
     2.550   0.108953  35.203200   0.110289  34.671600   0.119508  31.479000   0.140029  25.871500 
     2.555   0.110261  35.889600   0.111603  35.282900   0.121023  32.085200   0.141978  26.380500 
     2.560   0.109094  34.167500   0.110386  33.661100   0.119476  30.530800   0.139671  24.981700 
     2.565   0.105474  30.333600   0.106635  29.864300   0.114861  27.103300   0.133054  22.028000 
     2.570   0.101174  25.849900   0.102161  25.442700   0.109240  23.055100   0.125200  18.743700 
     2.575   0.098798  22.859400   0.099638  22.513100   0.105965  20.455000   0.120461  16.553300 
     2.580   0.097320  20.597900   0.098095  20.319100   0.103751  18.541700   0.117238  15.031400 
     2.585   0.095480  18.073400   0.096139  17.844800   0.100979  16.372800   0.113005  13.350200 
     2.590   0.094485  15.864800   0.094967  15.684400   0.098988  14.551700   0.109417  12.126400 
     2.595   0.096391  15.520900   0.096781  15.376900   0.100281  14.480000   0.110054  12.411700 
     2.600   0.100066  16.671700   0.100456  16.563300   0.103905  15.755600   0.114011  13.769000 
     2.605   0.102644  17.957900   0.103036  17.808100   0.106673  16.996000   0.117471  14.936700 
     2.610   0.103867  18.963200   0.104294  18.827800   0.108169  17.945600   0.119276  15.736300 
     2.615   0.104846  20.213900   0.105326  20.054600   0.109563  19.069600   0.121762  16.611900 
     2.620   0.106724  22.210500   0.107298  22.031900   0.112094  20.860300   0.125474  18.067700 
     2.625   0.108126  23.989600   0.108768  23.808800   0.114118  22.451500   0.128611  19.382400 
     2.630   0.107662  24.704800   0.108352  24.458500   0.114043  22.969400   0.129163  19.547000 
     2.635   0.107259  25.302100   0.108034  25.062400   0.114040  23.428000   0.129715  19.839800 
     2.640   0.107335  26.162700   0.108127  25.888700   0.114499  24.145800   0.130788  20.309500 
     2.645   0.107668  27.258300   0.108535  26.980400   0.115306  25.056100   0.132330  20.962600 
     2.650   0.107926  28.433300   0.108864  28.105500   0.116115  25.996700   0.133977  21.569600 
     2.655   0.107449  29.196300   0.108484  28.812000   0.116186  26.482600   0.134659  21.764700 
     2.660   0.105694  28.865100   0.106771  28.455900   0.114648  25.972000   0.133092  21.109900 
     2.665   0.102771  27.727700   0.103873  27.291600   0.111781  24.658600   0.129573  19.743000 
     2.670   0.100526  27.191400   0.101673  26.722500   0.109810  23.868600   0.127331  18.862400 
     2.675   0.099255  27.120500   0.100463  26.628700   0.108754  23.589500   0.126162  18.415200 
     2.680   0.099589  28.304000   0.100874  27.744600   0.109547  24.529200   0.127482  19.186800 
     2.685   0.104151  32.899400   0.105584  32.269400   0.115414  28.701400   0.135985  22.609300 
     2.690   0.109421  37.457200   0.111064  36.803900   0.121895  32.918800   0.145024  26.228500 
     2.695   0.109768  37.725900   0.111374  37.074200   0.122351  33.124100   0.145641  26.381300 
     2.700   0.106286  35.153500   0.107851  34.502400   0.118382  30.575700   0.140212  24.070800 
     2.705   0.103178  32.770300   0.104692  32.076100   0.114726  28.264200   0.135182  22.008000 
     2.710   0.103101  32.459900   0.104581  31.827700   0.114509  28.054800   0.134847  21.864900 
     2.715   0.104896  33.428100   0.106395  32.807000   0.116455  29.093000   0.137458  22.817100 
     2.720   0.105881  33.830100   0.107360  33.198100   0.117451  29.559500   0.138747  23.273400 
     2.725   0.105732  33.614500   0.107199  33.014200   0.117237  29.399800   0.138525  23.157600 
     2.730   0.106996  34.745100   0.108513  34.111200   0.118864  30.409700   0.140870  23.998200 
     2.735   0.109068  36.416400   0.110668  35.786700   0.121355  31.976300   0.144431  25.353200 
     2.740   0.106985  34.541600   0.108461  33.944100   0.118585  30.354400   0.140511  24.091800 
     2.745   0.104160  31.902500   0.105526  31.357700   0.114944  28.005400   0.135297  22.179600 
     2.750   0.105292  32.718400   0.106726  32.108800   0.116500  28.621600   0.137393  22.570700 
     2.755   0.105901  33.592300   0.107403  32.939900   0.117648  29.194500   0.139179  22.849100 
     2.760   0.104958  33.442300   0.106502  32.767200   0.116881  28.890100   0.138298  22.443100 
     2.765   0.105429  34.197800   0.107030  33.505500   0.117648  29.541500   0.139603  22.953000 
     2.770   0.106704  35.117000   0.108298  34.438700   0.119119  30.501400   0.141678  23.769700 
     2.775   0.106516  34.510200   0.108068  33.864200   0.118637  30.019200   0.140874  23.503000 
     2.780   0.104275  32.108600   0.105703  31.497600   0.115517  27.991000   0.136357  21.902500 
     2.785   0.099897  27.988600   0.101116  27.476200   0.109606  24.468600   0.127962  19.225900 
     2.790   0.098269  26.080400   0.099358  25.621900   0.107099  22.985300   0.124330  18.227400 
     2.795   0.104087  30.076600   0.105282  29.614200   0.113830  26.864700   0.133545  21.654500 
     2.800   0.108986  33.676000   0.110274  33.208500   0.119595  30.253400   0.141348  24.618100 
     2.805   0.109034  33.659900   0.110302  33.200500   0.119401  30.343700   0.140656  24.845400 
     2.810   0.108542  33.087000   0.109742  32.662300   0.118458  29.931500   0.139075  24.663400 
     2.815   0.107983  32.395000   0.109107  32.001400   0.117478  29.414200   0.137333  24.354900 
     2.820   0.107959  32.179300   0.109062  31.777600   0.117201  29.318100   0.136684  24.396200 
     2.825   0.108125  32.142200   0.109209  31.755900   0.117220  29.340800   0.136528  24.495600 
     2.830   0.107962  32.060000   0.109039  31.703900   0.117002  29.292600   0.136156  24.461800 
     2.835   0.108470  32.650400   0.109564  32.274300   0.117647  29.817800   0.137022  24.900400 
     2.840   0.109601  33.846600   0.110792  33.448000   0.119107  30.894600   0.139042  25.860000 
     2.845   0.110082  34.815100   0.111299  34.408200   0.119918  31.713500   0.140418  26.481400 
     2.850   0.110141  35.548000   0.111384  35.103400   0.120349  32.275000   0.141230  26.848800 
     2.855   0.110155  36.353600   0.111464  35.877700   0.120781  32.861000   0.142198  27.226300 
     2.860   0.109936  37.054400   0.111312  36.526000   0.121082  33.288000   0.142916  27.393100 
     2.865   0.109941  37.910300   0.111393  37.324000   0.121603  33.837900   0.144040  27.632500 
     2.870   0.110102  38.723200   0.111646  38.107900   0.122250  34.394000   0.145096  27.945600 
     2.875   0.110677  39.837900   0.112286  39.168200   0.123283  35.243500   0.146737  28.557600 
     2.880   0.110783  40.361500   0.112432  39.660700   0.123691  35.625400   0.147539  28.747700 
     2.885   0.109836  39.602900   0.111495  38.917000   0.122676  34.858700   0.146224  28.003600 
     2.890   0.108609  38.452200   0.110270  37.827900   0.121200  33.835600   0.144165  27.096300 
     2.895   0.107640  37.740500   0.109241  37.075400   0.120036  33.134500   0.142596  26.486200 
     2.900   0.107176  37.240400   0.108769  36.580500   0.119451  32.675100   0.141792  26.099800 
     2.905   0.106624  36.486100   0.108156  35.870400   0.118536  32.105600   0.140444  25.688200 
     2.910   0.105494  34.992800   0.106940  34.388400   0.116810  30.885700   0.137812  24.812200 
     2.915   0.104520  33.431900   0.105870  32.885100   0.115254  29.577300   0.135395  23.801500 
     2.920   0.104830  33.050500   0.106138  32.507800   0.115263  29.353600   0.135185  23.717400 
     2.925   0.106411  33.697800   0.107706  33.200600   0.116797  30.162800   0.137191  24.575900 
     2.930   0.107244  33.667900   0.108494  33.198900   0.117476  30.304000   0.137877  24.820800 
     2.935   0.106351  32.309000   0.107540  31.856200   0.116074  29.125300   0.135671  23.935000 
     2.940   0.104775  30.565700   0.105873  30.173100   0.113906  27.610800   0.132428  22.732300 
     2.945   0.104941  30.357600   0.106013  29.975000   0.113811  27.553900   0.132134  22.769900 
     2.950   0.106323  31.129200   0.107403  30.728600   0.115243  28.328200   0.133866  23.564200 
     2.955   0.107289  31.450700   0.108353  31.101300   0.116202  28.722300   0.134931  23.967300 
     2.960   0.108278  31.894300   0.109347  31.522000   0.117237  29.157600   0.136197  24.394000 
     2.965   0.108476  31.956600   0.109521  31.612200   0.117369  29.265700   0.136288  24.510600 
     2.970   0.107397  31.276200   0.108443  30.907300   0.116136  28.603600   0.134637  23.938900 
     2.975   0.105956  30.371300   0.106953  30.006000   0.114398  27.781400   0.132281  23.284400 
     2.980   0.103124  28.442800   0.104043  28.121700   0.110953  26.040200   0.127521  21.845000 
     2.985   0.101023  27.244000   0.101920  26.945700   0.108602  24.867700   0.124522  20.786100 
     2.990   0.103114  29.623400   0.104119  29.270900   0.111501  26.917100   0.128655  22.405500 
     2.995   0.106609  33.406600   0.107797  32.965200   0.116272  30.204400   0.135437  25.047800 
     3.000   0.108323  35.855300   0.109639  35.353200   0.118888  32.194400   0.139394  26.601400 
     3.005   0.107820  36.364700   0.109211  35.831300   0.118726  32.502100   0.139395  26.677600 
     3.010   0.107244  36.560200   0.108661  35.982500   0.118374  32.572300   0.139298  26.635000 
     3.015   0.107592  37.442500   0.109075  36.840600   0.119140  33.245000   0.140666  27.102200 
     3.020   0.107625  37.912800   0.109146  37.272600   0.119433  33.576400   0.141395  27.298900 
     3.025   0.108076  38.645700   0.109640  38.026300   0.120158  34.205200   0.142421  27.782500 
     3.030   0.107844  38.761200   0.109442  38.153000   0.120111  34.270500   0.142603  27.770500 
     3.035   0.107093  38.200900   0.108662  37.545800   0.119221  33.691600   0.141426  27.230500 
     3.040   0.107394  38.634600   0.108967  38.021600   0.119619  34.121200   0.141958  27.612800 
     3.045   0.106915  38.316100   0.108477  37.673500   0.119013  33.799000   0.141061  27.364500 
     3.050   0.105552  36.954400   0.107071  36.313900   0.117295  32.560500   0.138630  26.290300 
     3.055   0.104027  35.632300   0.105533  34.995700   0.115547  31.268600   0.136219  25.106900 
     3.060   0.102792  34.532400   0.104250  33.882800   0.114066  30.195500   0.134284  24.153700 
     3.065   0.102612  34.470500   0.104088  33.868400   0.113879  30.175700   0.134040  24.142400 
     3.070   0.103079  35.112100   0.104553  34.482400   0.114393  30.791700   0.134616  24.743300 
     3.075   0.104709  36.887500   0.106238  36.220400   0.116444  32.400100   0.137394  26.139200 
     3.080   0.106397  38.684400   0.108000  37.989100   0.118633  33.979900   0.140459  27.462600 
     3.085   0.107176  39.528300   0.108839  38.817200   0.119730  34.698100   0.142045  28.050300 
     3.090   0.108052  40.579100   0.109764  39.837600   0.120969  35.561300   0.143834  28.734200 
     3.095   0.108691  41.561500   0.110492  40.814900   0.121889  36.451800   0.145185  29.485300 
     3.100   0.106490  39.460600   0.108154  38.732000   0.119051  34.588200   0.141409  27.939500 
     3.105   0.102889  35.581400   0.104413  34.914100   0.114442  31.052300   0.134876  24.892300 
     3.110   0.099970  32.483400   0.101393  31.858900   0.110766  28.226300   0.129620  22.450500 
     3.115   0.095619  28.296700   0.096837  27.737900   0.105059  24.542500   0.121593  19.464200 
     3.120   0.092313  24.809000   0.093361  24.346400   0.100334  21.692700   0.114684  17.363700 
     3.125   0.096186  26.994700   0.097226  26.573900   0.104342  24.017300   0.119655  19.654100 
     3.130   0.105156  33.259400   0.106362  32.809000   0.114725  29.937200   0.133259  24.836300 
     3.135   0.111061  36.582600   0.112295  36.088900   0.121046  33.215100   0.140937  27.929600 
     3.140   0.114261  36.546800   0.115330  36.164000   0.123346  33.733400   0.142488  28.959400 
     3.145   0.115626  34.923600   0.116534  34.614200   0.123436  32.689600   0.141048  28.644700 
     3.150   0.115273  32.504900   0.116028  32.295400   0.122065  30.704700   0.138137  27.218900 
     3.155   0.114185  30.060900   0.114842  29.859100   0.120264  28.494300   0.135028  25.425400 
     3.160   0.113816  28.103500   0.114399  27.920900   0.119264  26.776500   0.132973  24.035300 
     3.165   0.114096  26.629700   0.114596  26.493600   0.118980  25.519200   0.131704  23.089400 
     3.170   0.114633  25.426200   0.115060  25.335400   0.119011  24.497600   0.130848  22.352500 
     3.175   0.115627  24.662700   0.116005  24.583000   0.119595  23.840200   0.130734  21.953400 
     3.180   0.116108  23.802900   0.116442  23.725200   0.119772  23.085100   0.130258  21.383000 
     3.185   0.116275  23.322400   0.116614  23.227200   0.119826  22.583500   0.130036  20.956700 
     3.190   0.113418  22.816900   0.113829  22.708500   0.117340  21.918900   0.128006  20.060200 
     3.195   0.107575  23.974400   0.108260  23.721900   0.113466  22.130200   0.126631  19.228000 
     3.200   0.105725  28.438400   0.106917  27.893400   0.114913  24.953300   0.132380  20.179400 
     3.205   0.104807  28.541000   0.106027  28.009000   0.114189  25.001700   0.131984  20.110300 
     3.210   0.101754  24.697700   0.102632  24.370200   0.109113  22.306400   0.124441  18.471500 
     3.215   0.099703  23.340600   0.100499  23.057000   0.106518  21.251200   0.121134  17.594900 
     3.220   0.097395  22.492600   0.098192  22.205800   0.104293  20.291900   0.118463  16.578200 
     3.225   0.095858  22.008800   0.096690  21.713700   0.102830  19.734500   0.117033  15.954700 
     3.230   0.097967  24.214800   0.098891  23.859100   0.105613  21.670800   0.121112  17.503300 
     3.235   0.100739  26.713800   0.101768  26.347000   0.109175  23.897700   0.126058  19.421600 
     3.240   0.101889  27.816500   0.102973  27.413000   0.110723  24.863600   0.128295  20.115500 
     3.245   0.102580  28.355100   0.103680  27.991300   0.111580  25.382200   0.129526  20.552400 
     3.250   0.102522  28.277300   0.103619  27.901200   0.111561  25.257100   0.129605  20.409700 
     3.255   0.103267  28.849100   0.104417  28.426500   0.112634  25.727600   0.131154  20.695400 
     3.260   0.104473  29.848500   0.105662  29.400700   0.114146  26.607500   0.133274  21.405800 
     3.265   0.103973  29.658300   0.105159  29.184800   0.113666  26.339700   0.132716  21.129900 
     3.270   0.102748  28.980200   0.103945  28.517700   0.112372  25.653200   0.131079  20.449700 
     3.275   0.101975  28.577800   0.103194  28.097400   0.111677  25.184000   0.130324  19.941200 
     3.280   0.100726  27.719400   0.101928  27.250300   0.110286  24.339100   0.128398  19.206500 
     3.285   0.097129  25.305800   0.098194  24.880900   0.105710  22.274600   0.122148  17.558200 
     3.290   0.088212  18.896300   0.088957  18.642000   0.094291  16.812100   0.106336  13.462400 
     3.295   0.077474  10.862800   0.077820  10.724500   0.080723   9.776670   0.087465   7.928520 
     3.300   0.070696   5.601300   0.070887   5.542980   0.072255   5.080050   0.075761   4.157670 
