#PROGRAM: dep90.pas
#PROT: N: 145
#PROT: TE: -26.3
#PROT: T: 79.200
#PROT: DB: 1650 78.00 # end of core
#PROT: DB: 550 78.00 # bag cut
#PROT: DB: 1100 78.00 # bag cut
#PROT: DB: 445 78.00
#PROT: DB: 1425 78.00
# depth c250k g250k c200k g200k c100k g100k c50k g50k 
    79.205   0.135159  78.579000   0.135570  78.655900   0.140760  79.549000   0.171568  80.640400 
    79.210   0.162456 103.337000   0.163570 103.177000   0.173694 102.698000   0.217551 101.451000 
    79.215   0.171503 110.959000   0.173165 110.641000   0.187067 108.979000   0.239064 105.136000 
    79.220   0.175497 114.392000   0.177424 113.997000   0.193230 111.813000   0.249574 106.669000 
    79.225   0.177574 115.107000   0.179547 114.710000   0.195793 112.493000   0.253405 106.961000 
    79.230   0.178345 113.098000   0.180177 112.758000   0.195663 110.807000   0.251599 105.720000 
    79.235   0.178232 108.914000   0.179795 108.662000   0.193518 107.238000   0.245291 103.250000 
    79.240   0.177637 102.972000   0.178864 102.826000   0.189947 102.133000   0.235228  99.771200 
    79.245   0.177017  96.248200   0.177817  96.213200   0.186061  96.246800   0.223828  95.600800 
    79.250   0.176636  90.924300   0.177208  90.917400   0.183534  91.290900   0.215192  91.677600 
    79.255   0.176661  88.078400   0.177168  88.055600   0.182855  88.360800   0.211179  88.997500 
    79.260   0.177020  86.821600   0.177521  86.830800   0.183096  86.951300   0.209914  87.451900 
    79.265   0.177372  86.205400   0.177898  86.157600   0.183501  86.220200   0.209648  86.574900 
    79.270   0.177662  85.863900   0.178187  85.803700   0.183835  85.808300   0.209877  86.065400 
    79.275   0.177936  86.132500   0.178507  86.068100   0.184404  85.997300   0.211001  86.014700 
    79.280   0.178052  86.900200   0.178659  86.859700   0.184917  86.662100   0.212347  86.466100 
    79.285   0.178097  87.984100   0.178764  87.908600   0.185428  87.667600   0.214206  87.195600 
    79.290   0.178102  89.396200   0.178879  89.274300   0.186161  88.876100   0.216689  88.002700 
    79.295   0.178087  90.490400   0.178940  90.362400   0.186749  89.839200   0.218665  88.638000 
    79.300   0.178171  90.977700   0.179011  90.848000   0.187031  90.322700   0.219623  89.023700 
    79.305   0.178216  91.117900   0.179036  90.991500   0.187051  90.490500   0.219860  89.244400 
    79.310   0.178367  91.353400   0.179220  91.245500   0.187303  90.703900   0.220251  89.428400 
    79.315   0.178548  91.368300   0.179398  91.229400   0.187485  90.667800   0.220293  89.363000 
    79.320   0.178775  90.714800   0.179590  90.597000   0.187382  90.101200   0.219342  89.016000 
    79.325   0.179188  89.163100   0.179887  89.079500   0.186801  88.859800   0.216939  88.349500 
    79.330   0.179707  88.759900   0.180350  88.703600   0.186959  88.591200   0.216527  88.254800 
    79.335   0.180327  90.508000   0.181097  90.393300   0.188582  89.972900   0.219665  89.127700 
    79.340   0.180699  90.996000   0.181493  90.867900   0.189095  90.443000   0.220601  89.491200 
    79.345   0.180883  89.888800   0.181559  89.815200   0.188457  89.638600   0.218680  89.216300 
    79.350   0.181160  89.472900   0.181750  89.461700   0.188228  89.441400   0.217824  89.339100 
    79.355   0.181419  90.265400   0.182028  90.234600   0.188660  90.238700   0.218862  90.115900 
    79.360   0.181596  92.181000   0.182310  92.114400   0.189589  91.934900   0.221475  91.432200 
    79.365   0.181626  94.309300   0.182470  94.202100   0.190658  93.750100   0.224764  92.668300 
    79.370   0.181712  95.732500   0.182612  95.611000   0.191247  95.115800   0.226731  93.783700 
    79.375   0.181650  96.422200   0.182562  96.298700   0.191213  95.837000   0.227244  94.550800 
    79.380   0.181457  96.749500   0.182331  96.700700   0.190980  96.239500   0.227205  94.995000 
    79.385   0.181328  97.065200   0.182239  96.937000   0.190997  96.489000   0.227500  95.169400 
    79.390   0.181313  97.095300   0.182252  96.991900   0.191129  96.468700   0.227796  95.048600 
    79.395   0.181421  96.922300   0.182371  96.771900   0.191302  96.223400   0.227804  94.726200 
    79.400   0.181424  96.274100   0.182348  96.139200   0.191117  95.571900   0.226758  94.135700 
    79.405   0.181132  94.650300   0.181994  94.556500   0.190124  94.097200   0.224029  92.994700 
    79.410   0.180890  92.464400   0.181614  92.384500   0.188893  92.153500   0.220380  91.593700 
    79.415   0.180940  90.833200   0.181585  90.772500   0.188226  90.632200   0.217586  90.419100 
    79.420   0.181023  89.659800   0.181601  89.610500   0.187727  89.551200   0.215414  89.603800 
    79.425   0.180941  88.100500   0.181405  88.097600   0.186823  88.234700   0.212583  88.729000 
    79.430   0.180824  87.146200   0.181181  87.204900   0.186046  87.438600   0.210667  88.334600 
    79.435   0.180773  87.950200   0.181180  87.967300   0.186200  88.248800   0.211587  89.083500 
    79.440   0.180802  90.769500   0.181365  90.738100   0.187452  90.829700   0.215921  91.045900 
    79.445   0.180787  94.331200   0.181533  94.251300   0.188976  94.004300   0.221262  93.433000 
    79.450   0.180724  97.389400   0.181649  97.272200   0.190302  96.780500   0.226087  95.507200 
    79.455   0.180649  99.820900   0.181682  99.699400   0.191329  99.025900   0.229945  97.165100 
    79.460   0.180373 101.339000   0.181486 101.182000   0.191686 100.375000   0.232137  98.198300 
    79.465   0.180200 102.220000   0.181355 102.065000   0.191887 101.185000   0.233250  98.856500 
    79.470   0.180197 102.628000   0.181367 102.449000   0.191997 101.535000   0.233603  99.125700 
    79.475   0.180316 102.166000   0.181466 102.004000   0.191867 101.094000   0.232592  98.852100 
    79.480   0.180583 100.498000   0.181595 100.358000   0.191108  99.676800   0.229469  97.983100 
    79.485   0.180310  97.320600   0.181099  97.238300   0.189000  97.019900   0.223561  96.373600 
    79.490   0.179831  94.644900   0.180481  94.609800   0.187185  94.675200   0.218535  94.770000 
    79.495   0.179877  93.449600   0.180452  93.420100   0.186646  93.559300   0.216276  94.026700 
    79.500   0.180123  92.358300   0.180581  92.371000   0.186106  92.741700   0.214321  93.683500 
    79.505   0.180433  92.781400   0.180885  92.806000   0.186292  93.312700   0.214906  94.432600 
    79.510   0.180910  95.901400   0.181502  95.880900   0.188095  96.162000   0.220372  96.575900 
    79.515   0.181896 100.837000   0.182787 100.757000   0.191431 100.510000   0.229259  99.723600 
    79.520   0.182963 105.401000   0.184099 105.233000   0.194631 104.564000   0.237539 102.660000 
    79.525   0.183603 108.583000   0.184891 108.412000   0.196561 107.516000   0.243162 104.946000 
    79.530   0.183842 110.520000   0.185235 110.305000   0.197645 109.317000   0.246582 106.348000 
    79.535   0.183692 111.140000   0.185104 110.943000   0.197846 109.891000   0.247996 106.711000 
    79.540   0.183528 111.240000   0.184953 111.038000   0.197733 109.999000   0.248186 106.824000 
    79.545   0.183295 111.074000   0.184717 110.857000   0.197375 109.851000   0.247460 106.750000 
    79.550   0.183264 110.572000   0.184644 110.357000   0.197112 109.341000   0.246320 106.354000 
    79.555   0.183388 109.131000   0.184702 108.944000   0.196622 108.002000   0.244137 105.329000 
    79.560   0.183420 106.060000   0.184536 105.909000   0.195148 105.359000   0.239415 103.499000 
    79.565   0.183278 102.406000   0.184165 102.335000   0.193194 102.215000   0.233687 101.373000 
    79.570   0.183032  99.568500   0.183800  99.550500   0.191707  99.719100   0.229335  99.521900 
    79.575   0.183027  98.963500   0.183787  98.935300   0.191651  99.053700   0.228890  98.801300 
    79.580   0.183257 100.526000   0.184151 100.455000   0.192918 100.264000   0.231682  99.372000 
    79.585   0.183322 102.092000   0.184336 101.970000   0.193981 101.488000   0.234570  99.986500 
    79.590   0.182989 102.789000   0.184098 102.625000   0.194429 101.904000   0.236315  99.880600 
    79.595   0.182035 101.981000   0.183187 101.792000   0.193873 100.934000   0.236352  98.590200 
    79.600   0.181252 100.556000   0.182383 100.396000   0.192936  99.574000   0.234775  97.231700 
    79.605   0.181272  99.847300   0.182325  99.707800   0.192281  98.966200   0.232504  97.013700 
    79.610   0.182226 100.159000   0.183209  99.999200   0.192477  99.404900   0.230767  97.897400 
    79.615   0.182089  98.526200   0.182997  98.395500   0.191740  97.963300   0.228421  96.670500 
    79.620   0.180953  95.262900   0.181789  95.135800   0.190127  94.808700   0.225776  93.768800 
    79.625   0.180860  93.726500   0.181646  93.633600   0.189612  93.428400   0.224380  92.592400 
    79.630   0.180791  93.392800   0.181587  93.295900   0.189421  93.089900   0.223844  92.321300 
    79.635   0.179650  92.885900   0.180455  92.783500   0.188430  92.502900   0.223038  91.575700 
    79.640   0.178233  92.903700   0.179103  92.789700   0.187622  92.278800   0.223241  91.014300 
    79.645   0.177374  94.070500   0.178375  93.888700   0.187560  93.140100   0.224701  91.454900 
    79.650   0.175977  94.422700   0.176981  94.231700   0.186274  93.498600   0.223774  91.760900 
    79.655   0.176969  96.167700   0.177944  96.008900   0.187143  95.412400   0.224999  93.879700 
    79.660   0.179648  98.947800   0.180607  98.824700   0.189773  98.448500   0.228454  97.111100 
    79.665   0.180674 100.238000   0.181608 100.145000   0.190662  99.818900   0.229748  98.774400 
    79.670   0.181096 101.401000   0.182042 101.307000   0.191192 100.996000   0.230965  99.953800 
    79.675   0.181019 102.357000   0.181999 102.250000   0.191430 101.897000   0.231912 100.762000 
    79.680   0.180837 103.101000   0.181829 102.968000   0.191451 102.601000   0.232560 101.406000 
    79.685   0.180899 103.867000   0.181915 103.727000   0.191566 103.395000   0.233269 102.243000 
    79.690   0.181060 104.810000   0.182066 104.683000   0.191852 104.365000   0.234421 103.204000 
    79.695   0.181121 106.124000   0.182209 106.002000   0.192360 105.635000   0.236149 104.258000 
    79.700   0.181028 107.713000   0.182176 107.559000   0.192812 107.061000   0.237913 105.431000 
    79.705   0.181032 109.303000   0.182238 109.147000   0.193416 108.529000   0.239891 106.608000 
    79.710   0.181074 110.390000   0.182323 110.242000   0.193834 109.544000   0.241339 107.373000 
    79.715   0.181040 110.854000   0.182294 110.689000   0.193866 109.995000   0.241771 107.868000 
    79.720   0.181080 111.009000   0.182310 110.871000   0.193741 110.252000   0.241530 108.244000 
    79.725   0.180867 110.730000   0.182069 110.586000   0.193349 110.048000   0.240736 108.177000 
    79.730   0.180630 110.411000   0.181843 110.278000   0.193006 109.740000   0.240035 107.905000 
    79.735   0.180552 110.262000   0.181760 110.125000   0.192884 109.546000   0.239678 107.719000 
    79.740   0.180426 110.079000   0.181631 109.920000   0.192748 109.313000   0.239200 107.482000 
    79.745   0.179580 110.003000   0.180801 109.785000   0.191961 109.090000   0.238018 107.137000 
    79.750   0.173995 105.507000   0.175171 105.334000   0.185565 104.732000   0.229274 103.091000 
    79.755   0.172915 102.308000   0.173993 102.134000   0.183954 101.600000   0.226041 100.094000 
    79.760   0.178194 102.694000   0.179252 102.537000   0.189115 102.023000   0.230808 100.613000 
    79.765   0.180371 100.647000   0.181267 100.571000   0.190071 100.461000   0.229763  99.719900 
    79.770   0.181311  99.956100   0.182129  99.913000   0.190628  99.932200   0.229750  99.439400 
    79.775   0.181961 101.211000   0.182849 101.113000   0.191913 100.999000   0.232411 100.146000 
    79.780   0.182342 102.289000   0.183268 102.255000   0.192577 102.152000   0.234491 101.170000 
    79.785   0.182604 104.914000   0.183665 104.824000   0.194038 104.558000   0.238957 102.899000 
    79.790   0.182925 109.296000   0.184314 109.108000   0.196841 108.105000   0.246474 105.080000 
    79.795   0.183055 112.246000   0.184659 111.965000   0.198703 110.484000   0.251559 106.471000 
    79.800   0.183036 113.135000   0.184692 112.858000   0.199076 111.296000   0.252862 107.074000 
    79.805   0.183123 112.606000   0.184687 112.336000   0.198565 110.969000   0.251581 107.091000 
    79.810   0.182994 110.132000   0.184357 109.960000   0.196932 109.084000   0.247285 106.093000 
    79.815   0.182726 107.041000   0.183857 106.953000   0.194889 106.608000   0.242081 104.625000 
    79.820   0.182638 105.959000   0.183712 105.906000   0.194258 105.591000   0.240019 103.905000 
    79.825   0.182585 106.342000   0.183726 106.207000   0.194486 105.721000   0.240076 103.849000 
    79.830   0.182464 106.273000   0.183609 106.158000   0.194423 105.583000   0.239700 103.677000 
    79.835   0.182324 105.808000   0.183446 105.688000   0.194111 105.155000   0.238858 103.282000 
    79.840   0.182393 105.589000   0.183511 105.460000   0.194118 104.905000   0.238435 103.051000 
    79.845   0.182489 105.338000   0.183606 105.213000   0.194169 104.633000   0.238185 102.786000 
    79.850   0.182500 104.862000   0.183591 104.743000   0.194041 104.211000   0.237637 102.403000 
    79.855   0.182629 104.983000   0.183754 104.849000   0.194294 104.245000   0.237918 102.334000 
    79.860   0.182656 105.163000   0.183821 105.015000   0.194612 104.268000   0.238387 102.168000 
    79.865   0.182383 104.692000   0.183508 104.509000   0.194135 103.809000   0.237466 101.780000 
    79.870   0.181996 104.027000   0.183085 103.895000   0.193333 103.320000   0.235851 101.518000 
    79.875   0.181928 103.767000   0.182980 103.632000   0.193043 103.104000   0.234858 101.435000 
    79.880   0.182046 103.322000   0.183085 103.216000   0.192913 102.724000   0.234125 101.172000 
    79.885   0.182241 103.043000   0.183277 102.886000   0.193061 102.459000   0.233961 100.940000 
    79.890   0.182342 103.133000   0.183394 102.920000   0.193252 102.451000   0.234124 100.880000 
    79.895   0.182097 102.266000   0.183081 102.149000   0.192450 101.748000   0.232282 100.516000 
    79.900   0.181741 100.466000   0.182553 100.415000   0.190884 100.459000   0.228944  99.970900 
    79.905   0.181574 101.640000   0.182457 101.578000   0.191257 101.470000   0.230690 100.683000 
    79.910   0.181327 104.995000   0.182433 104.825000   0.192810 104.212000   0.235775 102.480000 
    79.915   0.180967 107.083000   0.182173 106.944000   0.193326 106.180000   0.238553 104.022000 
    79.920   0.180783 108.582000   0.182061 108.411000   0.193679 107.628000   0.240700 105.185000 
    79.925   0.180794 109.993000   0.182131 109.820000   0.194251 108.928000   0.242999 106.243000 
    79.930   0.181115 111.604000   0.182531 111.418000   0.195230 110.417000   0.245641 107.430000 
    79.935   0.181714 112.985000   0.183208 112.774000   0.196423 111.667000   0.248371 108.327000 
    79.940   0.182518 113.504000   0.184022 113.272000   0.197420 112.146000   0.250025 108.729000 
    79.945   0.183131 113.183000   0.184583 112.988000   0.197724 111.983000   0.249993 108.747000 
    79.950   0.183367 112.320000   0.184724 112.158000   0.197346 111.349000   0.248526 108.453000 
    79.955   0.183431 111.512000   0.184757 111.391000   0.197089 110.633000   0.247467 107.886000 
    79.960   0.183861 111.592000   0.185221 111.412000   0.197701 110.539000   0.247883 107.621000 
    79.965   0.184213 110.918000   0.185537 110.762000   0.197755 109.926000   0.246987 107.207000 
    79.970   0.184376 109.511000   0.185630 109.363000   0.197235 108.689000   0.244816 106.289000 
    79.975   0.184780 108.119000   0.185932 107.998000   0.196948 107.464000   0.242725 105.401000 
    79.980   0.185079 106.544000   0.186136 106.454000   0.196394 106.067000   0.240125 104.461000 
    79.985   0.185103 105.376000   0.186109 105.279000   0.195996 104.933000   0.238173 103.490000 
    79.990   0.184997 104.522000   0.186013 104.415000   0.195694 104.023000   0.236741 102.621000 
    79.995   0.184948 103.690000   0.185925 103.602000   0.195351 103.199000   0.235301 101.935000 
    80.000   0.184973 102.837000   0.185893 102.744000   0.194908 102.445000   0.233723 101.392000 
    80.005   0.184958 101.913000   0.185821 101.845000   0.194412 101.664000   0.232067 100.869000 
    80.010   0.184850 101.501000   0.185683 101.438000   0.194075 101.316000   0.231321 100.629000 
    80.015   0.184830 102.225000   0.185686 102.137000   0.194333 101.941000   0.232146 101.076000 
    80.020   0.185062 103.686000   0.185988 103.585000   0.195031 103.329000   0.234107 102.264000 
    80.025   0.185243 105.642000   0.186233 105.558000   0.195866 105.138000   0.236565 103.736000 
    80.030   0.185287 107.615000   0.186368 107.487000   0.196654 106.910000   0.239061 105.115000 
    80.035   0.185500 109.068000   0.186640 108.939000   0.197275 108.245000   0.240937 106.295000 
    80.040   0.185890 110.117000   0.187064 109.999000   0.197908 109.345000   0.242298 107.250000 
    80.045   0.186090 110.591000   0.187252 110.450000   0.198137 109.811000   0.242788 107.757000 
    80.050   0.186009 110.507000   0.187162 110.383000   0.197969 109.768000   0.242393 107.763000 
    80.055   0.185908 110.012000   0.187015 109.895000   0.197486 109.363000   0.241159 107.619000 
    80.060   0.185998 109.527000   0.187030 109.420000   0.197015 109.084000   0.239590 107.671000 
    80.065   0.186150 109.088000   0.187114 109.033000   0.196629 108.845000   0.238319 107.806000 
    80.070   0.186284 109.727000   0.187256 109.674000   0.196930 109.449000   0.238844 108.301000 
    80.075   0.186548 111.461000   0.187652 111.356000   0.198027 110.834000   0.241272 109.169000 
    80.080   0.186724 112.286000   0.187876 112.148000   0.198645 111.476000   0.242583 109.536000 
    80.085   0.186678 111.948000   0.187774 111.818000   0.198403 111.175000   0.241991 109.270000 
    80.090   0.186477 111.218000   0.187595 111.086000   0.197905 110.510000   0.240444 108.805000 
    80.095   0.186266 110.207000   0.187315 110.085000   0.197304 109.543000   0.238597 107.965000 
    80.100   0.186100 108.691000   0.187116 108.577000   0.196589 108.101000   0.236107 106.812000 
    80.105   0.186468 106.924000   0.187371 106.839000   0.196102 106.538000   0.233513 105.606000 
    80.110   0.187079 105.086000   0.187847 105.023000   0.195852 104.899000   0.231031 104.386000 
    80.115   0.187321 103.110000   0.188036 103.073000   0.195240 103.106000   0.228298 102.991000 
    80.120   0.187331 101.817000   0.187997 101.786000   0.194940 101.858000   0.226935 101.865000 
    80.125   0.187328 102.298000   0.188092 102.234000   0.195529 102.058000   0.228205 101.602000 
    80.130   0.187406 102.802000   0.188232 102.709000   0.196197 102.320000   0.229640 101.432000 
    80.135   0.187399 102.245000   0.188266 102.113000   0.196452 101.654000   0.229905 100.535000 
    80.140   0.187723 101.369000   0.188579 101.241000   0.196766 100.687000   0.229754  99.430100 
    80.145   0.187941  99.452400   0.188743  99.316900   0.196378  98.851000   0.227608  97.801100 
    80.150   0.187660  96.430700   0.188336  96.339600   0.195064  96.033100   0.223460  95.427100 
    80.155   0.187397  92.203900   0.187883  92.157200   0.193245  92.137000   0.217691  92.244900 
    80.160   0.187422  88.526900   0.187778  88.523600   0.192086  88.716400   0.213345  89.340100 
    80.165   0.187862  87.836900   0.188267  87.781500   0.192941  87.777000   0.214281  87.987800 
    80.170   0.188559  88.829400   0.189152  88.692800   0.195000  88.233700   0.218259  87.496500 
    80.175   0.188870  86.638200   0.189414  86.525000   0.194878  86.092700   0.216591  85.449200 
    80.180   0.188434  80.248700   0.188651  80.239800   0.191853  80.381100   0.207739  81.058400 
    80.185   0.188006  75.798800   0.188072  75.791100   0.189921  76.249400   0.202009  77.607800 
    80.190   0.188035  75.676000   0.188119  75.702900   0.190236  76.021300   0.202831  77.161400 
    80.195   0.188171  79.179400   0.188481  79.134800   0.192299  79.067800   0.209169  79.149000 
    80.200   0.188257  83.499700   0.188894  83.352600   0.194844  82.594100   0.216649  81.232500 
    80.205   0.187571  82.208200   0.188159  82.066100   0.193797  81.413300   0.214720  80.245300 
    80.210   0.186497  76.180500   0.186726  76.143000   0.189848  76.210500   0.204928  76.604800 
    80.215   0.185755  73.585300   0.185870  73.568100   0.188114  73.880200   0.200873  74.797600 
    80.220   0.185264  75.989800   0.185525  75.909800   0.188999  75.840000   0.204586  75.967200 
    80.225   0.184864  77.643100   0.185258  77.618700   0.189500  77.374800   0.207141  77.011500 
    80.230   0.184585  77.721700   0.184946  77.609000   0.189112  77.398600   0.206708  77.129300 
    80.235   0.184297  77.210100   0.184612  77.105300   0.188523  76.992700   0.205620  76.889500 
    80.240   0.184147  77.213100   0.184464  77.095000   0.188338  77.003900   0.205486  76.953400 
    80.245   0.184238  78.113600   0.184604  78.047500   0.188767  77.893100   0.206691  77.703000 
    80.250   0.184391  79.165500   0.184791  79.082100   0.189135  78.916600   0.207631  78.758800 
    80.255   0.184206  79.891200   0.184620  79.834700   0.189060  79.699000   0.208049  79.471200 
    80.260   0.183635  80.903300   0.184104  80.828100   0.188935  80.586400   0.209078  80.125700 
    80.265   0.183399  81.830300   0.183907  81.754800   0.189093  81.432700   0.210154  80.774800 
    80.270   0.183508  82.276500   0.184029  82.184600   0.189248  81.843300   0.210669  81.228500 
    80.275   0.184015  82.612800   0.184507  82.533200   0.189661  82.244700   0.211066  81.696100 
    80.280   0.184656  82.691600   0.185131  82.638100   0.190103  82.396500   0.211209  81.982600 
    80.285   0.184651  82.543400   0.185103  82.492000   0.189995  82.285500   0.210891  81.965700 
    80.290   0.184301  82.708000   0.184762  82.627600   0.189621  82.415500   0.210414  82.113600 
    80.295   0.181665  82.209700   0.182128  82.134700   0.186948  81.914200   0.207432  81.631300 
    80.300   0.173301  77.645200   0.173744  77.556700   0.178451  77.338500   0.198544  77.034900 
    80.305   0.172081  75.908500   0.172604  75.827500   0.177805  75.451600   0.199124  74.784400 
    80.310   0.178106  78.278700   0.178686  78.161300   0.184672  77.609300   0.207912  76.488300 
    80.315   0.179552  78.199700   0.180201  78.074300   0.186251  77.524400   0.209803  76.289200 
    80.320   0.179646  76.387300   0.180190  76.281200   0.185632  75.843400   0.207441  75.022200 
    80.325   0.179930  72.986900   0.180262  72.928800   0.184212  72.897900   0.202264  72.998600 
    80.330   0.180106  72.383200   0.180407  72.359400   0.184161  72.352000   0.201552  72.577200 
    80.335   0.179761  74.472500   0.180227  74.347500   0.184972  74.115500   0.204729  73.669200 
    80.340   0.179246  75.109700   0.179739  75.026400   0.184835  74.686500   0.205640  74.042900 
    80.345   0.179142  75.112700   0.179630  75.029300   0.184763  74.721400   0.205873  74.084900 
    80.350   0.179810  75.355700   0.180338  75.253300   0.185554  74.919500   0.207124  74.239400 
    80.355   0.181148  75.726900   0.181674  75.618100   0.187070  75.288300   0.209144  74.522900 
    80.360   0.182227  75.761200   0.182755  75.669100   0.188187  75.326000   0.210539  74.512700 
    80.365   0.182713  75.443800   0.183240  75.368700   0.188668  75.016000   0.210788  74.220200 
    80.370   0.182993  74.954000   0.183504  74.892100   0.188825  74.552400   0.210586  73.795600 
    80.375   0.183238  74.243100   0.183741  74.195400   0.188851  73.897100   0.209883  73.182000 
    80.380   0.183419  73.168500   0.183856  73.093700   0.188638  72.818300   0.208536  72.283600 
    80.385   0.183457  71.583800   0.183850  71.519600   0.188123  71.352600   0.206392  71.053200 
    80.390   0.183208  69.915400   0.183531  69.865100   0.187357  69.768100   0.204173  69.690500 
    80.395   0.182939  68.818700   0.183251  68.819600   0.186875  68.710100   0.202896  68.697100 
    80.400   0.182947  68.429000   0.183234  68.491200   0.186814  68.264600   0.202410  68.262100 
    80.405   0.182915  68.245500   0.183229  68.284700   0.186795  68.077700   0.202261  68.030800 
    80.410   0.182946  67.848600   0.183232  67.834800   0.186632  67.729700   0.201692  67.787500 
    80.415   0.183017  67.250000   0.183245  67.197000   0.186329  67.215100   0.200672  67.508700 
    80.420   0.183022  67.064300   0.183212  67.045000   0.186024  67.181000   0.199931  67.732200 
    80.425   0.183136  68.048900   0.183323  68.083000   0.186154  68.260500   0.200751  68.929700 
    80.430   0.183338  70.292400   0.183570  70.272600   0.186835  70.499300   0.203499  71.076500 
    80.435   0.183421  73.982900   0.183790  73.967700   0.188168  74.056000   0.208923  74.111000 
    80.440   0.183769  79.277200   0.184385  79.231700   0.190723  78.950300   0.217404  77.912300 
    80.445   0.184178  84.764000   0.185116  84.595700   0.193695  83.751100   0.226170  81.377700 
    80.450   0.184447  88.960300   0.185657  88.729800   0.196171  87.269700   0.232985  83.665900 
    80.455   0.184476  90.346000   0.185797  90.065900   0.196983  88.305800   0.235053  84.243000 
    80.460   0.184026  87.512100   0.185202  87.272900   0.195154  85.859100   0.230278  82.529700 
    80.465   0.183236  80.895100   0.184000  80.771700   0.191239  80.175200   0.219636  78.523700 
    80.470   0.182569  72.133700   0.182890  72.116400   0.186843  72.254800   0.206250  72.495500 
    80.475   0.182329  64.352500   0.182346  64.397800   0.183959  64.977100   0.195759  66.367500 
    80.480   0.182503  61.814800   0.182480  61.880000   0.183863  62.362700   0.194143  63.646100 
    80.485   0.182664  63.768300   0.182842  63.767600   0.185466  63.807700   0.198089  64.182400 
    80.490   0.182394  65.277100   0.182717  65.230300   0.186322  64.971300   0.201189  64.635500 
    80.495   0.182194  64.522800   0.182509  64.456500   0.186100  64.197000   0.200664  63.806100 
    80.500   0.181867  61.905100   0.182095  61.886500   0.184800  61.808500   0.197249  61.876200 
    80.505   0.181496  59.754200   0.181600  59.733700   0.183640  59.772500   0.193598  60.196000 
    80.510   0.181448  59.426500   0.181558  59.401000   0.183547  59.428100   0.193132  59.832200 
    80.515   0.181398  59.789800   0.181515  59.766100   0.183598  59.762800   0.193387  60.114700 
    80.520   0.181427  60.570700   0.181544  60.517600   0.183695  60.551700   0.193914  60.907200 
    80.525   0.181472  61.923900   0.181641  61.895900   0.183947  61.908400   0.195280  62.277600 
    80.530   0.181491  64.026000   0.181702  63.981100   0.184424  63.956700   0.196924  64.210100 
    80.535   0.181323  66.621300   0.181620  66.575100   0.184845  66.541200   0.199579  66.630300 
    80.540   0.181444  70.865800   0.181870  70.804900   0.186357  70.554900   0.204810  70.041900 
    80.545   0.181425  74.458200   0.181983  74.345700   0.187468  73.895300   0.209083  72.941600 
    80.550   0.181450  75.936900   0.181993  75.852800   0.187561  75.480900   0.210210  74.619600 
    80.555   0.181751  77.746200   0.182341  77.668400   0.188146  77.312400   0.211850  76.435900 
    80.560   0.181952  79.386900   0.182554  79.271400   0.188675  78.863500   0.213535  77.882700 
    80.565   0.181894  80.452800   0.182568  80.380500   0.188919  79.952300   0.214591  78.977700 
    80.570   0.181833  81.126500   0.182498  81.043100   0.188942  80.625900   0.215103  79.628000 
    80.575   0.181976  81.665700   0.182647  81.581400   0.189162  81.165200   0.215573  80.057900 
    80.580   0.182296  81.998400   0.182986  81.912100   0.189526  81.475300   0.215964  80.376700 
    80.585   0.182263  81.381600   0.182922  81.294200   0.189254  80.868300   0.215002  79.877400 
    80.590   0.181921  80.060800   0.182486  79.929100   0.188341  79.610600   0.212532  78.975800 
    80.595   0.181591  78.684700   0.182089  78.589300   0.187349  78.394000   0.209834  78.029200 
    80.600   0.181237  77.682800   0.181698  77.635000   0.186567  77.519700   0.207864  77.345600 
    80.605   0.181295  77.541300   0.181754  77.488300   0.186638  77.362200   0.207946  77.167200 
    80.610   0.182149  78.445900   0.182645  78.347700   0.187923  78.124100   0.210148  77.633900 
    80.615   0.181704  79.434200   0.182314  79.241900   0.188267  78.763800   0.211885  77.785000 
    80.620   0.171505  73.551800   0.172150  73.441700   0.178110  72.843300   0.201116  71.654600 
    80.625   0.170997  73.032900   0.171641  72.915900   0.177651  72.333300   0.201244  71.165700 
    80.630   0.184050  81.019400   0.184725  80.899300   0.191086  80.390100   0.216471  79.357700 
    80.635   0.187962  81.957800   0.188525  81.896900   0.194107  81.606900   0.217494  81.018700 
    80.640   0.186992  78.381900   0.187364  78.336100   0.191578  78.346200   0.210868  78.587500 
    80.645   0.186171  75.971200   0.186439  75.889800   0.189893  76.022000   0.206684  76.611300 
    80.650   0.185541  75.280400   0.185818  75.232400   0.189268  75.335200   0.205789  75.838900 
    80.655   0.185383  75.283900   0.185657  75.243000   0.189142  75.345400   0.205870  75.825200 
    80.660   0.185288  76.913700   0.185645  76.829400   0.189853  76.770900   0.208551  76.821800 
    80.665   0.185151  79.190200   0.185674  79.121400   0.190951  78.782900   0.212502  78.143400 
    80.670   0.185060  80.123900   0.185632  80.054100   0.191303  79.614900   0.213984  78.780700 
    80.675   0.185101  80.078200   0.185653  80.010600   0.191200  79.639000   0.213688  78.904200 
    80.680   0.185242  79.528000   0.185746  79.454200   0.190974  79.174000   0.212563  78.565400 
    80.685   0.184895  77.943300   0.185347  77.892200   0.190008  77.695800   0.209889  77.420700 
    80.690   0.184543  76.254600   0.184890  76.170200   0.188900  76.116200   0.206853  76.180900 
    80.695   0.184447  75.471600   0.184773  75.371900   0.188485  75.393200   0.205551  75.587100 
    80.700   0.184298  75.536700   0.184635  75.490200   0.188479  75.395600   0.205557  75.488600 
    80.705   0.183753  76.031900   0.184134  75.966800   0.188293  75.775400   0.205966  75.627300 
    80.710   0.183210  76.185800   0.183595  76.120300   0.187857  75.928200   0.205645  75.675300 
    80.715   0.182947  75.685200   0.183316  75.635000   0.187343  75.465200   0.204618  75.337200 
    80.720   0.182873  75.280400   0.183234  75.201000   0.187110  75.073800   0.203958  75.014000 
    80.725   0.183042  75.155800   0.183383  75.113300   0.187209  74.948400   0.203634  74.931400 
    80.730   0.183160  74.982600   0.183494  74.926600   0.187217  74.780900   0.203273  74.797400 
    80.735   0.183375  74.663100   0.183676  74.614600   0.187259  74.490900   0.202874  74.564000 
    80.740   0.183946  74.294900   0.184223  74.246000   0.187574  74.181300   0.202445  74.410600 
    80.745   0.184233  74.130500   0.184489  74.087300   0.187719  74.079000   0.202295  74.410400 
    80.750   0.184159  74.809400   0.184461  74.748500   0.187844  74.676100   0.202812  74.898300 
    80.755   0.184661  75.620400   0.184948  75.505800   0.188415  75.465900   0.203762  75.706400 
    80.760   0.185443  76.302300   0.185707  76.213400   0.189052  76.200900   0.204503  76.574100 
    80.765   0.185677  77.475400   0.186013  77.444700   0.189620  77.404000   0.206180  77.669800 
    80.770   0.185530  79.365600   0.185954  79.305900   0.190238  79.107700   0.208566  79.141600 
    80.775   0.185301  80.899500   0.185785  80.814400   0.190542  80.538700   0.210313  80.219800 
    80.780   0.185213  81.694200   0.185702  81.624000   0.190545  81.373100   0.210905  81.027900 
    80.785   0.185136  82.127600   0.185622  82.072000   0.190474  81.833500   0.210910  81.545400 
    80.790   0.184858  81.991900   0.185333  81.926500   0.190067  81.717500   0.210201  81.524300 
    80.795   0.184791  81.197900   0.185193  81.182200   0.189445  81.131800   0.208627  81.274200 
    80.800   0.184715  81.690100   0.185117  81.648400   0.189447  81.591600   0.208837  81.723800 
    80.805   0.184275  83.106400   0.184768  83.032100   0.189670  82.798300   0.210374  82.540100 
    80.810   0.183858  83.563700   0.184378  83.476800   0.189469  83.191000   0.210796  82.844500 
    80.815   0.183485  83.513800   0.184001  83.446500   0.189109  83.194400   0.210512  82.791500 
    80.820   0.182640  83.079200   0.183142  83.039200   0.188294  82.715000   0.209547  82.259800 
    80.825   0.181205  82.204900   0.181723  82.131200   0.186901  81.761800   0.207857  81.191600 
    80.830   0.179431  81.050200   0.179953  80.921200   0.184982  80.544200   0.205136  79.887400 
    80.835   0.176786  79.233700   0.177271  79.133900   0.182023  78.697100   0.200574  78.203800 
    80.840   0.172236  76.409000   0.172664  76.303200   0.176702  75.874300   0.192347  75.614800 
    80.845   0.160981  70.044500   0.161187  69.971800   0.163575  69.844600   0.174157  70.426000 
    80.850   0.128107  48.554600   0.128052  48.579200   0.128582  48.932500   0.133692  50.209000 
