NEEM-EDC_EDC
312.765
320.949
338.556
344.807
349.927
352.845
357.038
370.087
371.943
384.131
387.279
388.03
388.708
389.357
393.008
400.284
404.1392063126317
417.1
421.883
423.062
427.105
433.2355505766063
451.532
471.28
475.01722197170966
478.86775318871827
486.1
492.5
502.75
526.45
528.28
553.1
553.32
561.376
564.41
568.22
569.95
586.28
588.0
593.45
613.2
626.54
632.28
636.42
644.76
661.85
666.38
667.8
671.93
677.14
679.52
689.12
691.11
699.02
701.27
702.592
704.155
710.0
718.95
723.22
723.82
726.31
737.48
748.08
748.96
750.33
754.28
759.56
766.15
773.55
775.02
775.9
777.48
777.65
780.58
785.82
789.4
790.56
791.88
798.503
802.85
815.27
826.0
828.55
841.62
848.95
856.76
859.49
876.66
880.53
893.62
895.59
897.7
906.82
910.2
915.695
923.37
927.11
939.54
944.59
946.097
956.34
975.658
982.19
990.38
992.95
1006.668
1013.72
1019.41
1027.86
1031.04
1038.55
1043.957
1057.974
1063.95
1070.2
1071.194
1078.96
1079.72
1082.29
1092.32
1097.96
1102.911
1113.0
1118.45
1120.9
1134.95
1140.57
1152.77
1163.2
1173.03
1176.06
1178.96
1205.68
1211.41
1237.99
1246.75
1254.6
1260.86
1262.49
1271.19
1311.44
1314.14
1318.1
1342.71
1369.77
1371.1
1377.0
1391.99
1402.62
1404.33
1411.92
1434.12
1452.36
1455.97
