NEEM-NG2_NEEM
19.839
23.419
31.277
35.368
40.108
41.844
42.794
56.239
57.362
59.804
61.163
63.383
64.346
65.441
67.109
67.308
68.058
69.693
72.424
74.9
76.4
81.783
84.747
88.381
92.583
96.25
100.886
101.991
102.966
103.154
105.85
106.764
108.831
110.658
112.453
114.465
118.297
123.966
124.798
130.082
132.966
137.355
140.923
142.589
142.781
147.175
151.398
155.073
157.503
160.495
161.864
164.3
164.703
165.339
166.032
166.25
168.019
172.593
176.632
177.029
177.556
178.5
179.315
182.946
184.907
186.829
188.885
192.965
193.166
199.122
201.179
204.21
209.652
210.102
210.353
214.021
214.88
219.182
220.952
228.0
230.127
230.43
231.65
231.82
233.898
236.409
237.7
238.646
240.3
240.45
240.7
244.223
245.004
245.643
247.003
248.3
250.512
252.308
255.536
255.635
256.405
260.956
263.261
263.889
271.553
275.849
278.6
280.858
283.099
285.507
286.715
287.278
293.0
298.77
301.6
307.562
308.488
309.449
318.4
319.77
321.6
323.049
323.231
324.95
326.784
329.368
339.6
340.25
342.514
346.194
347.255
347.5
350.413
353.865
356.401
358.36
358.931
367.826
371.518
372.4
373.286
377.1
377.322
380.171
383.4
386.973
390.329
394.7
396.245
396.399
401.389
408.505
410.2
413.434
418.192
420.269
422.167
431.243
432.35
433.85
434.271
442.287
446.931
449.567
451.296
453.664
455.858
460.429
464.037
468.821
470.78
473.917
482.21
482.805
485.122
488.608
492.466
495.1
495.885
498.8
499.527
499.8
501.045
502.388
508.093
512.738
513.673
515.903
520.2
521.062
522.259
524.706
524.924
525.2
526.103
530.411
531.351
531.936
534.853
536.038
536.309
536.8735
538.647
538.945
541.0
543.644
546.652
547.918
556.557
557.558
561.157
564.383
564.933
569.298
569.639
570.341
578.941
582.142
582.629
583.947
585.811
587.815
589.554
590.078
596.462
597.834
604.195
608.757
610.149
614.4
615.529
616.565
617.72
623.369
624.99
626.0
626.463
627.278
627.717
628.283
631.6
633.377
633.65
635.7
635.862
636.08
637.1
639.606
642.971
644.58
648.202
649.586
649.83
650.734
651.2
651.571
654.961
657.2
659.335
662.1
664.072
664.75
668.302
670.486
671.57
672.262
673.509
679.093
681.456
682.758
683.388
683.816
686.234
689.07
689.829
690.426
696.149
696.785
699.419
700.216
700.616
702.921
704.412
710.648
711.332
716.443
722.02
725.792
1319.628
1319.744
1320.476
1320.66
1323.033
1323.717
1324.965
1325.26
1331.321
1331.75
1335.126
1335.484
1335.624
1335.836
1336.064
1336.204
1336.398
1336.894
1337.338
1337.584
1337.692
1337.904
1338.653
1339.017
1339.995
1340.137
1340.313
1340.417
1340.83
1341.635
1342.284
1343.295
1344.688
1345.798
1346.03
1346.274
1347.632
1348.454
1348.853
1349.215
1349.496
1350.371
1351.046
1351.272
1351.604
1352.425
1356.031
1356.454
1356.746
1357.207
1358.338
1359.247
1359.594
1359.892
1360.317
1361.435
1361.892
1362.263
1362.531
1363.044
1363.775
1364.314
1365.532
1366.34
1366.737
1367.928
1369.36
1370.0215
1371.228
1371.525
1371.883
1372.081
1373.493
1374.776
1375.133
1375.364
1376.391
1376.643
1377.161
1377.783
1377.994
1378.12
1378.254
1378.644
1378.992
1380.256
1381.49
1383.521
1384.65
1385.452
1386.119
1386.343
1387.621
1388.051
1388.185
1388.475
1389.166
1389.656
1389.971
1393.937
1395.22
1395.718
1396.087
1396.432
1396.637
1396.775
1397.703
1399.949
1400.413
1400.619
1401.014
1401.354
1402.053
1402.542
1402.894
1403.264
1403.646
1404.221
1404.648
1405.19
1405.375
1406.353
1406.793
1407.38
1407.995
1409.046
1409.155
1409.979
1410.133
1410.2925
1411.354
1411.554
1411.797
1412.173
1412.844
1413.226
1413.671
1413.866
1413.995
1414.144
1414.274
1415.369
1415.732
1416.058
1416.423
1416.7
1417.755
1418.015
1418.955
1419.283
1424.879
1425.019
1425.757
1426.493
1427.485
1429.077
1429.744
1430.5615
1433.066
1433.699
1434.143
1436.885
1438.239
1441.416
1443.167
1444.03
1444.996
1446.08
1447.0565
1447.908
1448.133
1448.461
1448.918
1451.339
1452.0225
1452.824
1453.754
1454.079
1454.295
1459.162
1460.323
1461.542
1462.369
1462.505
1463.012
1463.372
1464.529
1465.056
1465.417
1466.167
1466.733
1467.486
1468.581
1469.235
1469.627
1470.327
1471.357
1472.502
1473.164
1473.438
1474.092
1474.699
1475.199
1475.904
1476.291
1476.759
1477.379
1477.622
1478.363
1479.913
1480.243
1480.675
1481.053
1481.585
1482.473
1483.782
1484.048
1484.419
1484.676
1486.093
1486.219
1486.532
1487.549
1487.784
1488.324
1489.4795
1489.864
1490.3475
1490.855
1491.953
1493.3015
1497.556
1502.311
1504.411
1510.674
1525.84
1528.84
1532.52
1535.29
1539.73
1548.03
1550.3
1561.195
1585.4
1587.2
1594.581
1594.865
1595.235
1595.486
1599.343
1602.18
1610.2
1610.381
1610.531
1610.667
1617.105
1619.6355
1622.85
1624.3
1633.372
1639.754
1641.23
1642.78
1647.55
1648.825
1652.572
1653.23
1656.475
1661.59
1664.9
1665.98
1677.55
1678.65
1683.32
1683.588
1686.016
1688.404
1688.828
1689.297
1696.18
1699.36
1700.411
1700.922
1701.975
1702.275
1708.425
1712.0525
1713.693
1714.444
1715.236
1716.674
1717.112
1717.8625
1718.165
1719.26
1721.038
1721.246
1724.05
1728.47
1730.51
1736.885
1740.05
1740.452
1741.557
1742.04
1742.65
1742.9
1743.689
1744.201
1745.56
1746.942
1748.836
1749.5745
1750.226
1750.616
1751.999
1754.19
1755.201
1757.3
1759.0
1759.75
1760.4
1764.63
1766.64
1771.08
1774.308
1774.766
1776.229
1777.73
1784.44
1785.586
1786.477
1786.9165
1788.287
1788.945
1790.006
1792.565
1796.12
1796.74
1797.81
1798.789
1801.805
1804.199
1806.999
1809.581
1812.9
1818.484
1819.122
1819.875
1820.59
1821.96
1822.1215
1823.456
1824.74
1828.209
1829.657
1831.301
1832.472
1832.762
1833.4975
1834.824
1835.199
1836.231
1837.223
1837.845
1841.923
1843.675
1844.46
1845.047
1847.19
1849.1
1850.83
1854.62
1857.01
1861.902
1863.1745
1864.502
1865.65
1875.893
1876.387
1881.208
1882.701
1884.954
1886.419
1887.196
1889.521
1891.996
1896.1
1897.905
1901.787
1903.363
1904.191
1905.58
1905.951
1907.999
1908.97
1911.415
1917.585
1918.79
1919.82
1921.21
1923.497
1923.949
1927.3
1929.8
1932.969
1933.3695
1938.82
1940.055
1941.2605
1944.938
1948.9
1950.272
1952.0
1952.65
1956.91
1965.61
1969.0
1972.8
1974.18
1975.015
1975.467
1981.01
1984.52
1986.25
1987.28
1990.89
1992.32
1992.516
1995.66
1996.239
1996.625
1997.782
1998.45
2004.834
2006.134
2009.768
2011.98
2012.38
2015.15
2015.44
2016.979
2017.771
2018.221
2019.954
2021.573
2022.73
2022.788
2025.747
2026.18
2029.18
2033.15
2035.74
2036.574
2037.425
2038.637
2038.93
2041.203
2042.529
2043.887
2046.003
2049.387
2051.047
2052.981
2054.704
2057.002
2058.061
2059.712
2061.293
2063.43
2064.747
2066.076
2067.966
2069.053
2069.7
2071.5395
2072.468
2073.3065
2074.684
2080.796
2082.44
2084.04
2085.164
2085.822
2087.698
2088.2
2089.95
2103.14
2109.7
2111.403
2113.119
2115.45
2116.278
2118.662
2120.973
2124.132
2125.663
2126.88
2127.786
2128.87
2134.71
2134.9
2142.536
2155.413
2161.03
2162.12
2162.128
2163.48
2166.449
2171.4
2179.96
2180.45
2182.09
2186.295
2186.788
2188.48
2188.66
2188.82
2190.3
2191.672
2192.549
2194.874
2195.391
2195.63
2197.627
2198.258
2198.88
2199.46
2202.028
2202.596
2203.597
2205.575
2206.03
