DF-EDC_EDC
12.11
12.55
19.55
21.09
22.03
22.89
29.59
36.87
37.19
37.41
37.91
39.05
60.21
63.53
65.15
68.95
73.43
74.65
75.65
76.71
77.87
87.39
96.85
99.73
119.49
121.99
125.01
130.53
133.56
140.02
141.28
151.32
156.56
159.96
169.26
174.5
185.82
189.66
190.08
198.54
208.54
209.74
212.94
213.82
215.78
218.8
232.56
234.26
243.12
249.1
251.24
259.32
260.54
263.02
264.0
270.38
276.98
283.04
283.52
289.98
302.36
303.52
304.28
305.52
306.36
308.48
310.94
312.7325
313.64
317.3
318.58
320.9345
321.94
322.39
325.14
338.538
339.26
342.36
342.66
343.58
344.76
344.807
348.54
349.9235
350.62
352.8325
370.087
371.9315
372.1
379.32
384.1255
385.16
385.9
387.2695
388.015
388.708
389.3585
390.24
391.28
392.984
397.78
398.24
400.272
401.96
402.48
404.1196
405.36
407.6
415.38
416.34
417.04
421.883
423.062
424.1
424.86
425.1
425.9
426.38
427.1125
431.12
431.94
438.08
438.9
439.2
439.58
450.54
451.516
453.99
460.42
463.53
473.69709690197794
478.9139
481.48
486.09
492.5
494.64
499.1945
502.75
514.7162
517.6
521.18
526.45
533.86
535.54
540.14
540.32
541.38
541.95651
542.14
544.78
546.38
547.32
553.1
553.32
557.64
559.7
560.03
561.348
562.58
564.395
565.16
567.46
567.86
568.22
569.915
571.2
571.93
576.08
579.0
578.92
579.34
580.58
583.96
586.28
593.45
598.86
606.995
613.18
615.78
616.04
626.53
632.28
636.41
637.44
644.76
645.2
645.91
660.06
660.78
661.85
661.84
666.35
668.68
671.025
671.56
671.86
673.1963
673.7
674.77
675.12
675.4
676.62
677.16
677.88
679.55
682.96
684.16
685.6
686.23
689.1
689.34
690.88
691.115
691.3
692.8
693.74
694.74
698.66
699.02
700.62
700.82
701.245
704.1475
705.46
705.7
706.9
708.36
708.68
713.0
718.95
718.64
720.4899999999999
723.22
726.31
733.02
737.48
739.12
748.08
748.96
750.33
754.28
759.56
762.22
763.255
763.64
764.94
772.8
775.02
777.635
780.57
784.74
785.89
787.14
787.56
789.42
790.56
791.87
793.28
795.7
796.58
798.4815
801.18
802.855
803.44
803.84
804.4
805.16
805.58
806.1
806.5
807.74
808.66
809.52
809.78
814.94
815.265
815.4
816.44
825.98
827.94
828.545
829.32
834.86
837.55
841.6
847.54
847.9
848.28
848.95
848.72
849.22
856.75
857.86
859.475
859.66
860.34
862.48
862.72
863.14
864.06
864.4
864.76
865.06
866.14
866.66
867.4
868.18
868.92
869.56
869.74
870.84
871.415
874.2
875.56
876.65
877.38
879.72
880.535
882.275
883.0
884.12
884.54
886.62
889.3
890.36
890.78
891.33
891.6
892.06
893.6
894.3
895.575
897.7
898.94
900.89
901.16
902.34
904.98
905.9
906.81
907.8
910.2
913.04
913.24
913.915
914.16
914.42
915.12
915.7075
916.7
918.0
918.96
919.16
920.34
920.96
922.54
923.72
925.14
925.72
927.105
927.98
928.4
929.0
929.2
931.65
933.14
933.76
936.86
939.53
940.14
940.74
941.29
943.86
944.585
945.36
946.0885
946.78
947.08
948.68
949.1
949.62
949.86
951.3
951.98
952.6
953.02
954.14
954.8
954.92
955.24
956.35
956.92
957.5
957.66
958.66
959.9
960.68
960.96
961.2
961.98
962.54
962.7
963.98
964.3
964.44
965.18
965.58
965.86
966.08
966.26
966.74
967.26
968.08
968.8
969.18
970.62
971.44
974.06
974.44
975.669
975.96
976.18
976.52
976.94
1000.658
1004.86
1005.96
1006.664
1013.71
1019.405
1022.12
1026.7705
1029.28
1030.08
1031.52
1033.14
1038.55
1041.9
1041.38
1042.318
1041.9
1046.085
1055.413
1057.974
1063.95
1064.67
1068.28
1068.56
1068.78
1070.2
1070.39
1070.88
1071.187
1072.26
1072.46
1073.38
1074.16
1074.54
1078.64
1078.95
1079.71
1079.98
1081.265
1082.275
1082.48
1084.14
1084.38
1084.72
1085.14
1085.46
1086.16
1087.0
1087.66
1087.925
1088.22
1089.54
1091.6
1091.76
1091.98
1092.29
1092.83
1094.36
1095.44
1095.78
1096.34
1097.44
1097.95
1098.62
1099.5
1099.72
1100.48
1101.16
1101.32
1101.7
1102.9055
1104.78
1105.2075
1107.74
1108.38
1108.96
1109.18
1109.42
1109.79
1109.96
1113.0
1113.42
1114.74
1116.87
1117.32
1117.78
1118.04
1118.3
1118.435
1118.64
1119.72
1120.28
1120.9
1124.945
1126.52
1126.78
1130.26
1130.6
1131.24
1131.4
1132.1
1132.4
1132.72
1133.42
1133.74
1134.74
1134.935
1135.62
1136.32
1137.66
1138.34
1139.24
1139.52
1140.1
1140.555
1140.96
1141.34
1141.58
1142.22
1142.54
1143.2
1143.64
1143.96
1144.18
1144.61
1144.94
1145.18
1145.46
1146.18
1146.36
1146.76
1147.08
1147.74
1148.28
1148.88
1150.56
1151.38
1151.7
1152.48
1152.745
1153.18
1155.78
1156.14
1156.34
1156.89
1157.66
1158.06
1158.34
1158.7
1159.18
1160.62
1161.1
1161.6
1163.19
1165.38
1165.68
1167.46
1168.16
1168.8
1169.1
1170.04
1170.3
1171.42
1171.8
1172.18
1172.6
1173.025
1173.6
1173.84
1174.52
1176.08
1178.96
1180.5
1182.06
1182.4
1184.36
1187.96
1188.46
1191.62
1192.18
1199.43
1199.94
1202.02
1202.915
1203.74
1204.3
1204.54
1204.86
1205.68
1206.04
1206.56
1206.82
1207.06
1208.9
1210.1
1210.7
1211.02
1211.78
1213.42
1214.22
1214.59
1215.14
1215.58
1215.74
1216.44
1216.76
1221.7
1222.34
1222.66
1222.98
1223.76
1224.1
1224.82
1227.64
1228.08
1228.66
1232.61
1233.06
1238.72
1239.08
1239.56
1250.38
1250.6
1252.54
1253.38
1253.68
1254.16
1254.58
1255.46
1255.84
1260.46
1260.87
1261.6
1262.26
1262.485
1262.84
1263.9
1267.425
1270.26
1271.195
1272.26
1273.04
1277.38
1278.2
1278.58
1279.145
1280.96
1281.14
1282.06
1284.22
1285.4
1285.89
1286.86
1288.12
1289.02
1290.44
1291.59
1292.8
1293.56
1294.26
1294.44
1295.14
1296.7
1300.76
1301.34
1301.76
1301.98
1303.14
1303.28
1303.54
1304.96
1305.4
1305.86
1306.52
1307.24
1307.66
1309.18
1310.98
1311.44
1312.36
1312.98
1313.32
1314.14
1314.36
1316.29
1317.14
1317.84
1318.09
1318.3
1318.8
1319.36
1320.28
1324.24
1325.7
1326.18
1328.8
1329.46
1330.22
1330.82
1331.42
1332.24
1332.48
1333.12
1334.1
1334.44
1334.7
1334.94
1335.32
1335.64
1336.14
1336.68
1337.18
1338.3
1338.6
1339.2
1339.72
1342.06
1342.54
1342.715
1343.06
1343.54
1344.22
1345.42
1346.18
1348.52
1349.14
1349.66
1350.14
1350.58
1350.84
1351.02
1351.205
1351.58
1351.88
1352.36
1352.78
1353.22
1353.4
1357.78
1360.24
1360.62
1364.46
1365.22
1365.74
1366.14
1366.36
1366.76
1367.04
1368.06
1368.64
1369.755
1371.08
1371.34
1371.92
1372.1
1372.8
1372.9
1373.27
1373.9
1375.44
1375.8
1376.34
1377.0
1377.38
1378.44
1378.56
1379.1
1379.86
1380.6
1381.14
1381.56
1382.68
1383.14
1384.32
1385.1
1385.48
1386.24
1386.38
1386.88
1387.86
1388.36
1388.9033
1389.32
1393.88
1394.145
1395.46
1396.14
1396.36
1397.745
1398.38
1398.6
1400.14
1400.54
1400.92
1402.62
1403.14
1403.76
1404.335
1406.2
1406.46
1407.3
1411.06
1411.22
1411.52
1411.91
1412.2
1412.58
1412.86
1413.28
1413.82
1414.56
1415.9
1416.16
1417.5
1417.805
1418.06
1418.66
1419.08
1419.44
1421.68
1422.56
1425.1
1426.86
1427.38
1427.72
1429.105
1429.28
1430.12
1430.34
1431.68
1432.02
1432.48
1433.14
1434.1
1434.86
1435.22
1437.58
1438.16
1439.865
1440.28
1440.84
1442.4
1442.78
1443.16
1443.4
1443.8
1444.06
1446.34
1447.7
1447.92
1448.16
1448.38
1449.06
1449.1
1449.4
1450.64
1450.8
1451.02
1451.48
1451.92
1452.36
1453.4
1453.78
1454.06
1454.38
1454.66
1455.8
1455.965
1456.58
1456.8
1457.16
1457.66
1458.06
1458.78
1459.7
1460.1
1460.32
1460.52
1460.82
1461.14
1461.26
1463.32
1463.78
1464.46
1465.06
1465.6
1466.04
1466.26
1466.92
1467.12
1467.32
1469.52
1470.4
1470.5
1471.38
1471.64
1473.08
1473.96
1474.52
1475.24
1476.24
1476.54
1477.06
1477.36
1477.74
1478.56
1479.14
1479.28
1479.56
1480.04
1480.96
1481.16
1481.82
1482.26
1482.64
1482.8
1483.12
1483.66
1483.92
1484.64
1485.36
1485.84
1486.22
1486.54
1487.66
1488.98
1489.18
1489.56
1489.86
1490.34
1490.8
1491.16
1492.5
1493.52
1493.96
1494.24
1494.58
1495.26
1495.48
1495.92
1496.82
1497.24
1497.68
1498.5
1498.98
1499.2
1499.46
1499.86
1500.36
1500.74
1501.36
1502.46
1502.6
1503.02
1504.52
1505.62
1505.98
1506.26
1508.36
1508.74
1509.2
1509.52
1510.1
1510.6
1510.83
1511.14
1511.52
1512.52
1512.74
1513.06
1513.84
1514.2
1514.5
1515.0
1515.28
1516.36
1516.82
1517.16
1518.84
1520.32
1520.66
1521.16
1521.67
1523.3
1523.58
1524.0
1524.62
1525.74
1526.38
1528.86
1529.2
1530.92
1532.44
1532.74
1533.08
1533.6
1533.88
1535.12
1538.6
1538.74
1539.58
1540.78
1542.38
1545.96
1546.52
1549.32
1550.16
1551.48
1552.16
1553.12
1553.8
1554.62
1555.44
1558.5
1558.9
1559.54
1560.4
1562.6
1562.98
1564.06
1564.68
1565.06
1565.82
1566.92
1567.18
1572.2
1572.64
1572.86
1574.7
1577.96
1580.28
1580.76
1581.1
1584.8
1585.36
1587.14
1588.12
1589.62
1589.96
1591.14
1592.58
1595.8
1597.32
1598.86
1598.98
1599.94
1600.94
1602.06
1602.84
1603.6
1604.1
1605.58
1607.18
1609.44
1609.88
1610.12
1612.4
1614.72
1615.4
1615.64
1616.16
1616.38
1616.78
1617.12
1620.56
1621.96
1624.3
1625.52
1626.46
1630.56
1631.14
1631.62
1631.98
1634.76
1635.66
1637.08
1637.7
1639.12
1639.66
1640.24
1641.0
1643.36
1649.2
1652.76
1653.42
1654.1
1655.24
1657.3
1658.88
1660.64
1662.46
1662.84
1663.58
1667.14
1675.98
1678.02
1678.88
1679.34
1679.88
1680.6
1681.9
1682.16
1682.52
1683.94
1685.04
1685.42
1686.8
1687.28
1688.14
1688.86
1689.14
1690.34
1690.84
1691.96
1692.54
1696.66
1697.0
1699.56
1700.18
1700.52
1701.16
1702.58
1704.3
1704.64
1705.48
1707.36
1708.48
1708.9
1709.12
1711.06
1711.82
1712.68
1716.84
1718.22
1719.7
1720.74
1721.14
1722.18
1723.86
1724.28
1724.96
1725.58
1725.86
1726.84
1727.02
1728.74
1729.6
1730.64
1731.76
1732.54
1732.96
1734.62
1734.94
1735.52
1735.94
1736.54
1737.96
1738.2
1738.46
1738.94
1740.36
1740.94
1741.26
1742.04
1742.18
1742.4
1745.06
1745.26
1745.88
1746.34
1747.7
1748.06
1748.48
1750.42
1751.64
1753.52
1754.34
1755.24
1755.72
1756.14
1756.88
1757.28
1757.48
1759.04
1759.72
1760.32
1760.52
1761.22
1762.12
1767.38
1768.96
1769.3
1772.88
1774.02
1774.36
1777.38
1779.28
1780.4
1780.6
1781.58
1782.6
1782.82
1783.88
1786.52
1810.34
1812.86
1813.32
1821.66
1825.08
1832.94
1834.5
1834.88
1837.76
1842.82
1844.64
1846.26
1846.84
1847.66
1870.02
1878.06
1881.24
1882.8
1884.4
1891.74
1892.68
1894.22
1895.02
1895.24
1895.62
1897.72
1898.26
1901.12
1904.56
1905.68
1906.4
1906.76
1907.16
1915.86
1918.58
1920.4
1921.44
1922.12
1924.44
1926.2
1926.94
1927.4
1927.78
1929.07
1930.03
1930.85
1931.26
1931.82
1932.18
1932.5
1932.84
1933.41
1933.73
1934.57
1934.96
1935.34
1935.72
1936.18
1938.22
1938.42
1938.82
1939.16
1939.5
1940.82
1942.24
1942.68
1943.0
1943.52
1944.5
1945.94
1946.88
1949.42
1950.4
1950.64
1951.98
1952.76
1953.78
1955.54
1958.38
1958.62
1959.23
1959.56
1961.1
1961.28
1963.02
1966.74
1968.06
1969.72
1973.46
1973.98
1975.62
1975.94
1976.44
1976.78
1977.46
1978.16
1978.64
1980.88
1981.34
1984.28
1985.82
1987.0
1989.56
2018.5
2019.4
2019.74
2020.18
2020.98
2021.62
2022.56
2022.76
2023.3
2023.94
2024.34
2025.38
2025.94
2026.0
2026.22
2026.38
2026.6
2027.06
2027.38
2027.62
2028.62
2029.1
2029.52
2031.02
2033.21
2033.56
2035.76
2036.2
2037.28
2037.9
2040.2
2041.5
2042.36
2042.78
2043.5
2043.98
2044.16
2044.8
2045.44
2047.52
2048.96
2049.16
2050.54
2051.88
2052.3
2057.62
2057.96
2059.6
2060.28
2060.58
2061.26
2062.5
2063.66
2064.36
2067.66
2068.3
2068.46
2069.56
2077.3
2078.28
2080.94
2081.34
2086.8
2091.8
2093.46
2094.58
2097.04
2097.4
2098.62
2098.9
2099.56
2100.6
2101.02
2101.8
2103.66
2104.16
2104.72
2105.2
2108.06
2108.36
2108.66
2112.02
2112.48
2112.98
2113.38
2113.8
2116.98
2117.32
2117.74
2119.28
2120.74
2121.06
2121.76
2122.56
2124.42
2125.62
2126.92
2127.42
2127.88
2132.3
2133.08
2133.52
2135.26
2137.24
2137.8
2161.98
2163.18
2163.64
2164.54
2170.34
