GISP2-NG1_GISP2
33.047
42.334
46.33
54.507
57.16
58.228
62.79
64.348
72.111
76.574
77.685
79.486
85.924
94.943
100.201
102.63
108.832
118.582
127.082
140.11
142.558
148.711
152.702
179.998
193.245
199.612
206.042
217.252
219.577
233.885
251.785
253.421
258.023
272.342
274.945
280.411
286.346
311.176
313.877
328.632
340.496
359.633
362.613
366.891
374.423
377.538
378.27
381.832
384.922
409.021
416.912
436.747
447.966
453.396
480.92
489.284
500.776
509.122
514.603
519.779
521.91
523.36
541.556
549.42
550.62
556.906
563.094
565.992
567.182
568.035
571.353
583.5
588.116
589.41
590.061
597.648
598.253
600.108
606.707
607.92
609.763
611.597
675.338
693.989
694.702
716.994
738.559
739.247
759.111
762.935
766.877
774.522
778.824
781.864
807.156
811.506
818.757
819.071
828.459
875.957
877.297
925.426
925.913
935.751
937.995
943.417
977.716
1013.66
1058.252
1105.374
1108.135
1108.665
1118.097
1119.683
1122.511
1126.021
1129.793
1174.004
1178.63
1193.516
1197.419
1201.505
1206.516
1218.898
1239.98
1253.976
1269.645
1279.604
1287.552
1288.264
1300.059
1301.268
1304.509
1308.007
1313.799
1325.919
1327.328
1332.288
1333.075
1333.986
1334.455
1337.822
1346.383
1347.063
1348.414
1349.054
1349.985
1353.039
1354.018
1355.173
1357.814
1359.089
1360.855
1362.615
1363.823
1364.673
1371.746
1373.681
1374.327
1381.001
1383.44
1383.834
1384.688
1386.07
1386.957
1389.858
1390.201
1390.387
1391.15
1392.612
1394.385
1399.186
1401.443
1402.579
1403.436
1404.456
1405.649
1406.334
1406.932
1407.136
1409.04
1410.037
1413.178
1413.664
1421.933
1422.372
1422.567
1423.236
1425.117
1426.9
1427.297
1428.082
1428.872
1429.732
1432.114
1433.155
1434.087
1434.436
1435.504
1437.028
1438.105
1438.504
1439.689
1440.503
1441.016
1441.585
1443.503
1444.271
1444.668
1445.479
1446.221
1446.604
1447.561
1449.42
1450.142
1450.372
1450.855
1452.334
1454.964
1455.254
1456.943
1458.312
1459.141
1459.424
1460.873
1461.114
1462.655
1463.683
1467.599
1468.616
1469.576
1469.963
1470.83
1473.386
1474.122
1474.775
1476.479
1477.875
1478.646
1479.271
1479.532
1480.947
1482.432
1483.414
1484.509
1485.621
1485.844
1487.188
1487.455
1487.962
1492.322
1496.828
1497.41
1500.572
1500.806
1501.824
1502.445
1504.888
1507.855
1508.242
1509.189
1511.356
1512.371
1512.808
1513.13
1514.464
1514.738
1516.222
1518.048
1518.432
1518.714
1519.167
1519.851
1520.17
1523.784
1525.729
1526.143
1527.483
1527.988
1528.863
1529.859
1532.725
1533.135
1534.289
1534.843
1535.884
1538.445
1539.09
1542.035
1543.164
