#PROGRAM: dep90.pas
#PROT: N: 181
#PROT: TE: -28
#PROT: T: 99.000
#PROT: DB: 1090 78.00 # end of core
#PROT: DB: 550 78.00 # bag cut
#PROT: S: 0 1020
# depth c250k g250k c200k g200k c100k g100k c50k g50k 
    99.005   0.104692  34.072500   0.104945  34.029200   0.107885  33.991700   0.121544  33.762600 
    99.010   0.128284  52.078800   0.128758  52.022000   0.133519  51.818600   0.154181  51.269800 
    99.015   0.141290  60.635800   0.141950  60.519100   0.148136  59.990700   0.173384  58.881000 
    99.020   0.148822  65.302000   0.149548  65.176400   0.156562  64.623000   0.184609  63.088100 
    99.025   0.155466  69.134200   0.156265  69.009800   0.163631  68.471100   0.193650  66.906500 
    99.030   0.161616  72.265100   0.162405  72.138300   0.169994  71.682100   0.200922  70.126200 
    99.035   0.166983  75.398000   0.167850  75.274500   0.175908  74.708000   0.208366  72.927600 
    99.040   0.171393  77.670200   0.172304  77.504100   0.180668  76.873600   0.214018  74.908800 
    99.045   0.174666  78.320200   0.175536  78.177600   0.183817  77.519700   0.216591  75.642400 
    99.050   0.177177  76.818200   0.177958  76.722900   0.185140  76.276600   0.215155  75.032200 
    99.055   0.178768  73.564800   0.179302  73.504500   0.184938  73.440200   0.210462  73.162400 
    99.060   0.180473  72.529700   0.180949  72.487200   0.186109  72.454000   0.209706  72.368700 
    99.065   0.182319  73.612100   0.182870  73.492000   0.188467  73.278800   0.212608  72.806400 
    99.070   0.183624  72.321400   0.184094  72.215700   0.189043  72.107700   0.211148  71.962100 
    99.075   0.184272  69.720200   0.184599  69.643700   0.188510  69.815400   0.207264  70.246500 
    99.080   0.184587  68.990500   0.184872  68.947600   0.188524  69.053200   0.206296  69.619100 
    99.085   0.185141  70.372100   0.185506  70.293000   0.189676  70.292200   0.208805  70.506500 
    99.090   0.185799  71.462900   0.186207  71.381800   0.190663  71.328200   0.210725  71.402200 
    99.095   0.186467  71.565700   0.186824  71.488400   0.191001  71.524700   0.210761  71.840300 
    99.100   0.187253  72.375200   0.187598  72.327500   0.191659  72.474200   0.211708  72.968400 
    99.105   0.188103  75.477300   0.188536  75.424600   0.193439  75.463000   0.216528  75.590700 
    99.110   0.188575  80.060400   0.189237  79.954900   0.195864  79.645600   0.224043  78.813500 
    99.115   0.188503  83.028000   0.189326  82.883800   0.197118  82.337500   0.228682  80.796700 
    99.120   0.188350  83.690900   0.189172  83.551100   0.196970  83.077100   0.229033  81.624200 
    99.125   0.188783  84.001600   0.189540  83.899100   0.196984  83.588400   0.228559  82.473200 
    99.130   0.189360  84.664700   0.190099  84.571200   0.197410  84.301300   0.228725  83.357700 
    99.135   0.189344  84.283900   0.190043  84.203200   0.196933  84.016200   0.227203  83.382200 
    99.140   0.188831  83.288600   0.189445  83.228300   0.195759  83.211900   0.224625  82.923800 
    99.145   0.188078  83.642800   0.188722  83.569300   0.195166  83.506900   0.224233  83.140300 
    99.150   0.186554  84.698200   0.187268  84.625300   0.194330  84.335000   0.224581  83.559600 
    99.155   0.185145  85.541800   0.185889  85.399200   0.193114  85.098700   0.223503  84.217200 
    99.160   0.188384  88.755200   0.189074  88.652400   0.195955  88.481000   0.225784  87.973100 
    99.165   0.192591  91.813600   0.193302  91.768400   0.199793  91.691000   0.229224  91.507200 
    99.170   0.192382  91.594300   0.193044  91.531400   0.199257  91.528600   0.227921  91.525900 
    99.175   0.190952  91.096100   0.191554  91.020100   0.197769  91.007600   0.226014  91.013700 
    99.180   0.189624  90.563600   0.190227  90.495400   0.196384  90.443800   0.224214  90.429300 
    99.185   0.188501  89.551700   0.189066  89.480200   0.194984  89.491500   0.222102  89.619400 
    99.190   0.187629  88.765900   0.188172  88.708900   0.193978  88.724600   0.220696  88.884100 
    99.195   0.187096  88.744500   0.187706  88.675900   0.193725  88.623800   0.220940  88.588200 
    99.200   0.186802  89.152500   0.187456  89.057800   0.193918  88.869700   0.222018  88.531900 
    99.205   0.186575  89.172000   0.187266  89.099800   0.193975  88.825900   0.222661  88.269000 
    99.210   0.186457  88.774300   0.187162  88.671600   0.193972  88.365100   0.222741  87.661000 
    99.215   0.186394  88.114900   0.187114  88.003900   0.193997  87.615100   0.222485  86.788600 
    99.220   0.186157  86.688000   0.186840  86.559600   0.193472  86.164300   0.220741  85.417600 
    99.225   0.185888  84.122100   0.186472  84.022500   0.192185  83.806300   0.216732  83.546400 
    99.230   0.185743  80.617100   0.186133  80.557400   0.190461  80.626800   0.211210  81.166800 
    99.235   0.185397  77.584100   0.185685  77.561400   0.189089  77.810500   0.206951  78.854200 
    99.240   0.185161  75.940200   0.185365  75.878600   0.188428  76.212300   0.205270  77.296400 
    99.245   0.185285  77.749200   0.185646  77.710900   0.189782  77.762600   0.209244  78.111400 
    99.250   0.185502  81.608700   0.186144  81.483300   0.192342  80.914800   0.216561  79.861600 
    99.255   0.185757  82.283800   0.186506  82.120600   0.193309  81.345600   0.218658  79.906800 
    99.260   0.186144  79.161500   0.186706  79.042600   0.192275  78.562500   0.214364  77.806500 
    99.265   0.185942  72.862900   0.186163  72.826300   0.189234  72.987700   0.204703  73.716100 
    99.270   0.185850  68.525200   0.185853  68.563300   0.187361  69.045900   0.198362  70.644800 
    99.275   0.186302  69.359900   0.186355  69.452000   0.188281  69.735100   0.200013  71.020700 
    99.280   0.186833  72.048000   0.187030  72.007700   0.189852  72.146600   0.204255  72.956300 
    99.285   0.187223  74.986400   0.187532  74.874100   0.191280  74.878600   0.208608  75.166400 
    99.290   0.187319  77.914600   0.187778  77.826500   0.192647  77.583900   0.213250  77.278100 
    99.295   0.187472  79.874200   0.188018  79.778300   0.193541  79.403400   0.216219  78.779100 
    99.300   0.187819  80.591500   0.188354  80.498400   0.193907  80.184800   0.216961  79.694300 
    99.305   0.188167  80.744900   0.188688  80.645200   0.194030  80.421700   0.216957  79.953200 
    99.310   0.188592  80.728400   0.189069  80.645200   0.194263  80.466400   0.216818  80.212700 
    99.315   0.189124  80.661300   0.189594  80.586200   0.194595  80.440800   0.216792  80.346100 
    99.320   0.189710  80.621700   0.190151  80.540500   0.195004  80.461000   0.216839  80.529100 
    99.325   0.190685  81.121700   0.191109  81.051100   0.195969  81.002200   0.217945  81.124600 
    99.330   0.191950  81.941100   0.192439  81.883300   0.197336  81.847800   0.219720  81.973100 
    99.335   0.192531  82.375000   0.192972  82.313400   0.197849  82.331100   0.220353  82.521000 
    99.340   0.189367  80.878800   0.189812  80.814400   0.194685  80.828700   0.217405  81.058200 
    99.345   0.185848  79.320900   0.186344  79.238000   0.191597  79.226200   0.215495  79.330700 
    99.350   0.186358  80.298500   0.186916  80.256400   0.192605  80.182800   0.218442  79.991500 
    99.355   0.187941  82.430600   0.188544  82.370000   0.194646  82.293600   0.222293  82.031900 
    99.360   0.189336  84.750200   0.189984  84.680500   0.196543  84.575100   0.226042  84.215500 
    99.365   0.190384  86.933200   0.191073  86.850700   0.198003  86.789900   0.229333  86.333400 
    99.370   0.191276  89.395100   0.192031  89.314600   0.199451  89.223900   0.232939  88.625500 
    99.375   0.192064  92.401000   0.192957  92.332200   0.201156  92.111000   0.237430  91.113000 
    99.380   0.192462  94.600800   0.193370  94.489000   0.202231  94.222800   0.240617  92.975100 
    99.385   0.192860  96.018800   0.193790  95.922300   0.202854  95.766800   0.242361  94.448400 
    99.390   0.193368  97.398400   0.194306  97.311700   0.203503  97.137700   0.243941  95.900300 
    99.395   0.193795  98.551500   0.194756  98.476800   0.204094  98.332000   0.245367  97.109600 
    99.400   0.194269  99.647500   0.195238  99.580100   0.204707  99.431800   0.246680  98.194200 
    99.405   0.194731 100.227000   0.195738 100.156000   0.205127 100.075000   0.247292  98.946300 
    99.410   0.194950 100.634000   0.195873 100.559000   0.205291 100.507000   0.247696  99.403000 
    99.415   0.195269 101.889000   0.196262 101.798000   0.206122 101.642000   0.249698 100.242000 
    99.420   0.195692 103.386000   0.196772 103.297000   0.207240 102.957000   0.252104 101.160000 
    99.425   0.195955 104.006000   0.197089 103.881000   0.207764 103.471000   0.253008 101.517000 
    99.430   0.196047 103.286000   0.197133 103.165000   0.207476 102.804000   0.251701 100.995000 
    99.435   0.196129 101.779000   0.197141 101.698000   0.206916 101.416000   0.249100  99.925900 
    99.440   0.196090  99.313600   0.196963  99.244700   0.205809  99.087200   0.244970  98.110300 
    99.445   0.196161  95.771500   0.196879  95.706700   0.204236  95.970400   0.238925  95.793900 
    99.450   0.196240  93.006200   0.196810  93.000200   0.203076  93.335500   0.234362  93.850700 
    99.455   0.196284  91.671600   0.196794  91.633900   0.202644  91.995400   0.232142  92.685500 
    99.460   0.196180  90.883000   0.196672  90.870700   0.202311  91.228300   0.230842  92.009600 
    99.465   0.196100  91.522900   0.196627  91.492100   0.202654  91.727300   0.232028  92.260900 
    99.470   0.196163  93.234500   0.196800  93.184300   0.203566  93.263500   0.234956  93.319900 
    99.475   0.196215  94.641000   0.196909  94.555100   0.204170  94.578800   0.237146  94.351000 
    99.480   0.195980  95.442400   0.196731  95.384700   0.204251  95.411700   0.238239  94.974700 
    99.485   0.195809  95.910100   0.196571  95.863800   0.204184  95.917000   0.238761  95.477600 
    99.490   0.195719  96.147400   0.196439  96.118400   0.204030  96.220800   0.238997  95.880000 
    99.495   0.195520  96.647500   0.196277  96.586900   0.204070  96.589300   0.239895  96.237900 
    99.500   0.195311  97.228300   0.196101  97.167600   0.204108  97.182400   0.240882  96.704300 
    99.505   0.195615  97.949800   0.196411  97.912900   0.204511  97.973100   0.241974  97.552200 
    99.510   0.195418  98.095100   0.196206  98.041200   0.204453  98.153900   0.242773  97.712900 
    99.515   0.193713  96.791900   0.194551  96.744700   0.203143  96.761600   0.242557  96.066600 
    99.520   0.192077  96.059800   0.193078  95.946300   0.202532  95.824800   0.244058  94.401800 
    99.525   0.190456  95.484900   0.191556  95.381700   0.201886  94.958600   0.245569  92.939100 
    99.530   0.187831  93.627600   0.188984  93.505600   0.199756  92.917900   0.244267  90.488600 
    99.535   0.184977  91.487300   0.186136  91.343700   0.197095  90.637100   0.241732  87.972500 
    99.540   0.181956  89.440200   0.183143  89.288100   0.194254  88.536500   0.238872  85.641100 
    99.545   0.177500  86.723300   0.178674  86.609400   0.189657  85.791900   0.233424  82.893400 
    99.550   0.169716  82.526100   0.170793  82.403000   0.180801  81.779700   0.221659  79.464000 
    99.555   0.170886  86.060100   0.171839  85.962300   0.181023  85.696700   0.220659  84.071900 
    99.560   0.182629  96.293200   0.183630  96.179900   0.193317  95.974200   0.235747  94.516800 
    99.565   0.189263 100.706000   0.190318 100.610000   0.200522 100.354000   0.244831  98.768200 
    99.570   0.190219 100.195000   0.191201 100.144000   0.200832 100.100000   0.244197  98.969100 
    99.575   0.190203  99.493600   0.191103  99.474000   0.200160  99.648900   0.242614  98.968100 
    99.580   0.190473 101.095000   0.191447 101.076000   0.200934 101.179000   0.244984 100.289000 
    99.585   0.191294 104.727000   0.192404 104.667000   0.203208 104.494000   0.250897 102.837000 
    99.590   0.192162 108.323000   0.193426 108.211000   0.205465 107.783000   0.256780 105.405000 
    99.595   0.192426 110.666000   0.193815 110.539000   0.206711 109.959000   0.260534 107.090000 
    99.600   0.192040 111.306000   0.193441 111.193000   0.206503 110.615000   0.261150 107.642000 
    99.605   0.191655 111.266000   0.193007 111.172000   0.205768 110.781000   0.260440 108.102000 
    99.610   0.191767 112.405000   0.193109 112.326000   0.206012 111.969000   0.261373 109.284000 
    99.615   0.191890 114.378000   0.193331 114.265000   0.206834 113.767000   0.263819 110.721000 
    99.620   0.191818 115.623000   0.193304 115.530000   0.207108 114.993000   0.265006 111.779000 
    99.625   0.191993 116.649000   0.193476 116.529000   0.207340 116.007000   0.265717 112.842000 
    99.630   0.192537 117.562000   0.193979 117.382000   0.207784 116.921000   0.266215 113.849000 
    99.635   0.193511 118.211000   0.194975 118.106000   0.208685 117.697000   0.267090 114.737000 
    99.640   0.195033 118.857000   0.196458 118.752000   0.210013 118.394000   0.268237 115.566000 
    99.645   0.195932 118.789000   0.197315 118.730000   0.210579 118.456000   0.268027 115.816000 
    99.650   0.196641 118.628000   0.197974 118.570000   0.210813 118.402000   0.267193 116.088000 
    99.655   0.197783 118.676000   0.199062 118.632000   0.211458 118.583000   0.266813 116.544000 
    99.660   0.198545 118.328000   0.199779 118.280000   0.211902 118.258000   0.266312 116.392000 
    99.665   0.199091 118.170000   0.200316 118.125000   0.212411 118.061000   0.266340 116.144000 
    99.670   0.199875 118.566000   0.201122 118.510000   0.213255 118.395000   0.266758 116.429000 
    99.675   0.200501 118.638000   0.201740 118.570000   0.213744 118.423000   0.266410 116.485000 
    99.680   0.200634 117.381000   0.201789 117.317000   0.213218 117.216000   0.263888 115.640000 
    99.685   0.200316 114.292000   0.201302 114.245000   0.211357 114.455000   0.258265 113.691000 
    99.690   0.200123 111.299000   0.200910 111.270000   0.209730 111.749000   0.253117 111.732000 
    99.695   0.200294 110.263000   0.201077 110.293000   0.209562 110.757000   0.251519 110.912000 
    99.700   0.200501 110.380000   0.201285 110.367000   0.209913 110.760000   0.251789 110.786000 
    99.705   0.200470 110.587000   0.201287 110.541000   0.210023 110.886000   0.252078 110.808000 
    99.710   0.200068 110.582000   0.200938 110.597000   0.209782 110.912000   0.252290 110.758000 
    99.715   0.199732 111.422000   0.200593 111.351000   0.209812 111.627000   0.253380 111.272000 
    99.720   0.199424 112.787000   0.200377 112.751000   0.210139 112.927000   0.255447 112.253000 
    99.725   0.199481 114.235000   0.200470 114.198000   0.210579 114.394000   0.257345 113.542000 
    99.730   0.199727 115.945000   0.200754 115.927000   0.211161 116.152000   0.259605 115.268000 
    99.735   0.199983 118.442000   0.201098 118.424000   0.212260 118.549000   0.263395 117.247000 
    99.740   0.200127 121.447000   0.201380 121.360000   0.213735 121.260000   0.268215 119.280000 
    99.745   0.199954 123.611000   0.201333 123.517000   0.214604 123.196000   0.271657 120.638000 
    99.750   0.199714 124.331000   0.201128 124.256000   0.214571 123.983000   0.272676 121.340000 
    99.755   0.199302 123.992000   0.200652 123.950000   0.213853 123.842000   0.272043 121.434000 
    99.760   0.198997 124.381000   0.200396 124.335000   0.213858 124.183000   0.272928 121.585000 
    99.765   0.199022 125.538000   0.200501 125.426000   0.214594 125.126000   0.275090 122.104000 
    99.770   0.199266 126.361000   0.200782 126.274000   0.215154 125.890000   0.276428 122.687000 
    99.775   0.199512 126.580000   0.201025 126.499000   0.215410 126.116000   0.276663 122.918000 
    99.780   0.199514 126.022000   0.200974 125.946000   0.215163 125.580000   0.275657 122.472000 
    99.785   0.199751 125.560000   0.201196 125.504000   0.215051 125.162000   0.274430 122.228000 
    99.790   0.200131 124.856000   0.201525 124.784000   0.214873 124.503000   0.272435 121.853000 
    99.795   0.200031 123.169000   0.201342 123.092000   0.214019 122.887000   0.268965 120.571000 
    99.800   0.199984 120.416000   0.201122 120.353000   0.212363 120.406000   0.263109 118.982000 
    99.805   0.199912 116.849000   0.200822 116.868000   0.210294 117.308000   0.255965 116.986000 
    99.810   0.199758 114.053000   0.200530 114.058000   0.208896 114.655000   0.250921 114.906000 
    99.815   0.199558 112.236000   0.200284 112.268000   0.208187 112.818000   0.247951 113.234000 
    99.820   0.200008 112.004000   0.200734 111.998000   0.208578 112.472000   0.247469 112.818000 
    99.825   0.201083 112.588000   0.201815 112.594000   0.209680 113.014000   0.248330 113.301000 
    99.830   0.201867 113.054000   0.202608 113.017000   0.210602 113.386000   0.249304 113.531000 
    99.835   0.202666 113.797000   0.203466 113.759000   0.211763 114.056000   0.250863 113.904000 
    99.840   0.203329 114.262000   0.204140 114.225000   0.212527 114.386000   0.251564 114.160000 
    99.845   0.203723 114.118000   0.204538 114.057000   0.212781 114.211000   0.251360 114.044000 
    99.850   0.203922 112.453000   0.204611 112.429000   0.211905 112.827000   0.247866 113.253000 
    99.855   0.203860 110.402000   0.204374 110.407000   0.210530 111.140000   0.243851 112.294000 
    99.860   0.203918 111.650000   0.204530 111.650000   0.211391 112.158000   0.246237 112.822000 
    99.865   0.203727 113.562000   0.204529 113.534000   0.212670 113.698000   0.250345 113.436000 
    99.870   0.203341 113.349000   0.204157 113.301000   0.212439 113.400000   0.250472 113.056000 
    99.875   0.203615 113.047000   0.204381 113.014000   0.212325 113.215000   0.249605 113.088000 
    99.880   0.203677 112.517000   0.204414 112.494000   0.212071 112.740000   0.248501 112.779000 
    99.885   0.203446 111.516000   0.204104 111.450000   0.211516 111.740000   0.246947 111.924000 
    99.890   0.203280 110.627000   0.203942 110.610000   0.211099 110.916000   0.245614 111.214000 
    99.895   0.202884 109.723000   0.203537 109.717000   0.210503 110.016000   0.244277 110.372000 
    99.900   0.202654 109.107000   0.203280 109.045000   0.210108 109.364000   0.243280 109.789000 
    99.905   0.202636 109.023000   0.203243 108.925000   0.210037 109.229000   0.243084 109.680000 
    99.910   0.202271 109.059000   0.202925 108.991000   0.209885 109.249000   0.243334 109.572000 
    99.915   0.201486 108.613000   0.202172 108.561000   0.209275 108.803000   0.243016 109.053000 
    99.920   0.200410 108.188000   0.201125 108.160000   0.208466 108.317000   0.242786 108.378000 
    99.925   0.199601 108.280000   0.200330 108.250000   0.207942 108.360000   0.243053 108.284000 
    99.930   0.198703 108.296000   0.199490 108.241000   0.207308 108.334000   0.243249 108.111000 
    99.935   0.197618 108.159000   0.198427 108.117000   0.206552 108.128000   0.243453 107.703000 
    99.940   0.196658 108.207000   0.197508 108.154000   0.206008 108.116000   0.243885 107.448000 
    99.945   0.195751 108.158000   0.196643 108.087000   0.205491 107.971000   0.244390 107.076000 
    99.950   0.194767 107.961000   0.195709 107.872000   0.204878 107.693000   0.244565 106.550000 
    99.955   0.193985 107.627000   0.194944 107.552000   0.204208 107.290000   0.244199 106.071000 
    99.960   0.193679 107.587000   0.194670 107.484000   0.204000 107.178000   0.244204 105.886000 
    99.965   0.193442 107.764000   0.194458 107.645000   0.204033 107.202000   0.244436 105.759000 
    99.970   0.192938 107.156000   0.193948 107.030000   0.203495 106.587000   0.243182 105.066000 
    99.975   0.192310 104.444000   0.193200 104.372000   0.201728 104.161000   0.238742 103.208000 
    99.980   0.191553 101.063000   0.192346 101.011000   0.199730 101.018000   0.233729 100.681000 
    99.985   0.191848 100.044000   0.192593  99.983000   0.199826  99.957100   0.232507  99.595200 
    99.990   0.193816 101.260000   0.194559 101.181000   0.201809 101.098000   0.234004 100.661000 
    99.995   0.196047 102.533000   0.196751 102.455000   0.203764 102.379000   0.234999 102.067000 
   100.000   0.196616 102.086000   0.197272 102.005000   0.203857 101.993000   0.233604 101.911000 
   100.005   0.195724 100.437000   0.196312 100.391000   0.202448 100.461000   0.230663 100.564000 
   100.010   0.194498  98.987500   0.195070  98.979300   0.201021  98.981300   0.228442  99.111000 
   100.015   0.193094  97.525100   0.193667  97.478900   0.199479  97.520900   0.226401  97.658000 
   100.020   0.192164  96.537500   0.192761  96.523000   0.198372  96.709300   0.225041  96.851900 
   100.025   0.191931  97.971900   0.192626  97.908800   0.198993  97.832600   0.227734  97.536800 
   100.030   0.191777 100.331000   0.192597 100.214000   0.200365  99.791500   0.232357  98.639000 
   100.035   0.191354 101.273000   0.192318 101.140000   0.200664 100.560000   0.234515  98.967500 
   100.040   0.190890 101.154000   0.191867 101.042000   0.200394 100.441000   0.234827  98.756500 
   100.045   0.190649 100.532000   0.191588 100.406000   0.200000  99.867200   0.234302  98.227200 
   100.050   0.190370  99.722400   0.191272  99.593700   0.199603  99.048100   0.233433  97.438300 
   100.055   0.189874  98.454100   0.190747  98.327800   0.198934  97.773200   0.232054  96.187800 
   100.060   0.189464  96.312200   0.190262  96.182700   0.197902  95.758300   0.229390  94.451400 
   100.065   0.189161  93.901100   0.189876  93.796700   0.196856  93.480600   0.226192  92.527000 
   100.070   0.188634  91.799100   0.189307  91.687300   0.195824  91.407200   0.223334  90.618600 
   100.075   0.187534  89.486300   0.188154  89.371300   0.194198  89.108400   0.219709  88.452200 
   100.080   0.186023  87.203800   0.186586  87.105500   0.192136  86.822700   0.215414  86.347300 
   100.085   0.183318  84.651400   0.183818  84.544300   0.188675  84.312600   0.209272  84.113500 
   100.090   0.176190  80.135600   0.176513  80.053800   0.180126  79.981700   0.196420  80.403200 
