#Includes WDC-DF tiepoints from DF2021 chronology.
##Includes DF-WDC tiepoints from Ikumi email on Nov 8, 2025. Includes interpolation of DF2 to DF1 links.
depth1	depth2	age_unc	comment
40.69	7.39	10.0	
46.50390464	8.54811764705882	10.0	
53.56	10.15	10.0	
58.88	11.26	10.0	
60.58246535	11.69	10.0	
87.82	17.78	10.0	
92.79	18.80549800796813	10.0	
100.48	20.38	10.0	
105.3	21.44341463414634	10.0	
110.26	22.38	10.0	
142.97	28.92	10.0	
168.9791412	34.073281653746776	10.0	
182.52	36.68	10.0	
184.59	37.08	10.0	
186.18	37.38	10.0	
188.7	37.83	10.0	
195.36	38.96	10.0	
208.925	41.41366574330563	10.0	
240.1504929	46.94430747922438	10.0	
251.171	48.4778485687904	10.0	
272.67	52.09898430286242	10.0	
303.457	56.818333333333335	10.0	
325.93	60.39	10.0	
351.44	64.25	10.0	
359.79	65.45	10.0	
371.0373831	67.08977777777773	10.0	
384.68	69.2099999999999	10.0	
415.3874518	73.83072538860101	10.0	
423.7869116	75.09	10.0	
437.585	77.2099999999999	10.0	
445.62	78.3499999999999	10.0	
451.9076886	79.2374999999998	10.0	
477.7084273	82.75791666666663	10.0	
489.0302056	84.43430555555554	10.0	
495.09	85.45	10.0	
507.59	87.2	10.0	
532.94	90.83	10.0	
541.51	92.0	10.0	
583.9	97.65	10.0	
594.1	98.94589225589226	10.0	
605.43	100.48	10.0	
619.4	102.31	10.0	
651.89	106.87195467422096	10.0	
711.282	115.18834560906517	10.0	
747.72	120.82	10.0	
765.1625198	123.31	10.0	
788.54	126.37	10.0	
797.895	127.72	10.0	
828.549	131.77	10.0	
832.476	132.31333333333336	10.0	
850.82	134.88	10.0	
864.35	136.74666666666667	10.0	
895.62	141.03	10.0	
897.926	141.35	10.0	
907.54	142.62	10.0	
918.42	144.15	10.0	
931.33	145.99	10.0	
978.43	152.69	10.0	
994.8502363	155.1192377	10.0	
1003.988	156.4	10.0	
1007.675	156.96368421052634	10.0	
1014.55	157.93	10.0	
1022.216	159.09	10.0	
1036.535	161.33	10.0	
1057.418	164.5487804878049	10.0	
1063.51649	165.48	10.0	
1099.05	171.08	10.0	
1118.427	174.1233333333333	10.0	
1137.675	177.0132111692845	10.0	
1143.895409	177.93	10.0	
1169.2941	181.921	10.0	
1184.026	184.26	10.0	
1191.327	185.31205	10.0	
1210.0	188.23	10.0	
1225.64	190.74	10.0	
1233.01	191.89	10.0	
1236.01	192.41	10.0	
1244.158	193.81	10.0	
1280.691	200.15	10.0	
1285.872	201.15	10.0	
1294.445	202.66	10.0	
1307.825	205.06266666666667	10.0	
1317.915	206.9	10.0	
1323.785	208.0559069767442	10.0	
1331.395	209.45516279069767	10.0	
1342.29	211.26	10.0	
1346.705	212.065	10.0	
1348.84	212.38333333333333	10.0	
1353.495	213.32	10.0	
1367.77	215.7	10.0	
1372.66	216.5	10.0	
1383.93	218.53	10.0	
1399.365041	221.3185327	10.0	
1400.75	221.54	10.0	
1435.005	227.86647226173545	10.0	
1475.15	235.57	10.0	
1483.5	237.29	10.0	
1498.765	240.64	10.0	
1505.645	242.04013840830447	10.0	
1526.02	246.26	10.0	
1554.04	252.32	10.0	
1562.161414	254.0909135	10.0	
1563.63	254.38	10.0	
1601.69	262.59	10.0	
1607.93487	263.8830635	10.0	
1610.690152	264.4466666666667	10.0	
1612.793494	264.93333333333334	10.0	
1619.23	266.37	10.0	
1624.08	267.44	10.0	
1633.241198	269.50778	10.0	
1645.845	272.4106897816594	10.0	
1653.0	274.03	10.0	
1680.965	280.67	10.0	
1689.944358	282.9405802	10.0	
1703.0	286.39	10.0	
1706.785	287.5272549019607	10.0	
1710.255	288.39	10.0	
1717.745	290.28999999999996	10.0	
1728.92	293.17	10.0	
1730.895	293.75	10.0	
1732.995	294.27	10.0	
1742.815	296.95	10.0	
1760.025	301.44	10.0	
1767.905	303.53	10.0	
1772.35	304.72	10.0	
1775.465	305.48091521882355	10.0	
1779.392911	306.4220472	10.0	
1784.065	307.74	10.0	
1799.215	311.8518897637795	10.0	
1802.635	312.81	10.0	
1806.995	314.05	10.0	
1808.95	314.57	10.0	
1812.395	315.48	10.0	
1824.515	318.93	10.0	
1828.61	320.19	10.0	
1833.065	321.50522935779816	10.0	
1836.365	322.43	10.0	
1839.47	323.26	10.0	
1840.91	323.65	10.0	
1844.105	324.55	10.0	
1847.607175	325.5834645	10.0	
1850.335	326.37	10.0	
1864.785	330.45	10.0	
1873.205825	332.8584129	10.0	
1891.845	337.7727144798107	10.0	
1896.63	339.14	10.0	
1899.27	339.87	10.0	
1910.16958	342.6161107	10.0	
1911.29	342.91	10.0	
1914.68	343.8	10.0	
1917.485	344.55	10.0	
1918.258651	344.775614	10.0	
1919.165	344.97	10.0	
1920.713991	345.3651048	10.0	
1924.655	346.37	10.0	
1932.82	348.49	10.0	
1937.765	349.66	10.0	
1940.24	350.37	10.0	
1945.565	351.62	10.0	
1948.56	352.45	10.0	
1949.249708	352.6212127	10.0	
1997.055	365.1534247300529	10.0	
2012.564296	369.5049909	10.0	
2019.053752	371.479398	10.0	
2019.731896	371.6575445	10.0	
2021.525	372.18	10.0	
2037.379954	376.79	10.0	
2047.21487	379.4671689	10.0	
2052.335	380.7252142846154	10.0	
2068.29915	384.9186989	10.0	
2082.97	388.27	10.0	
2086.55	388.99	10.0	
2089.565	389.63	10.0	
2092.72	390.31	10.0	
2111.28	394.31	10.0	
2133.67	399.69	10.0	
2145.356932	402.2489943	10.0	
2155.595	404.3756283863906	10.0	
2164.15	406.4	10.0	
2170.04	407.65	10.0	
2172.645262	408.3090195	10.0	
2179.77	409.95	10.0	
2196.355	413.98	10.0	
2213.056971	417.8926015	10.0	
2219.855187	419.6236172	10.0	
2231.065	422.1532469069436	10.0	
2240.155	424.3443311	10.0	
2243.035	425.0	10.0	
2245.175	425.54	10.0	
2253.465	427.5	10.0	
2254.91	427.79	10.0	
2258.36	428.7	10.0	
2263.21	429.97	10.0	
2266.165	430.7265899443733	10.0	
2267.585	431.075270884976	10.0	
2270.075	431.6665105007932	10.0	
2271.795	432.17	10.0	
2273.845	432.8216812412094	10.0	
2276.335	433.5249980459795	10.0	
2279.5	434.31	10.0	
2282.82	435.16	10.0	
2288.355	436.5951616201132	10.0	
2290.195	437.0826969263299	10.0	
2291.305	437.3720648290162	10.0	
2308.74	441.82	10.0	
2345.11	452.5129917412106	10.0	
2355.765	455.44	10.0	
2357.465	455.92	10.0	
2361.125	457.02	10.0	
2366.095	458.54	10.0	
2367.365	458.96	10.0	
2370.025	459.74	10.0	
2382.955	464.43931046197775	10.0	
2383.835	464.7261223961707	10.0	
2405.475	472.58308678865154	10.0	
2430.275	482.84	10.0	
2433.985	484.3295616961698	10.0	
2435.595	484.98310248393943	10.0	
2436.325	485.33	10.0	
2437.665	485.93	10.0	
2444.685	488.8150598	10.0	
2445.315	489.0733583577622	10.0	
2451.04	491.69	10.0	
2452.875	492.496435664201	10.0	
2454.135	493.06150816440567	10.0	
2454.685	493.3	10.0	
2462.045	496.86	10.0	
2469.465	500.1	10.0	
2478.405	504.0745082	10.0	
2482.739579	505.7882347	10.0	
2484.15	506.3	10.0	
2497.13	511.4	10.0	
2505.975	514.9180902557353	10.0	
2506.393982	515.141705	10.0	
2506.975	515.3519534762142	10.0	
2507.745	515.6687722160268	10.0	
2511.135	517.0734760665446	10.0	
2517.275	519.4923096606344	10.0	
2526.955	523.65	10.0	
2527.345	523.8450253936306	10.0	
2530.145	525.0073633	10.0	
2532.895	526.2565896227295	10.0	
2538.38	528.65	10.0	
2543.355	531.0489370370954	10.0	
2545.775	532.1	10.0	
2554.48	536.14	10.0	
2561.645	539.5702262784398	10.0	
2567.235	542.1133730057703	10.0	
2572.045	544.2031890777762	10.0	
2574.075	545.2031440536615	10.0	
2581.926468	548.7573179	10.0	
2585.315	550.34	10.0	
2586.485	550.9432801476688	10.0	
2594.615	554.9017117605752	10.0	
2600.433449	557.8189415	10.0	
2602.915	559.01	10.0	
2604.197399	559.703109980472	10.0	
2605.225	560.1707618	10.0	
2609.255	562.1310946124489	10.0	
2610.99	562.96	10.0	
2615.1	564.83	10.0	
2617.34	565.86	10.0	
2631.185	571.5831854458135	10.0	
2633.705	572.5276528991033	10.0	
2634.355	572.746047	10.0	
2634.645	572.8993796425309	10.0	
2636.576392	573.6991259121105	10.0	
2642.355	575.9012855	10.0	
2643.983216	576.4517705902845	10.0	
2648.055	577.85	10.0	
2649.765	578.4600264182961	10.0	
2653.049408	579.5248457325774	10.0	
2654.875	580.25	10.0	
2655.375	580.4379240168221	10.0	
2656.01	580.68	10.0	
2659.769268	582.0250523550945	10.0	
2660.24	582.17	10.0	
2661.145	582.594430774241	10.0	
2662.765	583.2007482919744	10.0	
2664.185	583.7033333333333	10.0	
2668.417584	585.2912698	10.0	
2670.08	585.87	10.0	
2672.375	586.82	10.0	
2675.431183	587.9919206215828	10.0	
2675.745	588.068340057554	10.0	
2678.815	589.2153861294964	10.0	
2679.825	589.58	10.0	
2680.985	590.0	10.0	
2681.925	590.3133333333334	10.0	
2683.251796	590.7579196183525	10.0	
2687.375	592.31	10.0	
2691.565	593.97	10.0	
2694.113758	594.8834054621891	10.0	
2698.575	596.4222036267245	10.0	
2702.865397	598.0087004723989	10.0	
2707.851555	599.7163888443237	10.0	
2714.125	601.844158472935	10.0	
2714.575627	602.0066673500668	10.0	
2717.82	603.0172919444536	10.0	
2718.885	603.3773071463633	10.0	
2737.015	609.3903863940062	10.0	
2741.078815	610.7811057465356	10.0	
2742.855	611.3449483730888	10.0	
2747.645	612.9055158355663	10.0	
2753.658002	614.938244996888	10.0	
2758.535	616.5877267778102	10.0	
2762.795	618.085418298117	10.0	
2765.915	619.0987637306592	10.0	
2768.119929	619.7792474972905	10.0	
2773.075	621.5678189036503	10.0	
2778.425	623.8198492158052	10.0	
2783.29362	625.9158877986257	10.0	
2784.355	626.2992372914779	10.0	
2786.409405	627.16494257674	10.0	
2806.615	635.8880573	10.0	
2807.695	636.3952726	10.0	
2822.21	643.53	10.0	
2828.47	646.66	10.0	
2829.055	646.94	10.0	
2846.015	656.0669096316931	10.0	
2851.7	659.48	10.0	
2855.385	661.7611372616827	10.0	
2863.145	666.29	10.0	
2872.31	671.04	10.0	
2873.825	671.7833333333333	10.0	
2874.646257	672.2020445	10.0	
2878.215	673.9927163728184	10.0	
2879.695	674.8716934291504	10.0	
2890.795	681.005	10.0	
2891.558304	681.439184	10.0	
2891.885	681.6566666666666	10.0	
2893.319006	682.4231442	10.0	
2910.662855	692.1908071	10.0	
2915.105	694.54	10.0	
2923.095	698.3599999999999	10.0	
2924.076751	699.0294234	10.0	
2925.85	699.8	10.0	
2928.315153	701.0080886	10.0	
2928.82	701.2335101	10.0	
2931.273233	702.3985392	10.0	
2932.614593	703.0378754	10.0	
2939.57	706.27	10.0	
2943.064643	707.772994905597	10.0	
2945.5	708.94	10.0	
2951.03	711.58	10.0	
2953.043454	712.6781077369232	10.0	
2955.92	714.1	10.0	
2957.2	714.85	10.0	
2958.46867	715.6575985	10.0	
2959.43	716.045	10.0	
2960.2	716.4433333333333	10.0	
2960.71	716.77	10.0	
2961.417829	717.1677403576389	10.0	
2963.2	718.2233333333334	10.0	
2964.33	718.9	10.0	
2969.15	721.71	10.0	
2973.24	724.15	10.0	
2977.66	727.0799999999999	10.0	
2978.47964	727.5810044449732	10.0	
2979.595312	728.2797726	10.0	
2981.375452	729.3510665	10.0	
2987.29	733.0500000000001	10.0	
2987.685	733.3124703	10.0	
2987.98	733.48	10.0	
2988.935494	734.1004331	10.0	
2989.774013	734.6948774335165	10.0	
2991.11	735.39	10.0	
2994.22	737.26	10.0	
3005.54	743.76	10.0	
3006.3	744.19	10.0	
3009.12	745.81	10.0	
3009.56	746.09	10.0	
3010.46	746.51	10.0	
3016.481	749.9833333333332	10.0	
3018.175	751.305	10.0	
3018.73	751.715	10.0	
3019.099273	751.915	10.0	
3020.742842	752.8924439202274	10.0	
3025.19	755.2599999999999	10.0	
3027.64	756.7366666666667	10.0	
3029.68	758.1104504504505	10.0	
3031.0	758.9466666666667	10.0	
3032.873947	760.1434818	10.0	
3035.983767	762.1074408	10.0	
3037.961184	763.505484	10.0	
3043.68	767.2666666666668	10.0	
3044.26	767.6066666666667	10.0	
3044.48	767.8001532935095	10.0	
3046.134461	768.7368008	10.0	
3052.08805	772.6192112	10.0	
3056.040442	775.0442604249268	10.0	
3057.97	776.2400000000001	10.0	
3061.166812	778.631468465015	10.0	
3070.36	783.82	10.0	
3073.51	785.73	10.0	
3076.429262	787.47	10.0	
3079.05	788.9966666666666	10.0	
3081.91	790.7633333333333	10.0	
3083.896038	792.0879584	10.0	
3090.124932	795.7048505000981	10.0	
3095.69	799.3383333333335	10.0	
3097.17	800.3016666666666	10.0	
3097.74	800.62	10.0	
3098.6	801.14	10.0	
3099.38	801.57	10.0	
3100.16	802.1433333333334	10.0	
3102.69	803.86	10.0	
3105.621439	805.5653076000002	10.0	
3108.19	807.2400000000001	10.0	
3109.93	808.42	10.0	
3113.37	810.6666666666666	10.0	
3115.28719	811.8781013280001	10.0	
3118.82	814.12	10.0	
3119.86	814.7986008230454	10.0	
3121.43	815.7366666666667	10.0	
3123.387637	816.9886364	10.0	
3123.896361	817.35	10.0	
3125.35	818.2733333333332	10.0	
3126.045	818.8233333333333	10.0	
3128.690866	820.7448	10.0	
3136.795983	826.1991782	10.0	
3139.040675	827.42	10.0	
3141.22	828.8533333333334	10.0	
3143.936205	830.6709818	10.0	
3144.99	831.4900000000001	10.0	
3146.52	832.34	10.0	
3149.45	834.3066666666667	10.0	
3152.815348	836.4571572689393	10.0	
3154.25	837.41	10.0	
3160.99	841.87	10.0	
3162.94	843.0533333333333	10.0	
3164.672524	844.15	10.0	
3165.241083	844.4791238	10.0	
3167.724866	846.15	10.0	
3169.04	846.9733333333334	10.0	
3170.96	848.161370709345	10.0	
3173.16	849.5600000000001	10.0	
3177.755	852.37	10.0	
3181.65607	854.7278510105386	10.0	
3182.673517	855.3252520990052	10.0	
3184.42	856.32	10.0	
3186.700345	857.7433428	10.0	
3188.282772	858.7645196	10.0	
3190.891362	860.3692261	10.0	
3192.03	861.0666666666666	10.0	
3194.72827	862.786758	10.0	
3196.12	863.71	10.0	
3197.69	864.74	10.0	
3198.35	865.175	10.0	
3200.44	866.6466666666666	10.0	
3201.655	867.4566666666666	10.0	
3201.95	867.69	10.0	
3210.301129	874.05	10.0	
3212.636719	875.3966666666666	10.0	
3214.253521	876.8024911	10.0	
3216.55	878.4066666666666	10.0	
3218.04013	879.4599547	10.0	
3218.792902	880.0623305614813	10.0	
3222.784426	883.1751876	10.0	
3225.19	884.89	10.0	
3227.047002	886.17	10.0	
3227.445	886.47	10.0	
3228.34	887.42	10.0	
3231.0	889.5066666666667	10.0	
3231.91	890.2066666666666	10.0	
3239.29	896.29	10.0	
3240.94195	897.5615498964406	10.0	
3247.398828	902.7952287	10.0	
3249.65	904.6516666666666	10.0	
3251.938209	906.4033333333332	10.0	
3255.27	908.8833333333332	10.0	
3258.035	910.93	10.0	
3260.325	912.5	10.0	
3264.93023	915.8837674	10.0	
3268.568123	918.8103907	10.0	
3269.881159	919.8470656	10.0	
3271.37	921.03	10.0	
3272.71	922.25	10.0	
3274.76	923.9266666666666	10.0	
3274.895	924.1	10.0	
3275.79	924.74	10.0	
3278.45	927.0459297	10.0	
3280.685	929.03	10.0	
3281.17	929.4566666666666	10.0	
3283.79	931.4295567	10.0	
3287.34	934.5233333333332	10.0	
3289.163592	936.03	10.0	
3289.88	936.5633333333334	10.0	
3294.02	939.4833333333332	10.0	
3297.15	941.536705	10.0	
3297.625	941.8266666666668	10.0	
3297.997273	942.06	10.0	
3299.17	942.85	10.0	
3300.893085	944.0066538952088	10.0	
3303.79	946.0233333333332	10.0	
3304.125	946.2633333333332	10.0	
3306.59	947.9266666666666	10.0	
3309.83	950.7133333333336	10.0	
3314.98962	955.1809869	10.0	
3315.48	955.68	10.0	
3317.97	958.1233333333332	10.0	
3320.23	960.6625772	10.0	
3320.87	961.4459071935268	10.0	
3321.10284	961.7127150041744	10.0	
3322.13	962.84	10.0	
3326.85	968.52	10.0	
3331.588104	974.92	10.0	
3332.95	976.0166666666668	10.0	
3335.445	978.99	10.0	
1382.549677	218.3091909	10.0	
1865.8	330.71	10.0	
1938.51	349.924	10.0	
2037.379954	376.9227025	10.0	
2102.46	392.35	10.0	
2345.11	452.097	10.0	
2392.361684	466.9904017	10.0	
2647.78	577.85	10.0	
2653.049408	579.7139624	10.0	
2707.855737	600.6500556	10.0	
2717.82	603.78	10.0	
2723.26	605.68	10.0	
2734.3	609.48	10.0	
2856.76357	662.5736322	10.0	
2937.23	705.317	10.0	
2955.915	714.22	10.0	
2969.14	722.248	10.0	
3015.977789	749.9827379	10.0	
3018.76	751.55	10.0	
3260.33	912.03	10.0	
3283.63	931.44	10.0	
3312.22	952.72	10.0	
3338.45	982.27	10.0	
3338.88	983.21	10.0	
3339.11	983.54	10.0	
3340.36	984.94	10.0	
3343.0	988.59	10.0	
3348.887	997.31	10.0	
3350.32	999.56	10.0	
3357.9	1010.42	10.0	
3359.3	1012.31	10.0	
3361.9	1016.07	10.0	
3362.95	1017.73	10.0	
