NEEM-EDML_EDML
611.253
623.5
650.25
659.52
667.038
671.266
677.51
700.181
703.395
725.831
731.464
732.625
733.65
734.77
741.235
754.712
761.6928700000001
784.903
793.21
795.517
803.859
816.3
854.42
896.769
904.0
911.72
916.58
925.15
936.7
939.69
955.6
997.8
1001.4
1051.37
1051.81
1069.723
1076.937
1085.66
1089.4315
1123.98
1127.7
1138.0
1160.95
1170.19
1190.58
1199.6
1206.06
1220.12
1247.97
1254.95325
1257.131
1263.7
1272.27
1276.3
1291.82
1295.108
1302.36
1307.595
1311.084
1313.08
1316.039
1326.04
1331.3
1342.33
1349.534
1350.59
1354.57
1372.717
1376.915
1390.02
1391.454
1393.78
1400.141
1408.04
1412.4
1418.12
1429.11
1431.27
1432.5
1434.82
1435.08
1439.07
1446.28
1451.14
1452.63
1454.356
1462.987
1468.91
1473.06
1477.55
1487.91
1493.3
1503.6
1507.33
1526.13
1536.6
1547.79
1551.53
1575.51
1580.8
1599.96
1602.8
1605.6319452555
1618.42
1623.18
1630.61
1640.66
1645.949
1662.732
1670.14
1672.313
1687.65
1716.11
1725.12
1735.28
1738.45
1756.75
1766.861
1771.93
1775.207
1787.75
1792.59
1804.27
1813.11
1834.761
1843.261
1853.64
1855.21
1866.616
1867.559
1870.929
1883.31
1890.6
1897.69
1913.0
1921.26
1924.74
1942.77
1949.86
1965.07
1976.43
1985.05
1987.54
1990.07
2004.51
2013.5
2018.92
2045.33
2054.85
2062.88
2069.48
2071.18
2080.22
2120.11
2122.25
2125.55
2145.57
2168.2
2169.3
2174.2
2186.46
2193.45
2194.67
2195.94
2200.92
2216.32
2228.6
2231.3
