TALDICE-WDC_WDC
154.805
161.4331
168.8698
182.3114
186.1986
188.4688
192.7179
195.2924
204.3762
208.852
325.89542510000007
351.2927
359.7336
384.5797
415.2876
429.9753
445.6628
451.7007
456.4849
465.683
477.6519
488.9968
495.0744
507.5729
532.7304
538.1865
541.4123
565.2984
572.1377
575.9728
583.8545
593.9883
596.458
599.2125
605.3442
623.1697
626.7551
628.4956
643.5735
671.0266
676.1434
682.1987
701.9372
706.3497
711.0446
719.818
727.7773
728.8388
732.399
733.6302
747.6237
765.1887
772.4822
785.3471
788.3908
797.7654
799.7634
809.0027
828.3824
845.0898
850.7774
864.3962
897.8312
907.5413
918.3336
931.2478
962.4394
964.713
978.2583
978.17206
994.8222
1003.87897
1014.3743
1022.1392
1014.5216
1057.3557
1063.4704
1098.952
1135.7561
1137.7135
1143.8652
1169.1089
1191.1694
1209.9504
1232.8706
1235.631
1244.037
1247.6731
1270.7506
1282.3466
1294.4209
1307.7784
1323.7942
1341.8573
1342.3282
1348.8307
1382.5609
1383.9227
1399.3229
1400.7823
1434.0214
1475.153
1483.4942
1505.6287
1526.0591
1530.0839
1539.0225
1554.0827
1563.6258
1566.6482
1569.1658
1601.6734
1607.9424
1610.6962
1612.7335
1619.229
1624.1143
1633.2981
1634.7236
1641.7883
1645.8547
1652.1782
1653.0128
1679.9888
1688.3347
1690.0001
1702.9868
1704.7223
1706.8036
1710.2736
1717.7589
1719.7185
1722.888
1730.8932
1732.4004
1733.0088
1741.2681
1742.8269
1744.2549
1752.9675
1757.5392
1760.0396
1767.9073
1772.3345
1775.4698
1775.8729
1779.4342
1784.1346
1794.1635
1797.9644
1799.1938
1802.6489
1807.0043
1808.9256
1812.2955
1819.4995
1824.2596
1824.5181
1828.6587
1830.3485
1833.0957
1836.3879
1836.6951
1839.5026
1840.9369
1844.1146
1850.3457
1855.8691
1859.4504
1867.7227
1867.9514
1873.2296
1876.3782
1881.4268
1890.0321
1896.6201
1899.2375
1903.1516
1905.3666
1910.1697
1911.2889
1911.8741
1914.6766
1916.3882
1917.4688
1918.3003
1919.1785
1920.7217
1932.8536
1937.7461
1940.255
1941.3319
1945.5673
1948.5205
1949.2731
2012.6587
2012.5
2019.0668
2019.0668
2033.3469
2037.3817
2037.3795
2042.0764
2047.1074
2068.3478
2083.008
2092.724
2095.4387
2102.4993
2104.1243
2105.6199
2111.2771
2133.6763
2114.6228
2116.7795
2145.374
2164.182
2170.0857
2131.8657
2133.6392
2135.769
2179.8071
2143.7004
2145.3808
2190.918
2149.9036
2153.3655
2155.6143
2157.7854
2161.4912
2164.1543
2219.8335
2167.8506
2170.0847
2231.1172
2171.2205
2172.6562
2175.9294
2179.8254
2258.3376
2263.243
2266.198
2192.9243
2213.122
2308.672
2219.8161
2231.0815
2240.1579
2245.181
2357.3958
2361.5728
2263.205
2266.1824
2267.60955
2271.78135
2276.3838
2279.4739
2282.8774000000003
2290.192
2299.5637
2305.685
2308.7089
2314.9126
2405.5085
2349.0327
2430.2607
2353.2976
2435.0486
2435.6106
2436.345
2355.784
2357.449
2449.1245
2367.36785
2450.297
2450.9956
2370.0267
2452.9028
2455.1077
2462.0366
2469.2878
2478.1777
2482.7617
2484.2097
2422.7178
2488.7917
2424.8667
2490.531
2426.4077
2497.1333
2506.3977
2506.9905
2507.7578
2451.0265
2452.9133
2510.3784
2511.1484
2516.5193
2517.2742
2462.08
2524.752
2478.16
2478.42325
2530.1406
2482.741
2532.9
2489.6687
2497.121
2504.2507
2505.9766
2506.3855000000003
2506.9785
2507.7522
2511.14325
2516.501
2554.4863
2517.26805
2519.8818
2526.96875
2561.654
2538.379
2572.0447
2543.3533
2574.0818
2545.7917
2581.9358
2615.1155
2600.4392
2602.9251999999997
2617.3481
2605.2244
2622.291
2610.9992
2617.3129
2621.12675
2622.3125
2631.188
2626.107
2633.6714
2628.05465
2631.2078
2633.675
2634.357
2634.6792
2647.7963
2649.7822
2651.7415
2654.8849
2656.0366999999997
2660.2103
2662.7739
2664.2092
2668.4272
2670.0852
2671.5217
2672.3726
2673.0264
2674.5383
2675.558
2676.89
2677.7927
2679.8398
2680.995
2681.9227
2687.3767
2694.1199
2706.9678
2707.861
2714.1468
2717.8746
2718.8927
2727.688
2734.3162
2737.0597
2738.5847
2742.8712
2747.6525
2756.524
2758.5249
2762.8488
2763.5195
2765.9243
2768.1103
2770.7236
2773.0728
2784.3454
2797.318
2806.6246
2807.6976
2817.6055
2822.214
2822.8801
2828.4876
2829.0693
2829.5819
2831.0127
2832.0928
2838.352
2840.3221
2843.3352
2846.0478
2851.7059
2852.945
2855.3958
2855.9014
2856.7589
2861.9338
2863.148
2868.2073
2872.3387
2873.82015
2874.6553
2878.2194
2879.6855
2890.7957
2891.5502
2891.8792
2892.0628
2893.3295
2893.14
2896.0596
2897.226
2899.8256
2901.203
2904.7346
2907.9758
2915.1098
2919.2147
2923.108
2924.1
2925.8455
2928.3268
2928.807
2931.2769
2932.639
2938.7682
2939.5681
2940.199
2943.0793
2945.5508
2951.0604
2953.0553
2955.9295
2957.2113
2958.4636
2959.4273
2960.1708
2960.7098
2962.2048
2963.196
2964.3236
2966.006
2969.136
2970.5154
2977.6412
2977.9573
2981.3845
2987.2615
2987.6921
2988.2725
2991.1277
2991.4233
2994.2283
3002.799
3005.6262
3006.3087
3009.1467
3009.5789
3010.4643
3012.8907
3015.9565
3016.443
3018.7405
3025.189
3027.6408
3031.0193
3032.8975
3039.3647
3043.6786
3044.281
3044.4749
3052.092
3053.2633
3056.0735
3057.9588
3059.9324
3060.1455
3061.2463
3061.6985
3062.0562
3063.4702
3063.9536
3064.446
3064.8657
3066.1797
3066.4824
3070.3762
3073.5188
3074.9128
3076.439
3077.7502
3079.0765
3081.8896
3083.9141
3090.107
3094.8567
3095.6877
3097.7485
3098.3953
3098.5981
3099.2183
3099.3965
3099.9087
3100.1601
3102.6775
3103.1948
3103.6199
3105.666
3108.1856
3109.9213
3110.107
3110.386
3113.3582
3113.5784
3115.3014
3118.3638
3118.83
3119.8625
3118.8236
3121.4385
3119.8686500000003
3123.398
3121.4311500000003
3123.895
3123.4031999999997
3125.3499
3123.8983
3125.3515
3127.51
3133.68
3137.0886
3139.07
3141.2173
3142.4989
3142.6875
3143.9473
3144.9782
3145.1846
3145.7002
3146.5075
3149.459
3151.2224
3151.9878
3152.821
3153.3035
3154.2623
3162.9431
3165.3015
3167.7593
3169.0511
3170.9712
3173.1648
3175.6223
3177.7422
3181.6594
3182.2393
3182.6714
3183.2827
3184.4592
3186.7036
3187.269
3188.8916
3189.2622
3190.8884
3192.0552
3194.7422
3195.8926
3196.1362
3197.6921
3200.4373
3201.6683
3201.9546
3212.9026
3216.563
3215.868
3216.569
3217.5256
3218.903
3222.8027
3224.9727
3225.1985
3226.5369
3226.7952
3227.058
3228.3422
3231.9063
3244.068
3247.4453
3252.085
3258.0442
3260.3199
3266.2908
3268.8564
3271.4064
3272.755
3274.7732
3281.1716
3283.5813
3287.3228
3289.883
3294.0202
3297.9729
3299.1812
3303.7421
3309.8735
3312.2224
3315.4808
3317.9681
3320.2147
3321.2217
3326.8542
3337.947
3338.6182
3338.45
3338.8774
3340.3515
3341.1094
3342.9357
3347.8227
3348.9223
3349.801
3350.3255
3352.0403
3357.5435
3357.8677
3359.3272
3361.8996
3362.4746
3362.9573
3367.321
3370.7463
3371.703
