depth	deporate	rel_unc	comment
0.000000	0.029100	0.200000	
1.650000	0.029100	0.200000	
3.300000	0.029200	0.200000	
4.950000	0.029300	0.200000	
6.600000	0.029000	0.200000	
8.250000	0.028800	0.200000	
9.900000	0.027300	0.200000	
11.550000	0.026400	0.200000	
13.200000	0.026700	0.200000	
14.850000	0.026800	0.200000	
16.500000	0.027000	0.200000	
18.150000	0.026500	0.200000	
19.800000	0.026100	0.200000	
21.450000	0.025900	0.200000	
23.100000	0.025300	0.200000	
24.750000	0.025400	0.200000	
26.400000	0.026300	0.200000	
28.050000	0.026500	0.200000	
29.700000	0.026200	0.200000	
31.350000	0.026500	0.200000	
33.000000	0.027400	0.200000	
34.650000	0.028400	0.200000	
36.300000	0.026900	0.200000	
37.950000	0.025500	0.200000	
39.600000	0.025600	0.200000	
41.250000	0.027800	0.200000	
42.900000	0.030100	0.200000	
44.550000	0.028400	0.200000	
46.200000	0.026700	0.200000	
47.850000	0.026400	0.200000	
49.500000	0.027300	0.200000	
51.150000	0.028000	0.200000	
52.800000	0.027400	0.200000	
54.450000	0.028000	0.200000	
56.100000	0.029100	0.200000	
57.750000	0.029200	0.200000	
59.400000	0.028500	0.200000	
61.050000	0.028400	0.200000	
62.700000	0.029200	0.200000	
64.350000	0.029800	0.200000	
66.000000	0.027200	0.200000	
67.650000	0.027600	0.200000	
69.300000	0.027900	0.200000	
70.950000	0.027800	0.200000	
72.600000	0.027200	0.200000	
74.250000	0.027600	0.200000	
75.900000	0.027300	0.200000	
77.550000	0.027500	0.200000	
79.200000	0.027100	0.200000	
80.850000	0.028400	0.200000	
82.500000	0.028500	0.200000	
84.150000	0.027900	0.200000	
85.800000	0.027000	0.200000	
87.450000	0.028200	0.200000	
89.100000	0.028000	0.200000	
90.750000	0.027000	0.200000	
92.400000	0.029000	0.200000	
94.050000	0.028600	0.200000	
95.700000	0.025000	0.200000	
97.350000	0.026200	0.200000	
99.000000	0.026600	0.200000	
100.650000	0.028300	0.200000	
102.300000	0.028600	0.200000	
103.950000	0.029300	0.200000	
105.600000	0.028400	0.200000	
107.250000	0.029100	0.200000	
108.900000	0.030500	0.200000	
110.550000	0.031400	0.200000	
112.200000	0.028900	0.200000	
113.850000	0.028800	0.200000	
115.500000	0.027600	0.200000	
117.150000	0.028600	0.200000	
118.800000	0.029600	0.200000	
120.450000	0.028400	0.200000	
122.100000	0.026700	0.200000	
123.750000	0.027500	0.200000	
125.400000	0.028100	0.200000	
127.050000	0.027300	0.200000	
128.700000	0.028200	0.200000	
130.350000	0.029200	0.200000	
132.000000	0.029000	0.200000	
133.650000	0.030000	0.200000	
135.300000	0.030400	0.200000	
136.950000	0.030700	0.200000	
138.600000	0.028900	0.200000	
140.250000	0.028500	0.200000	
141.900000	0.028700	0.200000	
143.550000	0.028500	0.200000	
145.200000	0.029500	0.200000	
146.850000	0.029500	0.200000	
148.500000	0.028900	0.200000	
150.150000	0.029300	0.200000	
151.800000	0.030000	0.200000	
153.450000	0.029000	0.200000	
155.100000	0.028700	0.200000	
156.750000	0.028900	0.200000	
158.400000	0.030400	0.200000	
160.050000	0.028000	0.200000	
161.700000	0.028800	0.200000	
163.350000	0.028800	0.200000	
165.000000	0.028700	0.200000	
166.650000	0.027800	0.200000	
168.300000	0.028100	0.200000	
169.950000	0.029800	0.200000	
171.600000	0.029100	0.200000	
173.250000	0.028500	0.200000	
174.900000	0.028100	0.200000	
176.550000	0.029700	0.200000	
178.200000	0.029500	0.200000	
179.850000	0.028300	0.200000	
181.500000	0.029400	0.200000	
183.150000	0.029300	0.200000	
184.800000	0.026000	0.200000	
186.450000	0.026600	0.200000	
188.100000	0.028800	0.200000	
189.750000	0.028900	0.200000	
191.400000	0.028400	0.200000	
193.050000	0.029400	0.200000	
194.700000	0.030300	0.200000	
196.350000	0.030300	0.200000	
198.000000	0.028500	0.200000	
199.650000	0.027200	0.200000	
201.300000	0.029300	0.200000	
202.950000	0.028400	0.200000	
204.600000	0.029000	0.200000	
206.250000	0.028700	0.200000	
207.900000	0.027900	0.200000	
209.550000	0.028000	0.200000	
211.200000	0.027300	0.200000	
212.850000	0.029800	0.200000	
214.500000	0.027200	0.200000	
216.150000	0.027900	0.200000	
217.800000	0.027000	0.200000	
219.450000	0.028800	0.200000	
221.100000	0.027800	0.200000	
222.750000	0.028200	0.200000	
224.400000	0.030800	0.200000	
226.050000	0.028200	0.200000	
227.700000	0.028200	0.200000	
229.350000	0.027500	0.200000	
231.000000	0.027300	0.200000	
232.650000	0.025500	0.200000	
234.300000	0.026800	0.200000	
235.950000	0.029800	0.200000	
237.600000	0.026400	0.200000	
239.250000	0.027100	0.200000	
240.900000	0.028400	0.200000	
242.550000	0.030200	0.200000	
244.200000	0.028900	0.200000	
245.850000	0.029000	0.200000	
247.500000	0.029000	0.200000	
249.150000	0.028500	0.200000	
250.800000	0.028500	0.200000	
252.450000	0.029100	0.200000	
254.100000	0.027200	0.200000	
255.750000	0.026200	0.200000	
257.400000	0.027500	0.200000	
259.050000	0.025600	0.200000	
260.700000	0.027200	0.200000	
262.350000	0.027300	0.200000	
264.000000	0.026500	0.200000	
265.650000	0.027500	0.200000	
267.300000	0.028400	0.200000	
268.950000	0.028500	0.200000	
270.600000	0.029300	0.200000	
272.250000	0.028400	0.200000	
273.900000	0.028300	0.200000	
275.550000	0.027500	0.200000	
277.200000	0.029600	0.200000	
278.850000	0.029500	0.200000	
280.500000	0.029600	0.200000	
282.150000	0.029500	0.200000	
283.800000	0.028800	0.200000	
285.450000	0.028100	0.200000	
287.100000	0.031100	0.200000	
288.750000	0.029400	0.200000	
290.400000	0.030300	0.200000	
292.050000	0.031000	0.200000	
293.700000	0.032400	0.200000	
295.350000	0.029200	0.200000	
297.000000	0.030800	0.200000	
298.650000	0.031000	0.200000	
300.300000	0.031900	0.200000	
301.950000	0.032400	0.200000	
303.600000	0.033300	0.200000	
305.250000	0.029200	0.200000	
306.900000	0.030900	0.200000	
308.550000	0.030600	0.200000	
310.200000	0.030900	0.200000	
311.850000	0.031900	0.200000	
313.500000	0.031800	0.200000	
315.150000	0.032400	0.200000	
316.800000	0.031400	0.200000	
318.450000	0.030300	0.200000	
320.100000	0.031300	0.200000	
321.750000	0.029800	0.200000	
323.400000	0.029500	0.200000	
325.050000	0.033200	0.200000	
326.700000	0.034500	0.200000	
328.350000	0.030000	0.200000	
330.000000	0.030300	0.200000	
331.650000	0.031100	0.200000	
333.300000	0.029500	0.200000	
334.950000	0.030500	0.200000	
336.600000	0.030700	0.200000	
338.250000	0.030300	0.200000	
339.900000	0.029100	0.200000	
341.550000	0.031500	0.200000	
343.200000	0.030000	0.200000	
344.850000	0.028500	0.200000	
346.500000	0.031600	0.200000	
348.150000	0.030300	0.200000	
349.800000	0.030700	0.200000	
351.450000	0.031100	0.200000	
353.100000	0.028900	0.200000	
354.750000	0.031900	0.200000	
356.400000	0.031800	0.200000	
358.050000	0.028600	0.200000	
359.700000	0.029600	0.200000	
361.350000	0.030400	0.200000	
363.000000	0.029400	0.200000	
364.650000	0.028100	0.200000	
366.300000	0.026100	0.200000	
367.950000	0.025600	0.200000	
369.600000	0.025700	0.200000	
371.250000	0.024600	0.200000	
372.900000	0.022900	0.200000	
374.550000	0.023700	0.200000	
376.200000	0.024000	0.200000	
377.850000	0.021500	0.200000	
379.500000	0.022100	0.200000	
381.150000	0.021600	0.200000	
382.800000	0.019400	0.200000	
384.450000	0.020300	0.200000	
386.100000	0.020100	0.200000	
387.750000	0.020200	0.200000	
389.400000	0.020400	0.200000	
391.050000	0.020300	0.200000	
392.700000	0.020100	0.200000	
394.350000	0.020700	0.200000	
396.000000	0.021100	0.200000	
397.650000	0.021100	0.200000	
399.300000	0.019300	0.200000	
400.950000	0.020900	0.200000	
402.600000	0.020700	0.200000	
404.250000	0.019300	0.200000	
405.900000	0.020100	0.200000	
407.550000	0.021300	0.200000	
409.200000	0.020600	0.200000	
410.850000	0.023000	0.200000	
412.500000	0.021500	0.200000	
414.150000	0.022100	0.200000	
415.800000	0.022400	0.200000	
417.450000	0.025600	0.200000	
419.100000	0.023900	0.200000	
420.750000	0.021500	0.200000	
422.400000	0.021300	0.200000	
424.050000	0.020600	0.200000	
425.700000	0.019200	0.200000	
427.350000	0.020200	0.200000	
429.000000	0.020900	0.200000	
430.650000	0.019900	0.200000	
432.300000	0.020800	0.200000	
433.950000	0.019900	0.200000	
435.600000	0.019800	0.200000	
437.250000	0.018300	0.200000	
438.900000	0.018000	0.200000	
440.550000	0.018700	0.200000	
442.200000	0.018200	0.200000	
443.850000	0.018200	0.200000	
445.500000	0.018400	0.200000	
447.150000	0.017700	0.200000	
448.800000	0.017500	0.200000	
450.450000	0.016900	0.200000	
452.100000	0.017100	0.200000	
453.750000	0.016800	0.200000	
455.400000	0.016700	0.200000	
457.050000	0.016300	0.200000	
458.700000	0.015400	0.200000	
460.350000	0.015400	0.200000	
462.000000	0.014700	0.200000	
463.650000	0.014400	0.200000	
465.300000	0.015100	0.200000	
466.950000	0.014400	0.200000	
468.600000	0.014100	0.200000	
470.250000	0.013700	0.200000	
471.900000	0.013200	0.200000	
473.550000	0.014100	0.200000	
475.200000	0.013800	0.200000	
476.850000	0.013500	0.200000	
478.500000	0.014100	0.200000	
480.150000	0.013900	0.200000	
481.800000	0.013500	0.200000	
483.450000	0.014600	0.200000	
485.100000	0.014000	0.200000	
486.750000	0.014300	0.200000	
488.400000	0.014100	0.200000	
490.050000	0.014000	0.200000	
491.700000	0.014600	0.200000	
493.350000	0.015200	0.200000	
495.000000	0.014300	0.200000	
496.650000	0.014100	0.200000	
498.300000	0.014400	0.200000	
499.950000	0.015300	0.200000	
501.600000	0.014400	0.200000	
503.250000	0.015300	0.200000	
504.900000	0.015000	0.200000	
506.550000	0.014500	0.200000	
508.200000	0.015500	0.200000	
509.850000	0.014800	0.200000	
511.500000	0.015300	0.200000	
513.150000	0.014700	0.200000	
514.800000	0.015100	0.200000	
516.450000	0.014500	0.200000	
518.100000	0.015500	0.200000	
519.750000	0.014400	0.200000	
521.400000	0.013900	0.200000	
523.050000	0.014900	0.200000	
524.700000	0.014000	0.200000	
526.350000	0.013500	0.200000	
528.000000	0.013800	0.200000	
529.650000	0.014300	0.200000	
531.300000	0.014300	0.200000	
532.950000	0.013700	0.200000	
534.600000	0.013600	0.200000	
536.250000	0.013700	0.200000	
537.900000	0.014500	0.200000	
539.550000	0.013900	0.200000	
541.200000	0.013200	0.200000	
542.850000	0.013700	0.200000	
544.500000	0.013700	0.200000	
546.150000	0.012600	0.200000	
547.800000	0.012300	0.200000	
549.450000	0.012100	0.200000	
551.100000	0.012600	0.200000	
552.750000	0.011900	0.200000	
554.400000	0.012700	0.200000	
556.050000	0.011400	0.200000	
557.700000	0.011600	0.200000	
559.350000	0.011600	0.200000	
561.000000	0.011700	0.200000	
562.650000	0.010900	0.200000	
564.300000	0.011300	0.200000	
565.950000	0.011600	0.200000	
567.600000	0.011500	0.200000	
569.250000	0.011800	0.200000	
570.900000	0.011700	0.200000	
572.550000	0.011500	0.200000	
574.200000	0.011700	0.200000	
575.850000	0.011700	0.200000	
577.500000	0.011500	0.200000	
579.150000	0.011700	0.200000	
580.800000	0.011600	0.200000	
582.450000	0.012100	0.200000	
584.100000	0.013400	0.200000	
585.750000	0.012600	0.200000	
587.400000	0.012500	0.200000	
589.050000	0.013500	0.200000	
590.700000	0.013000	0.200000	
592.350000	0.012200	0.200000	
594.000000	0.012300	0.200000	
595.650000	0.013600	0.200000	
597.300000	0.013900	0.200000	
598.950000	0.013300	0.200000	
600.600000	0.013200	0.200000	
602.250000	0.013800	0.200000	
603.900000	0.014200	0.200000	
605.550000	0.014700	0.200000	
607.200000	0.014300	0.200000	
608.850000	0.014000	0.200000	
610.500000	0.014500	0.200000	
612.150000	0.013400	0.200000	
613.800000	0.012700	0.200000	
615.450000	0.012900	0.200000	
617.100000	0.013200	0.200000	
618.750000	0.013100	0.200000	
620.400000	0.012900	0.200000	
622.050000	0.013100	0.200000	
623.700000	0.013700	0.200000	
625.350000	0.013000	0.200000	
627.000000	0.012400	0.200000	
628.650000	0.012600	0.200000	
630.300000	0.012800	0.200000	
631.950000	0.012300	0.200000	
633.600000	0.013500	0.200000	
635.250000	0.013900	0.200000	
636.900000	0.013800	0.200000	
638.550000	0.013200	0.200000	
640.200000	0.013400	0.200000	
641.850000	0.013000	0.200000	
643.500000	0.011800	0.200000	
645.150000	0.012100	0.200000	
646.800000	0.012900	0.200000	
648.450000	0.013900	0.200000	
650.100000	0.014000	0.200000	
651.750000	0.013300	0.200000	
653.400000	0.013400	0.200000	
655.050000	0.012800	0.200000	
656.700000	0.011800	0.200000	
658.350000	0.011800	0.200000	
660.000000	0.012400	0.200000	
661.650000	0.012200	0.200000	
663.300000	0.013300	0.200000	
664.950000	0.013400	0.200000	
666.600000	0.013800	0.200000	
668.250000	0.013700	0.200000	
669.900000	0.014100	0.200000	
671.550000	0.014400	0.200000	
673.200000	0.013900	0.200000	
674.850000	0.013800	0.200000	
676.500000	0.014100	0.200000	
678.150000	0.013000	0.200000	
679.800000	0.013900	0.200000	
681.450000	0.013200	0.200000	
683.100000	0.013700	0.200000	
684.750000	0.014100	0.200000	
686.400000	0.014200	0.200000	
688.050000	0.014300	0.200000	
689.700000	0.014300	0.200000	
691.350000	0.016000	0.200000	
693.000000	0.015600	0.200000	
694.650000	0.016100	0.200000	
696.300000	0.016200	0.200000	
697.950000	0.017700	0.200000	
699.600000	0.018800	0.200000	
701.250000	0.019500	0.200000	
702.900000	0.016400	0.200000	
704.550000	0.017900	0.200000	
706.200000	0.016900	0.200000	
707.850000	0.017600	0.200000	
709.500000	0.017700	0.200000	
711.150000	0.018000	0.200000	
712.800000	0.017500	0.200000	
714.450000	0.017900	0.200000	
716.100000	0.018000	0.200000	
717.750000	0.016200	0.200000	
719.400000	0.016100	0.200000	
721.050000	0.015600	0.200000	
722.700000	0.014800	0.200000	
724.350000	0.015300	0.200000	
726.000000	0.016200	0.200000	
727.650000	0.016100	0.200000	
729.300000	0.015300	0.200000	
730.950000	0.016300	0.200000	
732.600000	0.014500	0.200000	
734.250000	0.014200	0.200000	
735.900000	0.014000	0.200000	
737.550000	0.014900	0.200000	
739.200000	0.015300	0.200000	
740.850000	0.014900	0.200000	
742.500000	0.014100	0.200000	
744.150000	0.013600	0.200000	
745.800000	0.013100	0.200000	
747.450000	0.012800	0.200000	
749.100000	0.012800	0.200000	
750.750000	0.013500	0.200000	
752.400000	0.014000	0.200000	
754.050000	0.014000	0.200000	
755.700000	0.013800	0.200000	
757.350000	0.015000	0.200000	
759.000000	0.015200	0.200000	
760.650000	0.015000	0.200000	
762.300000	0.014500	0.200000	
763.950000	0.014600	0.200000	
765.600000	0.014300	0.200000	
767.250000	0.014200	0.200000	
768.900000	0.014000	0.200000	
770.550000	0.013700	0.200000	
772.200000	0.013500	0.200000	
773.850000	0.014600	0.200000	
775.500000	0.013800	0.200000	
777.150000	0.014400	0.200000	
778.800000	0.014400	0.200000	
780.450000	0.014600	0.200000	
782.100000	0.015300	0.200000	
783.750000	0.015400	0.200000	
785.400000	0.015500	0.200000	
787.050000	0.016100	0.200000	
788.700000	0.016400	0.200000	
790.350000	0.017100	0.200000	
792.000000	0.017800	0.200000	
793.650000	0.016800	0.200000	
795.300000	0.016300	0.200000	
796.950000	0.016800	0.200000	
798.600000	0.019000	0.200000	
800.250000	0.017500	0.200000	
801.900000	0.016900	0.200000	
803.550000	0.015700	0.200000	
805.200000	0.015800	0.200000	
806.850000	0.015300	0.200000	
808.500000	0.016000	0.200000	
810.150000	0.014700	0.200000	
811.800000	0.014300	0.200000	
813.450000	0.014400	0.200000	
815.100000	0.013500	0.200000	
816.750000	0.012000	0.200000	
818.400000	0.011500	0.200000	
820.050000	0.012200	0.200000	
821.700000	0.012800	0.200000	
823.350000	0.012100	0.200000	
825.000000	0.012000	0.200000	
826.650000	0.013200	0.200000	
828.300000	0.012500	0.200000	
829.950000	0.012400	0.200000	
831.600000	0.012400	0.200000	
833.250000	0.013100	0.200000	
834.900000	0.013400	0.200000	
836.550000	0.013400	0.200000	
838.200000	0.013000	0.200000	
839.850000	0.013800	0.200000	
841.500000	0.013800	0.200000	
843.150000	0.013700	0.200000	
844.800000	0.014000	0.200000	
846.450000	0.013700	0.200000	
848.100000	0.013600	0.200000	
849.750000	0.013900	0.200000	
851.400000	0.013200	0.200000	
853.050000	0.013800	0.200000	
854.700000	0.014100	0.200000	
856.350000	0.014600	0.200000	
858.000000	0.014300	0.200000	
859.650000	0.015100	0.200000	
861.300000	0.015900	0.200000	
862.950000	0.016000	0.200000	
864.600000	0.014800	0.200000	
866.250000	0.015500	0.200000	
867.900000	0.015700	0.200000	
869.550000	0.016000	0.200000	
871.200000	0.016600	0.200000	
872.850000	0.015300	0.200000	
874.500000	0.016900	0.200000	
876.150000	0.016900	0.200000	
877.800000	0.017700	0.200000	
879.450000	0.017600	0.200000	
881.100000	0.016000	0.200000	
882.750000	0.015000	0.200000	
884.400000	0.016400	0.200000	
886.050000	0.015600	0.200000	
887.700000	0.015600	0.200000	
889.350000	0.016300	0.200000	
891.000000	0.014900	0.200000	
892.650000	0.014400	0.200000	
894.300000	0.013900	0.200000	
895.950000	0.015100	0.200000	
897.600000	0.015700	0.200000	
899.250000	0.015100	0.200000	
900.900000	0.015000	0.200000	
902.550000	0.014500	0.200000	
904.200000	0.014700	0.200000	
905.850000	0.013500	0.200000	
907.500000	0.013600	0.200000	
909.150000	0.013500	0.200000	
910.800000	0.014300	0.200000	
912.450000	0.014400	0.200000	
914.100000	0.014600	0.200000	
915.750000	0.014900	0.200000	
917.400000	0.015100	0.200000	
919.050000	0.016000	0.200000	
920.700000	0.015800	0.200000	
922.350000	0.016800	0.200000	
924.000000	0.016800	0.200000	
925.650000	0.015400	0.200000	
927.300000	0.015900	0.200000	
928.950000	0.016200	0.200000	
930.600000	0.015200	0.200000	
932.250000	0.016200	0.200000	
933.900000	0.016700	0.200000	
935.550000	0.017400	0.200000	
937.200000	0.017500	0.200000	
938.850000	0.017000	0.200000	
940.500000	0.018000	0.200000	
942.150000	0.017400	0.200000	
943.800000	0.016700	0.200000	
945.450000	0.017000	0.200000	
947.100000	0.016700	0.200000	
948.750000	0.017100	0.200000	
950.400000	0.016600	0.200000	
952.050000	0.016500	0.200000	
953.700000	0.016000	0.200000	
955.350000	0.017300	0.200000	
957.000000	0.016200	0.200000	
958.650000	0.015700	0.200000	
960.300000	0.015700	0.200000	
961.950000	0.015900	0.200000	
963.600000	0.016300	0.200000	
965.250000	0.016300	0.200000	
966.900000	0.015800	0.200000	
968.550000	0.015900	0.200000	
970.200000	0.016100	0.200000	
971.850000	0.015700	0.200000	
973.500000	0.015200	0.200000	
975.150000	0.015400	0.200000	
976.800000	0.015300	0.200000	
978.450000	0.014500	0.200000	
980.100000	0.014200	0.200000	
981.750000	0.014200	0.200000	
983.400000	0.014300	0.200000	
985.050000	0.013500	0.200000	
986.700000	0.013600	0.200000	
988.350000	0.013300	0.200000	
990.000000	0.012500	0.200000	
991.650000	0.012800	0.200000	
993.300000	0.013400	0.200000	
994.950000	0.015100	0.200000	
996.600000	0.014300	0.200000	
998.250000	0.014700	0.200000	
999.900000	0.013100	0.200000	
1001.550000	0.012700	0.200000	
1003.200000	0.012800	0.200000	
1004.850000	0.012700	0.200000	
1006.500000	0.012300	0.200000	
1008.150000	0.013100	0.200000	
1009.800000	0.012400	0.200000	
1011.450000	0.012200	0.200000	
1013.100000	0.012300	0.200000	
1014.750000	0.012000	0.200000	
1016.400000	0.012000	0.200000	
1018.050000	0.011900	0.200000	
1019.700000	0.012500	0.200000	
1021.350000	0.012900	0.200000	
1023.000000	0.012900	0.200000	
1024.650000	0.012900	0.200000	
1026.300000	0.012600	0.200000	
1027.950000	0.012700	0.200000	
1029.600000	0.013000	0.200000	
1031.250000	0.013300	0.200000	
1032.900000	0.013800	0.200000	
1034.550000	0.013500	0.200000	
1036.200000	0.012500	0.200000	
1037.850000	0.014500	0.200000	
1039.500000	0.014600	0.200000	
1041.150000	0.013600	0.200000	
1042.800000	0.013000	0.200000	
1044.450000	0.013100	0.200000	
1046.100000	0.013400	0.200000	
1047.750000	0.014400	0.200000	
1049.400000	0.015200	0.200000	
1051.050000	0.015000	0.200000	
1052.700000	0.015200	0.200000	
1054.350000	0.015900	0.200000	
1056.000000	0.016200	0.200000	
1057.650000	0.017200	0.200000	
1059.300000	0.017800	0.200000	
1060.950000	0.018300	0.200000	
1062.600000	0.016800	0.200000	
1064.250000	0.016400	0.200000	
1065.900000	0.016900	0.200000	
1067.550000	0.016100	0.200000	
1069.200000	0.016500	0.200000	
1070.850000	0.016300	0.200000	
1072.500000	0.016100	0.200000	
1074.150000	0.015700	0.200000	
1075.800000	0.015300	0.200000	
1077.450000	0.014500	0.200000	
1079.100000	0.014400	0.200000	
1080.750000	0.014900	0.200000	
1082.400000	0.015400	0.200000	
1084.050000	0.016000	0.200000	
1085.700000	0.016100	0.200000	
1087.350000	0.016200	0.200000	
1089.000000	0.016200	0.200000	
1090.650000	0.016600	0.200000	
1092.300000	0.016800	0.200000	
1093.950000	0.018300	0.200000	
1095.600000	0.018000	0.200000	
1097.250000	0.018300	0.200000	
1098.900000	0.018500	0.200000	
1100.550000	0.019900	0.200000	
1102.200000	0.019100	0.200000	
1103.850000	0.017800	0.200000	
1105.500000	0.017300	0.200000	
1107.150000	0.016600	0.200000	
1108.800000	0.016800	0.200000	
1110.450000	0.016100	0.200000	
1112.100000	0.015700	0.200000	
1113.750000	0.014800	0.200000	
1115.400000	0.014700	0.200000	
1117.050000	0.015800	0.200000	
1118.700000	0.015300	0.200000	
1120.350000	0.015700	0.200000	
1122.000000	0.016200	0.200000	
1123.650000	0.015800	0.200000	
1125.300000	0.016200	0.200000	
1126.950000	0.017100	0.200000	
1128.600000	0.017400	0.200000	
1130.250000	0.017700	0.200000	
1131.900000	0.016700	0.200000	
1133.550000	0.016600	0.200000	
1135.200000	0.017300	0.200000	
1136.850000	0.018000	0.200000	
1138.500000	0.018400	0.200000	
1140.150000	0.018100	0.200000	
1141.800000	0.019100	0.200000	
1143.450000	0.019800	0.200000	
1145.100000	0.020100	0.200000	
1146.750000	0.019500	0.200000	
1148.400000	0.019300	0.200000	
1150.050000	0.020300	0.200000	
1151.700000	0.021100	0.200000	
1153.350000	0.020100	0.200000	
1155.000000	0.021400	0.200000	
1156.650000	0.020400	0.200000	
1158.300000	0.020300	0.200000	
1159.950000	0.021600	0.200000	
1161.600000	0.020400	0.200000	
1163.250000	0.021000	0.200000	
1164.900000	0.020800	0.200000	
1166.550000	0.021200	0.200000	
1168.200000	0.020800	0.200000	
1169.850000	0.020100	0.200000	
1171.500000	0.019800	0.200000	
1173.150000	0.021000	0.200000	
1174.800000	0.020400	0.200000	
1176.450000	0.021200	0.200000	
1178.100000	0.022400	0.200000	
1179.750000	0.021900	0.200000	
1181.400000	0.020800	0.200000	
1183.050000	0.021000	0.200000	
1184.700000	0.022100	0.200000	
1186.350000	0.022800	0.200000	
1188.000000	0.022100	0.200000	
1189.650000	0.022600	0.200000	
1191.300000	0.022500	0.200000	
1192.950000	0.021900	0.200000	
1194.600000	0.022400	0.200000	
1196.250000	0.023400	0.200000	
1197.900000	0.023700	0.200000	
1199.550000	0.022700	0.200000	
1201.200000	0.021900	0.200000	
1202.850000	0.021500	0.200000	
1204.500000	0.022900	0.200000	
1206.150000	0.021000	0.200000	
1207.800000	0.022300	0.200000	
1209.450000	0.021400	0.200000	
1211.100000	0.020300	0.200000	
1212.750000	0.021100	0.200000	
1214.400000	0.020800	0.200000	
1216.050000	0.021600	0.200000	
1217.700000	0.020100	0.200000	
1219.350000	0.020000	0.200000	
1221.000000	0.019800	0.200000	
1222.650000	0.021200	0.200000	
1224.300000	0.019800	0.200000	
1225.950000	0.019700	0.200000	
1227.600000	0.019500	0.200000	
1229.250000	0.019100	0.200000	
1230.900000	0.019300	0.200000	
1232.550000	0.019800	0.200000	
1234.200000	0.018900	0.200000	
1235.850000	0.019000	0.200000	
1237.500000	0.018000	0.200000	
1239.150000	0.018600	0.200000	
1240.800000	0.018600	0.200000	
1242.450000	0.017900	0.200000	
1244.100000	0.016200	0.200000	
1245.750000	0.018000	0.200000	
1247.400000	0.017400	0.200000	
1249.050000	0.017700	0.200000	
1250.700000	0.017600	0.200000	
1252.350000	0.018200	0.200000	
1254.000000	0.017500	0.200000	
1255.650000	0.017500	0.200000	
1257.300000	0.017800	0.200000	
1258.950000	0.018800	0.200000	
1260.600000	0.019100	0.200000	
1262.250000	0.017800	0.200000	
1263.900000	0.018500	0.200000	
1265.550000	0.019700	0.200000	
1267.200000	0.018700	0.200000	
1268.850000	0.018900	0.200000	
1270.500000	0.019400	0.200000	
1272.150000	0.019900	0.200000	
1273.800000	0.019000	0.200000	
1275.450000	0.018800	0.200000	
1277.100000	0.018600	0.200000	
1278.750000	0.017400	0.200000	
1280.400000	0.019000	0.200000	
1282.050000	0.019000	0.200000	
1283.700000	0.018200	0.200000	
1285.350000	0.017900	0.200000	
1287.000000	0.019100	0.200000	
1288.650000	0.018400	0.200000	
1290.300000	0.019100	0.200000	
1291.950000	0.019900	0.200000	
1293.600000	0.019300	0.200000	
1295.250000	0.020400	0.200000	
1296.900000	0.020400	0.200000	
1298.550000	0.020700	0.200000	
1300.200000	0.021000	0.200000	
1301.850000	0.020200	0.200000	
1303.500000	0.020500	0.200000	
1305.150000	0.021200	0.200000	
1306.800000	0.021300	0.200000	
1308.450000	0.020300	0.200000	
1310.100000	0.021000	0.200000	
1311.750000	0.020800	0.200000	
1313.400000	0.021100	0.200000	
1315.050000	0.020600	0.200000	
1316.700000	0.020300	0.200000	
1318.350000	0.020100	0.200000	
1320.000000	0.019000	0.200000	
1321.650000	0.022700	0.200000	
1323.300000	0.021700	0.200000	
1324.950000	0.020600	0.200000	
1326.600000	0.019100	0.200000	
1328.250000	0.018900	0.200000	
1329.900000	0.019100	0.200000	
1331.550000	0.019100	0.200000	
1333.200000	0.019600	0.200000	
1334.850000	0.018900	0.200000	
1336.500000	0.019800	0.200000	
1338.150000	0.018700	0.200000	
1339.800000	0.018600	0.200000	
1341.450000	0.019000	0.200000	
1343.100000	0.019200	0.200000	
1344.750000	0.018700	0.200000	
1346.400000	0.019400	0.200000	
1348.050000	0.019900	0.200000	
1349.700000	0.019400	0.200000	
1351.350000	0.019300	0.200000	
1353.000000	0.020600	0.200000	
1354.650000	0.019300	0.200000	
1356.300000	0.020700	0.200000	
1357.950000	0.020500	0.200000	
1359.600000	0.020400	0.200000	
1361.250000	0.021600	0.200000	
1362.900000	0.020300	0.200000	
1364.550000	0.020800	0.200000	
1366.200000	0.021000	0.200000	
1367.850000	0.020300	0.200000	
1369.500000	0.021000	0.200000	
1371.150000	0.022000	0.200000	
1372.800000	0.022500	0.200000	
1374.450000	0.022000	0.200000	
1376.100000	0.022500	0.200000	
1377.750000	0.023100	0.200000	
1379.400000	0.023200	0.200000	
1381.050000	0.023500	0.200000	
1382.700000	0.023100	0.200000	
1384.350000	0.023700	0.200000	
1386.000000	0.023000	0.200000	
1387.650000	0.022800	0.200000	
1389.300000	0.024600	0.200000	
1390.950000	0.025600	0.200000	
1392.600000	0.023600	0.200000	
1394.250000	0.023200	0.200000	
1395.900000	0.023400	0.200000	
1397.550000	0.022900	0.200000	
1399.200000	0.023000	0.200000	
1400.850000	0.021800	0.200000	
1402.500000	0.022400	0.200000	
1404.150000	0.022000	0.200000	
1405.800000	0.021300	0.200000	
1407.450000	0.021100	0.200000	
1409.100000	0.020000	0.200000	
1410.750000	0.018600	0.200000	
1412.400000	0.018400	0.200000	
1414.050000	0.019200	0.200000	
1415.700000	0.019700	0.200000	
1417.350000	0.019400	0.200000	
1419.000000	0.019700	0.200000	
1420.650000	0.019800	0.200000	
1422.300000	0.020700	0.200000	
1423.950000	0.020700	0.200000	
1425.600000	0.021100	0.200000	
1427.250000	0.019800	0.200000	
1428.900000	0.020400	0.200000	
1430.550000	0.020700	0.200000	
1432.200000	0.019800	0.200000	
1433.850000	0.021100	0.200000	
1435.500000	0.021000	0.200000	
1437.150000	0.021500	0.200000	
1438.800000	0.022100	0.200000	
1440.450000	0.023100	0.200000	
1442.100000	0.021300	0.200000	
1443.750000	0.020900	0.200000	
1445.400000	0.020600	0.200000	
1447.050000	0.020000	0.200000	
1448.700000	0.019500	0.200000	
1450.350000	0.019600	0.200000	
1452.000000	0.018500	0.200000	
1453.650000	0.017800	0.200000	
1455.300000	0.017200	0.200000	
1456.950000	0.016800	0.200000	
1458.600000	0.017000	0.200000	
1460.250000	0.016800	0.200000	
1461.900000	0.016800	0.200000	
1463.550000	0.017700	0.200000	
1465.200000	0.017400	0.200000	
1466.850000	0.018200	0.200000	
1468.500000	0.017700	0.200000	
1470.150000	0.018100	0.200000	
1471.800000	0.018000	0.200000	
1473.450000	0.018000	0.200000	
1475.100000	0.017700	0.200000	
1476.750000	0.018000	0.200000	
1478.400000	0.017700	0.200000	
1480.050000	0.017300	0.200000	
1481.700000	0.017200	0.200000	
1483.350000	0.017100	0.200000	
1485.000000	0.017000	0.200000	
1486.650000	0.016800	0.200000	
1488.300000	0.016800	0.200000	
1489.950000	0.017400	0.200000	
1491.600000	0.018100	0.200000	
1493.250000	0.017200	0.200000	
1494.900000	0.017500	0.200000	
1496.550000	0.018500	0.200000	
1498.200000	0.017700	0.200000	
1499.850000	0.018200	0.200000	
1501.500000	0.019500	0.200000	
1503.150000	0.019800	0.200000	
1504.800000	0.020600	0.200000	
1506.450000	0.020100	0.200000	
1508.100000	0.020400	0.200000	
1509.750000	0.020400	0.200000	
1511.400000	0.022300	0.200000	
1513.050000	0.021600	0.200000	
1514.700000	0.022500	0.200000	
1516.350000	0.022600	0.200000	
1518.000000	0.022100	0.200000	
1519.650000	0.022700	0.200000	
1521.300000	0.022800	0.200000	
1522.950000	0.022900	0.200000	
1524.600000	0.023100	0.200000	
1526.250000	0.023300	0.200000	
1527.900000	0.024900	0.200000	
1529.550000	0.024400	0.200000	
1531.200000	0.025100	0.200000	
1532.850000	0.025600	0.200000	
1534.500000	0.025500	0.200000	
1536.150000	0.026700	0.200000	
1537.800000	0.027400	0.200000	
1539.450000	0.026500	0.200000	
1541.100000	0.027400	0.200000	
1542.750000	0.027400	0.200000	
1544.400000	0.027100	0.200000	
1546.050000	0.029100	0.200000	
1547.700000	0.028300	0.200000	
1549.350000	0.027200	0.200000	
1551.000000	0.028800	0.200000	
1552.650000	0.027500	0.200000	
1554.300000	0.027900	0.200000	
1555.950000	0.028400	0.200000	
1557.600000	0.030000	0.200000	
1559.250000	0.029100	0.200000	
1560.900000	0.028600	0.200000	
1562.550000	0.028300	0.200000	
1564.200000	0.029200	0.200000	
1565.850000	0.029800	0.200000	
1567.500000	0.031000	0.200000	
1569.150000	0.029300	0.200000	
1570.800000	0.029000	0.200000	
1572.450000	0.030200	0.200000	
1574.100000	0.031600	0.200000	
1575.750000	0.030200	0.200000	
1577.400000	0.030000	0.200000	
1579.050000	0.030000	0.200000	
1580.700000	0.031100	0.200000	
1582.350000	0.031300	0.200000	
1584.000000	0.032100	0.200000	
1585.650000	0.031400	0.200000	
1587.300000	0.030900	0.200000	
1588.950000	0.031800	0.200000	
1590.600000	0.032900	0.200000	
1592.250000	0.032300	0.200000	
1593.900000	0.031700	0.200000	
1595.550000	0.030700	0.200000	
1597.200000	0.030500	0.200000	
1598.850000	0.030800	0.200000	
1600.500000	0.033000	0.200000	
1602.150000	0.032000	0.200000	
1603.800000	0.031900	0.200000	
1605.450000	0.032600	0.200000	
1607.100000	0.032900	0.200000	
1608.750000	0.033200	0.200000	
1610.400000	0.032800	0.200000	
1612.050000	0.031700	0.200000	
1613.700000	0.032700	0.200000	
1615.350000	0.031900	0.200000	
1617.000000	0.032800	0.200000	
1618.650000	0.032500	0.200000	
1620.300000	0.034100	0.200000	
1621.950000	0.034100	0.200000	
1623.600000	0.033300	0.200000	
1625.250000	0.033100	0.200000	
1626.900000	0.036400	0.200000	
1628.550000	0.036100	0.200000	
1630.200000	0.034700	0.200000	
1631.850000	0.031800	0.200000	
1633.500000	0.032200	0.200000	
1635.150000	0.032200	0.200000	
1636.800000	0.033900	0.200000	
1638.450000	0.031700	0.200000	
1640.100000	0.032000	0.200000	
1641.750000	0.032000	0.200000	
1643.400000	0.033300	0.200000	
1645.050000	0.032400	0.200000	
1646.700000	0.031900	0.200000	
1648.350000	0.030400	0.200000	
1650.000000	0.032200	0.200000	
1651.650000	0.032300	0.200000	
1653.300000	0.031800	0.200000	
1654.950000	0.032400	0.200000	
1656.600000	0.029800	0.200000	
1658.250000	0.032200	0.200000	
1659.900000	0.033800	0.200000	
1661.550000	0.035500	0.200000	
1663.200000	0.036600	0.200000	
1664.850000	0.036700	0.200000	
1666.500000	0.035000	0.200000	
1668.150000	0.035500	0.200000	
1669.800000	0.034200	0.200000	
1671.450000	0.036700	0.200000	
1673.100000	0.035900	0.200000	
1674.750000	0.035600	0.200000	
1676.400000	0.039000	0.200000	
1678.050000	0.039500	0.200000	
1679.700000	0.039300	0.200000	
1681.350000	0.038200	0.200000	
1683.000000	0.038300	0.200000	
1684.650000	0.041100	0.200000	
1686.300000	0.041200	0.200000	
1687.950000	0.041800	0.200000	
1689.600000	0.040700	0.200000	
1691.250000	0.040000	0.200000	
1692.900000	0.039800	0.200000	
1694.550000	0.038600	0.200000	
1696.200000	0.039600	0.200000	
1697.850000	0.039300	0.200000	
1699.500000	0.041400	0.200000	
1701.150000	0.037300	0.200000	
1702.800000	0.040000	0.200000	
1704.450000	0.039600	0.200000	
1706.100000	0.039000	0.200000	
1707.750000	0.037200	0.200000	
1709.400000	0.039100	0.200000	
1711.050000	0.038000	0.200000	
1712.700000	0.037500	0.200000	
1714.350000	0.037200	0.200000	
1716.000000	0.037300	0.200000	
1717.650000	0.035900	0.200000	
1719.300000	0.034700	0.200000	
1720.950000	0.034200	0.200000	
1722.600000	0.033200	0.200000	
1724.250000	0.031600	0.200000	
1725.900000	0.032100	0.200000	
1727.550000	0.031600	0.200000	
1729.200000	0.031500	0.200000	
1730.850000	0.031100	0.200000	
1732.500000	0.027800	0.200000	
1734.150000	0.027700	0.200000	
1735.800000	0.026800	0.200000	
1737.450000	0.025400	0.200000	
1739.100000	0.027100	0.200000	
1740.750000	0.025700	0.200000	
1742.400000	0.025000	0.200000	
1744.050000	0.023700	0.200000	
1745.700000	0.023200	0.200000	
1747.350000	0.022900	0.200000	
1749.000000	0.022300	0.200000	
1750.650000	0.023700	0.200000	
1752.300000	0.021400	0.200000	
1753.950000	0.021900	0.200000	
1755.600000	0.020900	0.200000	
1757.250000	0.020300	0.200000	
1758.900000	0.019900	0.200000	
1760.550000	0.019300	0.200000	
1762.200000	0.018000	0.200000	
1763.850000	0.016800	0.200000	
1765.500000	0.016700	0.200000	
1767.150000	0.016900	0.200000	
1768.800000	0.015900	0.200000	
1770.450000	0.014600	0.200000	
1772.100000	0.015000	0.200000	
1773.750000	0.014700	0.200000	
1775.400000	0.014800	0.200000	
1777.050000	0.014400	0.200000	
1778.700000	0.014200	0.200000	
1780.350000	0.013700	0.200000	
1782.000000	0.013400	0.200000	
1783.650000	0.012400	0.200000	
1785.300000	0.012400	0.200000	
1786.950000	0.012600	0.200000	
1788.600000	0.012300	0.200000	
1790.250000	0.012300	0.200000	
1791.900000	0.012400	0.200000	
1793.550000	0.011900	0.200000	
1795.200000	0.011900	0.200000	
1796.850000	0.011900	0.200000	
1798.500000	0.012600	0.200000	
1800.150000	0.012400	0.200000	
1801.800000	0.011800	0.200000	
1803.450000	0.012900	0.200000	
1805.100000	0.012200	0.200000	
1806.750000	0.012900	0.200000	
1808.400000	0.012400	0.200000	
1810.050000	0.012500	0.200000	
1811.700000	0.013300	0.200000	
1813.350000	0.013200	0.200000	
1815.000000	0.013200	0.200000	
1816.650000	0.013600	0.200000	
1818.300000	0.012900	0.200000	
1819.950000	0.013300	0.200000	
1821.600000	0.013700	0.200000	
1823.250000	0.014900	0.200000	
1824.900000	0.014300	0.200000	
1826.550000	0.013900	0.200000	
1828.200000	0.013100	0.200000	
1829.850000	0.014000	0.200000	
1831.500000	0.014600	0.200000	
1833.150000	0.014500	0.200000	
1834.800000	0.014000	0.200000	
1836.450000	0.013900	0.200000	
1838.100000	0.014100	0.200000	
1839.750000	0.015200	0.200000	
1841.400000	0.015600	0.200000	
1843.050000	0.015500	0.200000	
1844.700000	0.014900	0.200000	
1846.350000	0.014800	0.200000	
1848.000000	0.014900	0.200000	
1849.650000	0.014800	0.200000	
1851.300000	0.014600	0.200000	
1852.950000	0.014500	0.200000	
1854.600000	0.014900	0.200000	
1856.250000	0.014900	0.200000	
1857.900000	0.014900	0.200000	
1859.550000	0.013900	0.200000	
1861.200000	0.014300	0.200000	
1862.850000	0.013100	0.200000	
1864.500000	0.013800	0.200000	
1866.150000	0.012800	0.200000	
1867.800000	0.012900	0.200000	
1869.450000	0.013100	0.200000	
1871.100000	0.013400	0.200000	
1872.750000	0.012000	0.200000	
1874.400000	0.012400	0.200000	
1876.050000	0.012800	0.200000	
1877.700000	0.012800	0.200000	
1879.350000	0.013200	0.200000	
1881.000000	0.013200	0.200000	
1882.650000	0.015200	0.200000	
1884.300000	0.014800	0.200000	
1885.950000	0.015700	0.200000	
1887.600000	0.016300	0.200000	
1889.250000	0.016300	0.200000	
1890.900000	0.015200	0.200000	
1892.550000	0.015100	0.200000	
1894.200000	0.014300	0.200000	
1895.850000	0.014300	0.200000	
1897.500000	0.013800	0.200000	
1899.150000	0.013600	0.200000	
1900.800000	0.014900	0.200000	
1902.450000	0.015800	0.200000	
1904.100000	0.016000	0.200000	
1905.750000	0.015900	0.200000	
1907.400000	0.015600	0.200000	
1909.050000	0.015100	0.200000	
1910.700000	0.014000	0.200000	
1912.350000	0.013700	0.200000	
1914.000000	0.012200	0.200000	
1915.650000	0.012800	0.200000	
1917.300000	0.012600	0.200000	
1918.950000	0.012900	0.200000	
1920.600000	0.012700	0.200000	
1922.250000	0.012600	0.200000	
1923.900000	0.013200	0.200000	
1925.550000	0.012600	0.200000	
1927.200000	0.013600	0.200000	
1928.850000	0.014300	0.200000	
1930.500000	0.013800	0.200000	
1932.150000	0.015200	0.200000	
1933.800000	0.015100	0.200000	
1935.450000	0.014500	0.200000	
1937.100000	0.014800	0.200000	
1938.750000	0.014500	0.200000	
1940.400000	0.014000	0.200000	
1942.050000	0.013700	0.200000	
1943.700000	0.013000	0.200000	
1945.350000	0.013200	0.200000	
1947.000000	0.012600	0.200000	
1948.650000	0.013100	0.200000	
1950.300000	0.015200	0.200000	
1951.950000	0.015900	0.200000	
1953.600000	0.015300	0.200000	
1955.250000	0.014200	0.200000	
1956.900000	0.013600	0.200000	
1958.550000	0.013800	0.200000	
1960.200000	0.013100	0.200000	
1961.850000	0.013600	0.200000	
1963.500000	0.013900	0.200000	
1965.150000	0.014600	0.200000	
1966.800000	0.014500	0.200000	
1968.450000	0.014600	0.200000	
1970.100000	0.013400	0.200000	
1971.750000	0.014000	0.200000	
1973.400000	0.014600	0.200000	
1975.050000	0.016200	0.200000	
1976.700000	0.017600	0.200000	
1978.350000	0.016900	0.200000	
1980.000000	0.018800	0.200000	
1981.650000	0.018200	0.200000	
1983.300000	0.017800	0.200000	
1984.950000	0.017100	0.200000	
1986.600000	0.015700	0.200000	
1988.250000	0.015000	0.200000	
1989.900000	0.015900	0.200000	
1991.550000	0.015800	0.200000	
1993.200000	0.015000	0.200000	
1994.850000	0.015500	0.200000	
1996.500000	0.015500	0.200000	
1998.150000	0.015100	0.200000	
1999.800000	0.014800	0.200000	
2001.450000	0.015400	0.200000	
2003.100000	0.015100	0.200000	
2004.750000	0.015000	0.200000	
2006.400000	0.014600	0.200000	
2008.050000	0.014800	0.200000	
2009.700000	0.014500	0.200000	
2011.350000	0.015100	0.200000	
2013.000000	0.015300	0.200000	
2014.650000	0.015200	0.200000	
2016.300000	0.015800	0.200000	
2017.950000	0.017200	0.200000	
2019.600000	0.017000	0.200000	
2021.250000	0.018400	0.200000	
2022.900000	0.019400	0.200000	
2024.550000	0.021500	0.200000	
2026.200000	0.019600	0.200000	
2027.850000	0.018200	0.200000	
2029.500000	0.017500	0.200000	
2031.150000	0.018300	0.200000	
2032.800000	0.017200	0.200000	
2034.450000	0.016700	0.200000	
2036.100000	0.017000	0.200000	
2037.750000	0.015500	0.200000	
2039.400000	0.015900	0.200000	
2041.050000	0.016500	0.200000	
2042.700000	0.017400	0.200000	
2044.350000	0.019500	0.200000	
2046.000000	0.018800	0.200000	
2047.650000	0.017100	0.200000	
2049.300000	0.017400	0.200000	
2050.950000	0.015900	0.200000	
2052.600000	0.016200	0.200000	
2054.250000	0.016100	0.200000	
2055.900000	0.016700	0.200000	
2057.550000	0.017000	0.200000	
2059.200000	0.018100	0.200000	
2060.850000	0.019300	0.200000	
2062.500000	0.018200	0.200000	
2064.150000	0.019200	0.200000	
2065.800000	0.019300	0.200000	
2067.450000	0.019300	0.200000	
2069.100000	0.020600	0.200000	
2070.750000	0.020900	0.200000	
2072.400000	0.022300	0.200000	
2074.050000	0.022300	0.200000	
2075.700000	0.022500	0.200000	
2077.350000	0.023300	0.200000	
2079.000000	0.024000	0.200000	
2080.650000	0.023400	0.200000	
2082.300000	0.023600	0.200000	
2083.950000	0.023400	0.200000	
2085.600000	0.024400	0.200000	
2087.250000	0.024300	0.200000	
2088.900000	0.023100	0.200000	
2090.550000	0.023800	0.200000	
2092.200000	0.023900	0.200000	
2093.850000	0.023700	0.200000	
2095.500000	0.024100	0.200000	
2097.150000	0.023500	0.200000	
2098.800000	0.022100	0.200000	
2100.450000	0.020700	0.200000	
2102.100000	0.020600	0.200000	
2103.750000	0.019900	0.200000	
2105.400000	0.018900	0.200000	
2107.050000	0.018900	0.200000	
2108.700000	0.019200	0.200000	
2110.350000	0.019000	0.200000	
2112.000000	0.020300	0.200000	
2113.650000	0.020000	0.200000	
2115.300000	0.021300	0.200000	
2116.950000	0.021800	0.200000	
2118.600000	0.021700	0.200000	
2120.250000	0.021400	0.200000	
2121.900000	0.022400	0.200000	
2123.550000	0.022500	0.200000	
2125.200000	0.022000	0.200000	
2126.850000	0.022400	0.200000	
2128.500000	0.022300	0.200000	
2130.150000	0.024000	0.200000	
2131.800000	0.023300	0.200000	
2133.450000	0.023400	0.200000	
2135.100000	0.024200	0.200000	
2136.750000	0.024400	0.200000	
2138.400000	0.024700	0.200000	
2140.050000	0.024400	0.200000	
2141.700000	0.024700	0.200000	
2143.350000	0.025600	0.200000	
2145.000000	0.027200	0.200000	
2146.650000	0.026200	0.200000	
2148.300000	0.024900	0.200000	
2149.950000	0.026100	0.200000	
2151.600000	0.025400	0.200000	
2153.250000	0.025300	0.200000	
2154.900000	0.025500	0.200000	
2156.550000	0.025100	0.200000	
2158.200000	0.024600	0.200000	
2159.850000	0.024200	0.200000	
2161.500000	0.025200	0.200000	
2163.150000	0.025200	0.200000	
2164.800000	0.024900	0.200000	
2166.450000	0.023700	0.200000	
2168.100000	0.025800	0.200000	
2169.750000	0.024700	0.200000	
2171.400000	0.024800	0.200000	
2173.050000	0.025700	0.200000	
2174.700000	0.027100	0.200000	
2176.350000	0.027300	0.200000	
2178.000000	0.026400	0.200000	
2179.650000	0.025500	0.200000	
2181.300000	0.024700	0.200000	
2182.950000	0.023500	0.200000	
2184.600000	0.023700	0.200000	
2186.250000	0.022000	0.200000	
2187.900000	0.021100	0.200000	
2189.550000	0.021300	0.200000	
2191.200000	0.020500	0.200000	
2192.850000	0.018900	0.200000	
2194.500000	0.019100	0.200000	
2196.150000	0.019900	0.200000	
2197.800000	0.019100	0.200000	
2199.450000	0.018500	0.200000	
2201.100000	0.018000	0.200000	
2202.750000	0.017200	0.200000	
2204.400000	0.016700	0.200000	
2206.050000	0.015600	0.200000	
2207.700000	0.015700	0.200000	
2209.350000	0.015000	0.200000	
2211.000000	0.014700	0.200000	
2212.650000	0.014800	0.200000	
2214.300000	0.014300	0.200000	
2215.950000	0.014700	0.200000	
2217.600000	0.015400	0.200000	
2219.250000	0.015800	0.200000	
2220.900000	0.017500	0.200000	
2222.550000	0.019000	0.200000	
2224.200000	0.017800	0.200000	
2225.850000	0.017300	0.200000	
2227.500000	0.015500	0.200000	
2229.150000	0.015100	0.200000	
2230.800000	0.014500	0.200000	
2232.450000	0.015200	0.200000	
2234.100000	0.018100	0.200000	
2235.750000	0.016500	0.200000	
2237.400000	0.015000	0.200000	
2239.050000	0.015400	0.200000	
2240.700000	0.016300	0.200000	
2242.350000	0.017400	0.200000	
2244.000000	0.017000	0.200000	
2245.650000	0.017100	0.200000	
2247.300000	0.017900	0.200000	
2248.950000	0.018700	0.200000	
2250.600000	0.018600	0.200000	
2252.250000	0.018800	0.200000	
2253.900000	0.020800	0.200000	
2255.550000	0.021100	0.200000	
2257.200000	0.020600	0.200000	
2258.850000	0.022300	0.200000	
2260.500000	0.022700	0.200000	
2262.150000	0.022500	0.200000	
2263.800000	0.022400	0.200000	
2265.450000	0.022600	0.200000	
2267.100000	0.023500	0.200000	
2268.750000	0.022900	0.200000	
2270.400000	0.023900	0.200000	
2272.050000	0.024300	0.200000	
2273.700000	0.023900	0.200000	
2275.350000	0.023800	0.200000	
2277.000000	0.026900	0.200000	
2278.650000	0.026200	0.200000	
2280.300000	0.026700	0.200000	
2281.950000	0.027900	0.200000	
2283.600000	0.029200	0.200000	
2285.250000	0.031100	0.200000	
2286.900000	0.031700	0.200000	
2288.550000	0.036600	0.200000	
2290.200000	0.037200	0.200000	
2291.850000	0.037300	0.200000	
2293.500000	0.037400	0.200000	
2295.150000	0.036200	0.200000	
2296.800000	0.035600	0.200000	
2298.450000	0.034000	0.200000	
2300.100000	0.032800	0.200000	
2301.750000	0.033300	0.200000	
2303.400000	0.030500	0.200000	
2305.050000	0.027700	0.200000	
2306.700000	0.025200	0.200000	
2308.350000	0.024100	0.200000	
2310.000000	0.022900	0.200000	
2311.650000	0.021300	0.200000	
2313.300000	0.020000	0.200000	
2314.950000	0.018100	0.200000	
2316.600000	0.016000	0.200000	
2318.250000	0.016400	0.200000	
2319.900000	0.017100	0.200000	
2321.550000	0.017800	0.200000	
2323.200000	0.017000	0.200000	
2324.850000	0.016300	0.200000	
2326.500000	0.015200	0.200000	
2328.150000	0.014400	0.200000	
2329.800000	0.014300	0.200000	
2331.450000	0.014700	0.200000	
2333.100000	0.013400	0.200000	
2334.750000	0.013300	0.200000	
2336.400000	0.013700	0.200000	
2338.050000	0.013400	0.200000	
2339.700000	0.014400	0.200000	
2341.350000	0.013500	0.200000	
2343.000000	0.013600	0.200000	
2344.650000	0.013000	0.200000	
2346.300000	0.013700	0.200000	
2347.950000	0.013800	0.200000	
2349.600000	0.013400	0.200000	
2351.250000	0.014000	0.200000	
2352.900000	0.014900	0.200000	
2354.550000	0.013900	0.200000	
2356.200000	0.013800	0.200000	
2357.850000	0.013800	0.200000	
2359.500000	0.014800	0.200000	
2361.150000	0.015700	0.200000	
2362.800000	0.015000	0.200000	
2364.450000	0.016000	0.200000	
2366.100000	0.016600	0.200000	
2367.750000	0.018400	0.200000	
2369.400000	0.017600	0.200000	
2371.050000	0.017300	0.200000	
2372.700000	0.016600	0.200000	
2374.350000	0.016400	0.200000	
2376.000000	0.015000	0.200000	
2377.650000	0.015800	0.200000	
2379.300000	0.014800	0.200000	
2380.950000	0.015400	0.200000	
2382.600000	0.015100	0.200000	
2384.250000	0.014700	0.200000	
2385.900000	0.014900	0.200000	
2387.550000	0.014600	0.200000	
2389.200000	0.014400	0.200000	
2390.850000	0.014200	0.200000	
2392.500000	0.014300	0.200000	
2394.150000	0.014500	0.200000	
2395.800000	0.014600	0.200000	
2397.450000	0.014700	0.200000	
2399.100000	0.015300	0.200000	
2400.750000	0.014900	0.200000	
2402.400000	0.014400	0.200000	
2404.050000	0.015600	0.200000	
2405.700000	0.014400	0.200000	
2407.350000	0.014900	0.200000	
2409.000000	0.015200	0.200000	
2410.650000	0.017300	0.200000	
2412.300000	0.016400	0.200000	
2413.950000	0.015400	0.200000	
2415.600000	0.016300	0.200000	
2417.250000	0.016700	0.200000	
2418.900000	0.017100	0.200000	
2420.550000	0.017400	0.200000	
2422.200000	0.017600	0.200000	
2423.850000	0.017600	0.200000	
2425.500000	0.017500	0.200000	
2427.150000	0.018200	0.200000	
2428.800000	0.018900	0.200000	
2430.450000	0.018600	0.200000	
2432.100000	0.018900	0.200000	
2433.750000	0.020100	0.200000	
2435.400000	0.019600	0.200000	
2437.050000	0.019800	0.200000	
2438.700000	0.019900	0.200000	
2440.350000	0.021700	0.200000	
2442.000000	0.020900	0.200000	
2443.650000	0.020900	0.200000	
2445.300000	0.018700	0.200000	
2446.950000	0.018500	0.200000	
2448.600000	0.017400	0.200000	
2450.250000	0.017300	0.200000	
2451.900000	0.016000	0.200000	
2453.550000	0.016500	0.200000	
2455.200000	0.016200	0.200000	
2456.850000	0.017300	0.200000	
2458.500000	0.019100	0.200000	
2460.150000	0.017100	0.200000	
2461.800000	0.017000	0.200000	
2463.450000	0.016000	0.200000	
2465.100000	0.017200	0.200000	
2466.750000	0.017400	0.200000	
2468.400000	0.018600	0.200000	
2470.050000	0.018600	0.200000	
2471.700000	0.016900	0.200000	
2473.350000	0.016600	0.200000	
2475.000000	0.017900	0.200000	
2476.650000	0.018600	0.200000	
2478.300000	0.019000	0.200000	
2479.950000	0.019700	0.200000	
2481.600000	0.019800	0.200000	
2483.250000	0.021100	0.200000	
2484.900000	0.019000	0.200000	
2486.550000	0.018300	0.200000	
2488.200000	0.016400	0.200000	
2489.850000	0.016800	0.200000	
2491.500000	0.017200	0.200000	
2493.150000	0.016900	0.200000	
2494.800000	0.016100	0.200000	
2496.450000	0.016200	0.200000	
2498.100000	0.016700	0.200000	
2499.750000	0.016400	0.200000	
2501.400000	0.016700	0.200000	
2503.050000	0.017800	0.200000	
2504.700000	0.019500	0.200000	
2506.350000	0.019700	0.200000	
2508.000000	0.020400	0.200000	
2509.650000	0.020500	0.200000	
2511.300000	0.022800	0.200000	
2512.950000	0.024400	0.200000	
2514.600000	0.021700	0.200000	
2516.250000	0.020900	0.200000	
2517.900000	0.020700	0.200000	
2519.550000	0.018700	0.200000	
2521.200000	0.019000	0.200000	
2522.850000	0.019200	0.200000	
2524.500000	0.020000	0.200000	
2526.150000	0.021400	0.200000	
2527.800000	0.022500	0.200000	
2529.450000	0.023000	0.200000	
2531.100000	0.024200	0.200000	
2532.750000	0.024600	0.200000	
2534.400000	0.025500	0.200000	
2536.050000	0.026600	0.200000	
2537.700000	0.027900	0.200000	
2539.350000	0.027200	0.200000	
2541.000000	0.028200	0.200000	
2542.650000	0.029800	0.200000	
2544.300000	0.030200	0.200000	
2545.950000	0.029800	0.200000	
2547.600000	0.029600	0.200000	
2549.250000	0.030500	0.200000	
2550.900000	0.031300	0.200000	
2552.550000	0.030200	0.200000	
2554.200000	0.031800	0.200000	
2555.850000	0.029800	0.200000	
2557.500000	0.029600	0.200000	
2559.150000	0.030300	0.200000	
2560.800000	0.031100	0.200000	
2562.450000	0.029600	0.200000	
2564.100000	0.028500	0.200000	
2565.750000	0.029000	0.200000	
2567.400000	0.032000	0.200000	
2569.050000	0.034700	0.200000	
2570.700000	0.037800	0.200000	
2572.350000	0.037900	0.200000	
2574.000000	0.040600	0.200000	
2575.650000	0.039300	0.200000	
2577.300000	0.039500	0.200000	
2578.950000	0.040500	0.200000	
2580.600000	0.038600	0.200000	
2582.250000	0.035400	0.200000	
2583.900000	0.033800	0.200000	
2585.550000	0.031000	0.200000	
2587.200000	0.028400	0.200000	
2588.850000	0.025600	0.200000	
2590.500000	0.024100	0.200000	
2592.150000	0.023000	0.200000	
2593.800000	0.020900	0.200000	
2595.450000	0.018700	0.200000	
2597.100000	0.017300	0.200000	
2598.750000	0.015700	0.200000	
2600.400000	0.013400	0.200000	
2602.050000	0.013000	0.200000	
2603.700000	0.013700	0.200000	
2605.350000	0.013800	0.200000	
2607.000000	0.014300	0.200000	
2608.650000	0.014600	0.200000	
2610.300000	0.014800	0.200000	
2611.950000	0.015100	0.200000	
2613.600000	0.015600	0.200000	
2615.250000	0.015900	0.200000	
2616.900000	0.015500	0.200000	
2618.550000	0.015200	0.200000	
2620.200000	0.015400	0.200000	
2621.850000	0.015600	0.200000	
2623.500000	0.015500	0.200000	
2625.150000	0.013900	0.200000	
2626.800000	0.014100	0.200000	
2628.450000	0.014100	0.200000	
2630.100000	0.013700	0.200000	
2631.750000	0.014100	0.200000	
2633.400000	0.014600	0.200000	
2635.050000	0.014600	0.200000	
2636.700000	0.015300	0.200000	
2638.350000	0.015600	0.200000	
2640.000000	0.015800	0.200000	
2641.650000	0.014800	0.200000	
2643.300000	0.015500	0.200000	
2644.950000	0.015200	0.200000	
2646.600000	0.015700	0.200000	
2648.250000	0.015100	0.200000	
2649.900000	0.015300	0.200000	
2651.550000	0.016100	0.200000	
2653.200000	0.017000	0.200000	
2654.850000	0.017100	0.200000	
2656.500000	0.018700	0.200000	
2658.150000	0.017300	0.200000	
2659.800000	0.015300	0.200000	
2661.450000	0.015300	0.200000	
2663.100000	0.016100	0.200000	
2664.750000	0.016700	0.200000	
2666.400000	0.016900	0.200000	
2668.050000	0.017800	0.200000	
2669.700000	0.019000	0.200000	
2671.350000	0.019100	0.200000	
2673.000000	0.020000	0.200000	
2674.650000	0.019000	0.200000	
2676.300000	0.018000	0.200000	
2677.950000	0.017900	0.200000	
2679.600000	0.019300	0.200000	
2681.250000	0.020000	0.200000	
2682.900000	0.021300	0.200000	
2684.550000	0.019100	0.200000	
2686.200000	0.017400	0.200000	
2687.850000	0.016300	0.200000	
2689.500000	0.017600	0.200000	
2691.150000	0.018200	0.200000	
2692.800000	0.018900	0.200000	
2694.450000	0.020400	0.200000	
2696.100000	0.022100	0.200000	
2697.750000	0.022800	0.200000	
2699.400000	0.024600	0.200000	
2701.050000	0.024600	0.200000	
2702.700000	0.026000	0.200000	
2704.350000	0.027100	0.200000	
2706.000000	0.027700	0.200000	
2707.650000	0.026900	0.200000	
2709.300000	0.028500	0.200000	
2710.950000	0.028600	0.200000	
2712.600000	0.030800	0.200000	
2714.250000	0.030300	0.200000	
2715.900000	0.032200	0.200000	
2717.550000	0.032600	0.200000	
2719.200000	0.032800	0.200000	
2720.850000	0.034400	0.200000	
2722.500000	0.034000	0.200000	
2724.150000	0.033600	0.200000	
2725.800000	0.033300	0.200000	
2727.450000	0.034200	0.200000	
2729.100000	0.035700	0.200000	
2730.750000	0.034300	0.200000	
2732.400000	0.036000	0.200000	
2734.050000	0.035300	0.200000	
2735.700000	0.035400	0.200000	
2737.350000	0.034000	0.200000	
2739.000000	0.035300	0.200000	
2740.650000	0.034600	0.200000	
2742.300000	0.033200	0.200000	
2743.950000	0.032600	0.200000	
2745.600000	0.032600	0.200000	
2747.250000	0.030500	0.200000	
2748.900000	0.029700	0.200000	
2750.550000	0.030500	0.200000	
2752.200000	0.029600	0.200000	
2753.850000	0.029300	0.200000	
2755.500000	0.029600	0.200000	
2757.150000	0.029700	0.200000	
2758.800000	0.030600	0.200000	
2760.450000	0.030200	0.200000	
2762.100000	0.029000	0.200000	
2763.750000	0.029400	0.200000	
2765.400000	0.028300	0.200000	
2767.050000	0.028100	0.200000	
2768.700000	0.026000	0.200000	
2770.350000	0.025800	0.200000	
2772.000000	0.025100	0.200000	
2773.650000	0.027900	0.200000	
2775.300000	0.030300	0.200000	
2776.950000	0.026800	0.200000	
2778.600000	0.024000	0.200000	
2780.250000	0.020700	0.200000	
2781.900000	0.017600	0.200000	
2783.550000	0.013900	0.200000	
2785.200000	0.011800	0.200000	
2786.850000	0.011800	0.200000	
2788.500000	0.011400	0.200000	
2790.150000	0.011400	0.200000	
2791.800000	0.010900	0.200000	
2793.450000	0.012000	0.200000	
2795.100000	0.013500	0.200000	
2796.750000	0.015200	0.200000	
2798.400000	0.015800	0.200000	
2800.050000	0.017300	0.200000	
2801.700000	0.016500	0.200000	
2803.350000	0.015800	0.200000	
2805.000000	0.016500	0.200000	
2806.650000	0.016800	0.200000	
2808.300000	0.016200	0.200000	
2809.950000	0.014500	0.200000	
2811.600000	0.015000	0.200000	
2813.250000	0.015900	0.200000	
2814.900000	0.015000	0.200000	
2816.550000	0.013700	0.200000	
2818.200000	0.013800	0.200000	
2819.850000	0.015700	0.200000	
2821.500000	0.019100	0.200000	
2823.150000	0.017700	0.200000	
2824.800000	0.015600	0.200000	
2826.450000	0.018500	0.200000	
2828.100000	0.018700	0.200000	
2829.750000	0.016700	0.200000	
2831.400000	0.017900	0.200000	
2833.050000	0.019100	0.200000	
2834.700000	0.019900	0.200000	
2836.350000	0.020800	0.200000	
2838.000000	0.021100	0.200000	
2839.650000	0.022700	0.200000	
2841.300000	0.024100	0.200000	
2842.950000	0.023700	0.200000	
2844.600000	0.023500	0.200000	
2846.250000	0.022100	0.200000	
2847.900000	0.021500	0.200000	
2849.550000	0.021400	0.200000	
2851.200000	0.020900	0.200000	
2852.850000	0.021100	0.200000	
2854.500000	0.020800	0.200000	
2856.150000	0.020900	0.200000	
2857.800000	0.020500	0.200000	
2859.450000	0.020000	0.200000	
2861.100000	0.020000	0.200000	
2862.750000	0.020300	0.200000	
2864.400000	0.020400	0.200000	
2866.050000	0.018700	0.200000	
2867.700000	0.019500	0.200000	
2869.350000	0.019600	0.200000	
2871.000000	0.017700	0.200000	
2872.650000	0.018300	0.200000	
2874.300000	0.018300	0.200000	
2875.950000	0.018800	0.200000	
2877.600000	0.019300	0.200000	
2879.250000	0.019700	0.200000	
2880.900000	0.021000	0.200000	
2882.550000	0.020500	0.200000	
2884.200000	0.021600	0.200000	
2885.850000	0.021800	0.200000	
2887.500000	0.022000	0.200000	
2889.150000	0.022100	0.200000	
2890.800000	0.021500	0.200000	
2892.450000	0.020900	0.200000	
2894.100000	0.019800	0.200000	
2895.750000	0.019600	0.200000	
2897.400000	0.019800	0.200000	
2899.050000	0.019600	0.200000	
2900.700000	0.019900	0.200000	
2902.350000	0.020300	0.200000	
2904.000000	0.017900	0.200000	
2905.650000	0.014800	0.200000	
2907.300000	0.013400	0.200000	
2908.950000	0.014000	0.200000	
2910.600000	0.014400	0.200000	
2912.250000	0.014300	0.200000	
2913.900000	0.013200	0.200000	
2915.550000	0.013500	0.200000	
2917.200000	0.014000	0.200000	
2918.850000	0.014000	0.200000	
2920.500000	0.015100	0.200000	
2922.150000	0.016300	0.200000	
2923.800000	0.017900	0.200000	
2925.450000	0.017500	0.200000	
2927.100000	0.016900	0.200000	
2928.750000	0.019300	0.200000	
2930.400000	0.021400	0.200000	
2932.050000	0.022800	0.200000	
2933.700000	0.020500	0.200000	
2935.350000	0.019600	0.200000	
2937.000000	0.018800	0.200000	
2938.650000	0.017900	0.200000	
2940.300000	0.019700	0.200000	
2941.950000	0.020100	0.200000	
2943.600000	0.020700	0.200000	
2945.250000	0.021500	0.200000	
2946.900000	0.022300	0.200000	
2948.550000	0.022800	0.200000	
2950.200000	0.023600	0.200000	
2951.850000	0.024600	0.200000	
2953.500000	0.024100	0.200000	
2955.150000	0.024900	0.200000	
2956.800000	0.024600	0.200000	
2958.450000	0.025100	0.200000	
2960.100000	0.025200	0.200000	
2961.750000	0.025500	0.200000	
2963.400000	0.025100	0.200000	
2965.050000	0.025800	0.200000	
2966.700000	0.025400	0.200000	
2968.350000	0.025300	0.200000	
2970.000000	0.025500	0.200000	
2971.650000	0.025400	0.200000	
2973.300000	0.024900	0.200000	
2974.950000	0.025600	0.200000	
2976.600000	0.025000	0.200000	
2978.250000	0.025600	0.200000	
2979.900000	0.026100	0.200000	
2981.550000	0.026400	0.200000	
2983.200000	0.025200	0.200000	
2984.850000	0.024800	0.200000	
2986.500000	0.024600	0.200000	
2988.150000	0.025700	0.200000	
2989.800000	0.027000	0.200000	
2991.450000	0.027300	0.200000	
2993.100000	0.026500	0.200000	
2994.750000	0.023000	0.200000	
2996.400000	0.020500	0.200000	
2998.050000	0.017400	0.200000	
2999.700000	0.017000	0.200000	
3001.350000	0.017000	0.200000	
3003.000000	0.017100	0.200000	
3004.650000	0.020200	0.200000	
3006.300000	0.019300	0.200000	
3007.950000	0.018400	0.200000	
3009.600000	0.020100	0.200000	
3011.250000	0.018400	0.200000	
3012.900000	0.016300	0.200000	
3014.550000	0.018400	0.200000	
3016.200000	0.019200	0.200000	
3017.850000	0.020100	0.200000	
3019.500000	0.021800	0.200000	
3021.150000	0.024200	0.200000	
3022.800000	0.026200	0.200000	
3024.450000	0.025700	0.200000	
3026.100000	0.026700	0.200000	
3027.750000	0.026300	0.200000	
3029.400000	0.024800	0.200000	
3031.050000	0.024900	0.200000	
3032.700000	0.024900	0.200000	
3034.350000	0.023600	0.200000	
3036.000000	0.023700	0.200000	
3037.650000	0.017700	0.200000	
3039.300000	0.012200	0.200000	
3040.950000	0.012000	0.200000	
3042.600000	0.011900	0.200000	
3044.250000	0.012900	0.200000	
3045.900000	0.014700	0.200000	
3047.550000	0.015800	0.200000	
3049.200000	0.015300	0.200000	
3050.850000	0.016500	0.200000	
3052.500000	0.015700	0.200000	
3054.150000	0.014600	0.200000	
3055.800000	0.015300	0.200000	
3057.450000	0.013900	0.200000	
3059.100000	0.014900	0.200000	
3060.750000	0.016700	0.200000	
3062.400000	0.015200	0.200000	
3064.050000	0.015700	0.200000	
3065.700000	0.017900	0.200000	
3067.350000	0.017800	0.200000	
3069.000000	0.019000	0.200000	
3070.650000	0.018500	0.200000	
3072.300000	0.016600	0.200000	
3073.950000	0.018300	0.200000	
3075.600000	0.018600	0.200000	
3077.250000	0.019700	0.200000	
3078.900000	0.020400	0.200000	
3080.550000	0.021100	0.200000	
3082.200000	0.021700	0.200000	
3083.850000	0.021800	0.200000	
3085.500000	0.022600	0.200000	
3087.150000	0.023200	0.200000	
3088.800000	0.023900	0.200000	
3090.450000	0.024900	0.200000	
3092.100000	0.024600	0.200000	
3093.750000	0.024800	0.200000	
3095.400000	0.025100	0.200000	
3097.050000	0.024900	0.200000	
3098.700000	0.024700	0.200000	
3100.350000	0.023500	0.200000	
3102.000000	0.023300	0.200000	
3103.650000	0.024500	0.200000	
3105.300000	0.023600	0.200000	
3106.950000	0.022900	0.200000	
3108.600000	0.021600	0.200000	
3110.250000	0.020700	0.200000	
3111.900000	0.020700	0.200000	
3113.550000	0.020000	0.200000	
3115.200000	0.019500	0.200000	
3116.850000	0.020000	0.200000	
3118.500000	0.017800	0.200000	
3120.150000	0.016300	0.200000	
3121.800000	0.016000	0.200000	
3123.450000	0.017500	0.200000	
3125.100000	0.018000	0.200000	
3126.750000	0.017700	0.200000	
3128.400000	0.018100	0.200000	
3130.050000	0.019100	0.200000	
3131.700000	0.020500	0.200000	
3133.350000	0.020200	0.200000	
3135.000000	0.020300	0.200000	
3136.650000	0.019100	0.200000	
3138.300000	0.015700	0.200000	
3139.950000	0.015200	0.200000	
3141.600000	0.015100	0.200000	
3143.250000	0.015500	0.200000	
3144.900000	0.015600	0.200000	
3146.550000	0.015500	0.200000	
3148.200000	0.015300	0.200000	
3149.850000	0.014600	0.200000	
3151.500000	0.014900	0.200000	
3153.150000	0.016400	0.200000	
3154.800000	0.019000	0.200000	
3156.450000	0.017300	0.200000	
3158.100000	0.015100	0.200000	
3159.750000	0.017000	0.200000	
3161.400000	0.018800	0.200000	
3163.050000	0.016500	0.200000	
3164.700000	0.017200	0.200000	
3166.350000	0.020200	0.200000	
3168.000000	0.019200	0.200000	
3169.650000	0.021100	0.200000	
3171.300000	0.022600	0.200000	
3172.950000	0.023500	0.200000	
3174.600000	0.023400	0.200000	
3176.250000	0.024500	0.200000	
3177.900000	0.026100	0.200000	
3179.550000	0.027600	0.200000	
3181.200000	0.024500	0.200000	
3182.850000	0.021800	0.200000	
3184.500000	0.018700	0.200000	
3186.150000	0.015900	0.200000	
3187.800000	0.013800	0.200000	
3189.450000	0.013800	0.200000	
3191.100000	0.013600	0.200000	
3192.750000	0.014800	0.200000	
