#PROGRAM: dep90.pas
#PROT: N: 64
#PROT: TE: -28
#PROT: T: 34.650
#PROT: DB: 1650 78.00 # end of core
#PROT: DB: 550 78.00 # bag cut
#PROT: DB: 1100 78.00 # bag cut
#PROT: DB: 450 78.00
#PROT: # meltlayers in bag 66
# depth c250k g250k c200k g200k c100k g100k c50k g50k 
    34.655   0.111007  33.481000   0.111242  33.392300   0.113112  33.001700   0.119812  32.452300 
    34.660   0.133736  47.096800   0.134020  47.010700   0.137491  46.249500   0.148428  45.038300 
    34.665   0.140672  50.267400   0.141136  50.119700   0.145210  49.253800   0.158161  47.682700 
    34.670   0.143020  50.543500   0.143440  50.407200   0.147492  49.729700   0.160342  48.213500 
    34.675   0.144382  50.544300   0.144764  50.405600   0.148566  49.840400   0.161093  48.474700 
    34.680   0.145520  51.037600   0.145908  50.908900   0.149562  50.253800   0.162071  49.077100 
    34.685   0.146119  51.589900   0.146497  51.448300   0.150193  50.823800   0.162833  49.658300 
    34.690   0.146311  52.184900   0.146702  52.053900   0.150514  51.406900   0.163428  50.194900 
    34.695   0.146391  52.878400   0.146811  52.742000   0.150757  52.082200   0.164151  50.813900 
    34.700   0.146519  53.894100   0.146974  53.758900   0.151160  53.024400   0.165125  51.658200 
    34.705   0.146988  54.883300   0.147447  54.717200   0.151764  53.954400   0.166117  52.554400 
    34.710   0.147507  55.516800   0.147954  55.371500   0.152281  54.641700   0.166756  53.260200 
    34.715   0.147561  55.871100   0.148031  55.738000   0.152320  54.993300   0.166825  53.661400 
    34.720   0.147399  56.070200   0.147864  55.932400   0.152139  55.219300   0.166598  53.911300 
    34.725   0.147437  56.676300   0.147910  56.526200   0.152304  55.791600   0.167140  54.443100 
    34.730   0.147591  57.482000   0.148084  57.339100   0.152679  56.539100   0.168102  55.120800 
    34.735   0.147390  58.359200   0.147923  58.172900   0.152817  57.316700   0.169052  55.677900 
    34.740   0.146763  58.850700   0.147344  58.641200   0.152528  57.664600   0.169364  55.889700 
    34.745   0.146548  58.637000   0.147113  58.440700   0.152190  57.540200   0.168727  55.818900 
    34.750   0.146746  57.489500   0.147224  57.364900   0.151658  56.655000   0.166785  55.338600 
    34.755   0.146618  57.439900   0.147076  57.311000   0.151376  56.645200   0.166121  55.471400 
    34.760   0.146444  59.515100   0.146968  59.355800   0.152025  58.443900   0.168737  56.815900 
    34.765   0.146496  61.431800   0.147162  61.229300   0.152895  60.145200   0.171384  58.130400 
    34.770   0.147001  62.707300   0.147700  62.565900   0.153789  61.346800   0.173184  59.129900 
    34.775   0.147469  63.365500   0.148191  63.178700   0.154463  61.892200   0.174194  59.580800 
    34.780   0.147791  62.880800   0.148504  62.751400   0.154661  61.445100   0.173883  59.176300 
    34.785   0.148053  60.421100   0.148671  60.244400   0.153939  59.206200   0.170869  57.451600 
    34.790   0.148343  56.132500   0.148726  56.027300   0.152411  55.450800   0.165282  54.577900 
    34.795   0.148789  53.850500   0.149036  53.751400   0.151769  53.419100   0.162210  53.095400 
    34.800   0.149137  55.827000   0.149470  55.702600   0.152811  55.228900   0.164855  54.558300 
    34.805   0.149407  60.094600   0.149946  59.918100   0.154775  59.034600   0.170748  57.536700 
    34.810   0.149707  63.021300   0.150389  62.836800   0.156159  61.707200   0.174551  59.680300 
    34.815   0.149693  63.440300   0.150350  63.331000   0.156160  62.140600   0.174769  60.114300 
    34.820   0.149378  62.468300   0.150004  62.277800   0.155397  61.317200   0.173084  59.530200 
    34.825   0.149446  61.193600   0.150003  61.026100   0.154885  60.203800   0.171231  58.707900 
    34.830   0.150727  60.509900   0.151204  60.342200   0.155727  59.634100   0.171182  58.375200 
    34.835   0.153136  60.797900   0.153578  60.671400   0.157970  60.013600   0.173209  58.909200 
    34.840   0.154714  61.388300   0.155149  61.277300   0.159565  60.631600   0.175056  59.466500 
    34.845   0.154613  61.495400   0.155099  61.354600   0.159676  60.661000   0.175424  59.373200 
    34.850   0.153786  60.651200   0.154268  60.496400   0.158790  59.774200   0.174244  58.466900 
    34.855   0.153054  58.653800   0.153463  58.509000   0.157432  57.915500   0.171522  56.865000 
    34.860   0.153136  57.195700   0.153546  57.111500   0.157020  56.595700   0.169944  55.792700 
    34.865   0.153197  56.962600   0.153582  56.866000   0.157068  56.377000   0.169874  55.570100 
    34.870   0.153003  57.095200   0.153465  56.982900   0.156960  56.487500   0.169962  55.599700 
    34.875   0.151906  57.439200   0.152299  57.315800   0.156220  56.729900   0.169538  55.744200 
    34.880   0.149530  58.024000   0.149992  57.883400   0.154356  57.136400   0.168888  55.769300 
    34.885   0.148320  58.765400   0.148841  58.588600   0.153583  57.708700   0.169028  56.129200 
    34.890   0.148326  59.235600   0.148860  59.055400   0.153620  58.193000   0.169250  56.601900 
    34.895   0.148446  59.368600   0.148961  59.221700   0.153712  58.369900   0.169242  56.826600 
    34.900   0.148486  59.368700   0.149000  59.201600   0.153712  58.367000   0.169197  56.843900 
    34.905   0.148372  59.076000   0.148886  58.934800   0.153559  58.103100   0.169004  56.576200 
    34.910   0.148294  58.732600   0.148802  58.580500   0.153422  57.756100   0.168655  56.266000 
    34.915   0.148458  58.511200   0.148966  58.346000   0.153483  57.561700   0.168524  56.121900 
    34.920   0.148495  58.109300   0.148981  57.944600   0.153414  57.176600   0.168159  55.763500 
    34.925   0.148487  57.687100   0.148933  57.510700   0.153322  56.744500   0.167919  55.379600 
    34.930   0.148434  57.264700   0.148890  57.083500   0.153212  56.335300   0.167696  54.944400 
    34.935   0.148283  56.728700   0.148738  56.592100   0.152994  55.833800   0.167269  54.449300 
    34.940   0.148507  56.394600   0.148963  56.244600   0.153220  55.506200   0.167314  54.137200 
    34.945   0.148842  56.016900   0.149268  55.886500   0.153413  55.195900   0.167351  53.859300 
    34.950   0.148844  55.589400   0.149265  55.474000   0.153347  54.787500   0.167086  53.499400 
    34.955   0.148700  55.329100   0.149109  55.193100   0.153190  54.515800   0.166855  53.186700 
    34.960   0.148571  55.036600   0.148976  54.889500   0.153047  54.193300   0.166628  52.865000 
    34.965   0.148567  54.749500   0.148995  54.605400   0.153052  53.899300   0.166567  52.564000 
    34.970   0.148778  54.556100   0.149203  54.441800   0.153230  53.722600   0.166726  52.415300 
    34.975   0.148742  54.206100   0.149157  54.073200   0.153178  53.376200   0.166620  52.036100 
    34.980   0.148742  53.894700   0.149155  53.776400   0.153218  53.064100   0.166693  51.713600 
    34.985   0.148900  53.728800   0.149303  53.574900   0.153425  52.866200   0.166889  51.521100 
    34.990   0.148690  53.235000   0.149134  53.087600   0.153292  52.367600   0.166658  51.011300 
    34.995   0.148575  52.559500   0.148986  52.437600   0.153131  51.694500   0.166233  50.377100 
    35.000   0.148780  51.706400   0.149165  51.580800   0.153127  50.897500   0.165786  49.627400 
    35.005   0.148751  50.780300   0.149109  50.633400   0.152908  49.972700   0.165353  48.710900 
    35.010   0.148509  49.775600   0.148884  49.635600   0.152537  49.029700   0.164600  47.706000 
    35.015   0.148518  47.884500   0.148808  47.785700   0.151778  47.241600   0.162272  46.250500 
    35.020   0.148429  45.350500   0.148613  45.270100   0.150699  44.940500   0.158912  44.329900 
    35.025   0.148242  43.847200   0.148351  43.757600   0.150103  43.502900   0.156892  43.120400 
    35.030   0.147964  43.621500   0.148066  43.564900   0.149757  43.291900   0.156324  42.962400 
    35.035   0.148014  44.540800   0.148139  44.468000   0.150031  44.159600   0.157010  43.834900 
    35.040   0.148828  47.236500   0.149017  47.154100   0.151405  46.798500   0.160059  46.236300 
    35.045   0.149446  51.179000   0.149781  51.077700   0.153208  50.469500   0.164783  49.462900 
    35.050   0.149067  54.221600   0.149517  54.074600   0.153918  53.261000   0.167875  51.845300 
    35.055   0.148553  56.100100   0.149069  55.944000   0.153796  55.081700   0.169299  53.429500 
    35.060   0.148260  57.627000   0.148816  57.412300   0.153870  56.490300   0.170512  54.713200 
    35.065   0.148139  58.860500   0.148736  58.678400   0.154064  57.707600   0.171564  55.873900 
    35.070   0.148337  60.236200   0.148969  60.019900   0.154511  59.027400   0.172673  57.152600 
    35.075   0.148587  61.492700   0.149222  61.265900   0.154984  60.246600   0.173806  58.277500 
    35.080   0.148656  62.411900   0.149324  62.215600   0.155259  61.127500   0.174663  59.103000 
    35.085   0.148612  62.959000   0.149297  62.848500   0.155416  61.628400   0.175160  59.543500 
    35.090   0.148606  63.169500   0.149325  63.049300   0.155531  61.792200   0.175671  59.620800 
    35.095   0.147678  62.342700   0.148359  62.158400   0.154513  60.985200   0.174419  58.837900 
    35.100   0.145301  60.373500   0.145997  60.119200   0.151910  59.007000   0.171264  56.926800 
    35.105   0.146256  60.547900   0.146959  60.320000   0.152964  59.114700   0.172505  57.015500 
    35.110   0.148940  61.921700   0.149665  61.665900   0.155883  60.444700   0.175812  58.193700 
    35.115   0.149331  60.706700   0.149989  60.505200   0.155770  59.397700   0.174410  57.349000 
    35.120   0.149267  57.022400   0.149735  56.899600   0.154216  56.153600   0.169382  54.826200 
    35.125   0.149833  53.454900   0.150115  53.344400   0.153267  52.963600   0.164806  52.416000 
    35.130   0.150888  53.189700   0.151145  53.088700   0.154236  52.679300   0.165327  52.137500 
    35.135   0.151507  54.301800   0.151829  54.194300   0.155257  53.682700   0.167700  52.802300 
    35.140   0.151288  54.722000   0.151644  54.578500   0.155268  54.038100   0.168292  53.028200 
    35.145   0.150821  55.216800   0.151171  55.086200   0.155180  54.427600   0.168578  53.325600 
    35.150   0.150855  56.066900   0.151310  55.903500   0.155590  55.210200   0.169736  53.911200 
    35.155   0.150924  56.258900   0.151372  56.117000   0.155736  55.411000   0.170163  54.075000 
    35.160   0.150810  55.854300   0.151233  55.734500   0.155497  55.050000   0.169605  53.812500 
    35.165   0.150985  55.532200   0.151369  55.406500   0.155420  54.802500   0.169215  53.678100 
    35.170   0.150963  55.608700   0.151334  55.505100   0.155460  54.862800   0.169225  53.723800 
    35.175   0.150496  55.820400   0.150930  55.659900   0.155245  54.948400   0.169347  53.701500 
    35.180   0.149714  55.430100   0.150160  55.287400   0.154522  54.557000   0.168764  53.272000 
    35.185   0.148758  54.633000   0.149194  54.510100   0.153351  53.827000   0.167549  52.538100 
    35.190   0.149209  54.933100   0.149637  54.789900   0.153800  54.112800   0.167977  52.839200 
    35.195   0.150200  55.883200   0.150648  55.694500   0.155074  54.950300   0.169437  53.661400 
    35.200   0.150116  56.431000   0.150647  56.228900   0.155481  55.259000   0.170630  53.727200 
    35.205   0.149678  56.595500   0.150246  56.311000   0.155390  55.196200   0.171202  53.445000 
    35.210   0.149952  56.537100   0.150491  56.322900   0.155419  55.352500   0.170998  53.761800 
    35.215   0.150731  56.889100   0.151203  56.731400   0.155823  55.977600   0.171128  54.654600 
    35.220   0.151026  57.790500   0.151525  57.632600   0.156270  56.899600   0.171980  55.557100 
    35.225   0.151019  59.026700   0.151559  58.859900   0.156628  58.026500   0.173305  56.513700 
    35.230   0.150942  60.280600   0.151524  60.088700   0.156912  59.163600   0.174473  57.512900 
    35.235   0.150672  61.280700   0.151287  61.083900   0.156775  60.148000   0.175252  58.374300 
    35.240   0.150407  62.243000   0.151057  62.053600   0.156799  61.074800   0.175993  59.165200 
    35.245   0.150308  63.445100   0.150999  63.329000   0.157102  62.139800   0.177237  60.035200 
    35.250   0.150502  64.792100   0.151252  64.553800   0.157736  63.344000   0.178732  61.040900 
    35.255   0.150240  65.349900   0.151024  65.118300   0.157617  63.849400   0.178983  61.451200 
    35.260   0.149422  64.833500   0.150186  64.578700   0.156753  63.329600   0.177751  60.994300 
    35.265   0.149394  64.164900   0.150114  63.958900   0.156332  62.817100   0.176562  60.635000 
    35.270   0.149829  63.593000   0.150474  63.413000   0.156209  62.408400   0.175198  60.536900 
    35.275   0.149843  63.179300   0.150440  63.087100   0.155915  62.047100   0.174142  60.291000 
    35.280   0.149720  62.572200   0.150306  62.385000   0.155593  61.449200   0.173132  59.791900 
    35.285   0.149604  61.626900   0.150122  61.439800   0.155124  60.622900   0.171940  59.132500 
    35.290   0.149655  61.694000   0.150191  61.503400   0.155239  60.667600   0.172244  59.147100 
    35.295   0.149671  63.051500   0.150299  62.958100   0.155885  61.852500   0.174141  59.981700 
    35.300   0.149452  64.238600   0.150159  64.014200   0.156266  62.836400   0.175592  60.665600 
    35.305   0.149327  64.290000   0.150026  64.031300   0.156088  62.875400   0.175345  60.749000 
    35.310   0.149428  63.483600   0.150063  63.284900   0.155654  62.258200   0.173875  60.408700 
    35.315   0.149615  62.941200   0.150193  62.820000   0.155432  61.831100   0.172827  60.152000 
    35.320   0.149637  62.781800   0.150207  62.609700   0.155394  61.665400   0.172530  60.033000 
    35.325   0.149679  62.703200   0.150250  62.536000   0.155430  61.581300   0.172369  59.946100 
    35.330   0.149856  62.735100   0.150440  62.582500   0.155570  61.614800   0.172429  59.992700 
    35.335   0.149785  62.636500   0.150353  62.448100   0.155477  61.525500   0.172316  59.886600 
    35.340   0.149900  62.776200   0.150464  62.614800   0.155636  61.649000   0.172482  60.001400 
    35.345   0.150053  63.018700   0.150637  62.895100   0.155872  61.868600   0.172926  60.182400 
    35.350   0.150004  63.068600   0.150591  62.969300   0.155925  61.890800   0.173195  60.131900 
    35.355   0.149891  62.874700   0.150490  62.744600   0.155810  61.678300   0.173093  59.939400 
    35.360   0.149671  62.478600   0.150251  62.279600   0.155541  61.302400   0.172750  59.549400 
    35.365   0.149692  62.333000   0.150291  62.138200   0.155581  61.164200   0.172818  59.394400 
    35.370   0.149801  62.282500   0.150401  62.076500   0.155673  61.113700   0.172976  59.354200 
    35.375   0.150090  62.239300   0.150674  62.083400   0.155944  61.125100   0.173142  59.387700 
    35.380   0.150661  62.366000   0.151253  62.179000   0.156437  61.236500   0.173583  59.533000 
    35.385   0.150918  61.998700   0.151498  61.802800   0.156688  60.873800   0.173702  59.153000 
    35.390   0.150769  60.766800   0.151316  60.602600   0.156269  59.728800   0.172697  58.093400 
    35.395   0.150409  59.442400   0.150914  59.286600   0.155594  58.470100   0.171237  56.965800 
    35.400   0.150085  58.435100   0.150575  58.283700   0.155147  57.487500   0.170313  56.007900 
    35.405   0.149999  57.723800   0.150492  57.557900   0.154952  56.764300   0.169868  55.304200 
    35.410   0.150056  57.214600   0.150527  57.049100   0.155085  56.245600   0.169742  54.758800 
    35.415   0.150242  56.607900   0.150706  56.446900   0.155284  55.604100   0.169708  54.127800 
    35.420   0.150525  55.669100   0.150986  55.472500   0.155341  54.673600   0.169277  53.217600 
    35.425   0.150203  53.922000   0.150620  53.742300   0.154587  53.030300   0.167556  51.704900 
    35.430   0.150243  51.582500   0.150569  51.443300   0.153836  50.869500   0.165255  49.846200 
    35.435   0.151825  49.973900   0.152054  49.848700   0.154734  49.453500   0.164490  48.797400 
    35.440   0.153456  50.373100   0.153768  50.286800   0.156473  49.870000   0.166564  49.155100 
    35.445   0.154529  51.398400   0.154811  51.289400   0.157886  50.827600   0.168946  49.947200 
    35.450   0.155455  52.178300   0.155769  52.052100   0.159029  51.584100   0.170677  50.634000 
    35.455   0.155892  52.726600   0.156215  52.630000   0.159674  52.127100   0.171887  51.085200 
    35.460   0.155928  52.825600   0.156261  52.694500   0.159730  52.176600   0.172075  51.115300 
    35.465   0.155664  52.869600   0.156006  52.741600   0.159566  52.184800   0.172168  51.074000 
    35.470   0.155381  52.873200   0.155722  52.765200   0.159395  52.162100   0.172197  50.966600 
    35.475   0.155254  52.476600   0.155605  52.354400   0.159227  51.757100   0.171772  50.554300 
    35.480   0.155012  51.020400   0.155315  50.896300   0.158523  50.384800   0.169824  49.395700 
    35.485   0.154526  49.390200   0.154740  49.288600   0.157466  48.886400   0.167434  48.167500 
    35.490   0.154506  49.143200   0.154714  49.048100   0.157420  48.651000   0.167090  47.895500 
    35.495   0.154682  49.334300   0.154930  49.238900   0.157700  48.820200   0.167567  48.009300 
    35.500   0.155324  49.489100   0.155563  49.394000   0.158294  48.979600   0.168041  48.227400 
    35.505   0.156288  49.821400   0.156512  49.704400   0.159157  49.311300   0.168797  48.601900 
    35.510   0.156709  50.444500   0.156935  50.298200   0.159760  49.870300   0.169849  49.028900 
    35.515   0.156995  51.387500   0.157306  51.235600   0.160491  50.701100   0.171527  49.658100 
    35.520   0.157206  51.799300   0.157554  51.642000   0.160943  51.011600   0.172415  49.821500 
    35.525   0.157239  50.153700   0.157514  49.998700   0.160389  49.505100   0.170394  48.628600 
    35.530   0.156922  47.762000   0.157099  47.642800   0.159278  47.402800   0.167388  46.730900 
    35.535   0.156871  47.232600   0.157026  47.133100   0.159083  46.829000   0.166735  46.404600 
    35.540   0.157227  48.004400   0.157429  47.869700   0.159693  47.556400   0.167862  46.810600 
    35.545   0.157536  48.595500   0.157733  48.474900   0.160100  48.046200   0.168576  47.366400 
    35.550   0.157989  49.160300   0.158210  49.006600   0.160621  48.575200   0.169341  47.879300 
    35.555   0.158624  50.121000   0.158884  49.976700   0.161514  49.514600   0.170873  48.712600 
    35.560   0.159572  50.582100   0.159791  50.455100   0.162369  50.047500   0.171532  49.315900 
    35.565   0.159386  50.073300   0.159551  49.964300   0.161750  49.652400   0.169949  49.129600 
    35.570   0.157956  50.240500   0.158148  50.154800   0.160386  49.823900   0.168649  49.312700 
    35.575   0.156820  51.937400   0.157065  51.853300   0.159769  51.396500   0.169329  50.615700 
    35.580   0.156095  53.757100   0.156408  53.629900   0.159571  53.092700   0.170331  52.082200 
    35.585   0.155199  54.596900   0.155543  54.442900   0.158953  53.865100   0.170405  52.758700 
    35.590   0.154350  55.407500   0.154727  55.249800   0.158373  54.612200   0.170611  53.364200 
    35.595   0.154324  56.529600   0.154717  56.385800   0.158574  55.685100   0.171313  54.336500 
    35.600   0.154357  57.064500   0.154756  56.913900   0.158602  56.224100   0.171403  54.901400 
    35.605   0.153997  57.045400   0.154383  56.927800   0.158212  56.260600   0.170985  54.972900 
    35.610   0.154011  57.385000   0.154376  57.258200   0.158164  56.593900   0.170751  55.316100 
    35.615   0.154224  57.872200   0.154610  57.748000   0.158384  57.068700   0.170979  55.826400 
    35.620   0.153956  57.886700   0.154323  57.742400   0.158070  57.075900   0.170432  55.838800 
    35.625   0.153881  57.840300   0.154250  57.687900   0.157886  57.051000   0.169986  55.904900 
    35.630   0.153811  58.014600   0.154179  57.849600   0.157803  57.222000   0.169811  56.102200 
    35.635   0.153318  58.266500   0.153646  58.101000   0.157215  57.493200   0.169329  56.354300 
    35.640   0.152854  59.399300   0.153317  59.252200   0.157233  58.533000   0.169898  57.299100 
    35.645   0.152697  61.079800   0.153215  60.928600   0.157625  60.080400   0.171266  58.695000 
    35.650   0.152797  62.513900   0.153272  62.346100   0.157907  61.458000   0.172272  59.980000 
    35.655   0.152663  63.363700   0.153164  63.219900   0.157914  62.261600   0.172802  60.716500 
    35.660   0.152251  63.312400   0.152849  63.228400   0.157388  62.274100   0.172368  60.767700 
    35.665   0.152370  63.425100   0.152915  63.356300   0.157395  62.424700   0.172269  61.016200 
    35.670   0.153104  64.396500   0.153603  64.203200   0.158140  63.428100   0.173221  62.073800 
    35.675   0.153031  65.889200   0.153568  65.654700   0.158444  64.785200   0.174461  63.289500 
    35.680   0.152156  67.139400   0.152769  66.917400   0.158182  65.876000   0.175461  64.072000 
    35.685   0.151586  67.716200   0.152332  67.526100   0.157908  66.383400   0.175741  64.456000 
    35.690   0.151537  67.928900   0.152330  67.712000   0.157976  66.551100   0.176007  64.595700 
    35.695   0.151704  67.785100   0.152435  67.557700   0.158151  66.376300   0.176213  64.353800 
    35.700   0.152239  67.281200   0.152915  67.051100   0.158648  65.853400   0.176451  63.776800 
    35.705   0.152802  64.922300   0.153369  64.719200   0.158340  63.725200   0.174144  62.054500 
    35.710   0.152904  60.729000   0.153295  60.590900   0.156959  59.992300   0.169127  59.127500 
    35.715   0.153594  58.934900   0.153891  58.824500   0.157045  58.274800   0.167898  57.764700 
    35.720   0.155448  60.495900   0.155790  60.371700   0.159292  59.800100   0.171491  58.894200 
    35.725   0.156858  61.764500   0.157252  61.609700   0.161047  61.001000   0.174034  59.929200 
    35.730   0.157278  61.521500   0.157653  61.380700   0.161295  60.809500   0.174139  59.841200 
    35.735   0.156868  61.271300   0.157250  61.124100   0.160936  60.540000   0.173823  59.567300 
    35.740   0.155997  61.899500   0.156445  61.714200   0.160579  60.987900   0.174582  59.731600 
    35.745   0.155209  62.401500   0.155700  62.202600   0.160191  61.351400   0.174987  59.900900 
    35.750   0.150025  59.384100   0.150525  59.163200   0.154838  58.320100   0.169191  56.895600 
    35.755   0.147114  56.712100   0.147622  56.492200   0.151987  55.629000   0.166497  54.201400 
    35.760   0.150364  57.348800   0.150906  57.142000   0.155767  56.253900   0.171307  54.717200 
    35.765   0.152067  57.515300   0.152625  57.337600   0.157317  56.537600   0.173418  54.969900 
    35.770   0.152509  57.146500   0.153098  56.993900   0.157682  56.200700   0.173506  54.673500 
    35.775   0.152736  56.465800   0.153318  56.333600   0.157763  55.580300   0.173211  54.096900 
    35.780   0.152739  55.315800   0.153275  55.179800   0.157527  54.467100   0.172226  53.038400 
    35.785   0.152297  52.940500   0.152678  52.829000   0.156449  52.244300   0.169507  51.057300 
    35.790   0.151272  49.743700   0.151552  49.625100   0.154578  49.194800   0.165330  48.408400 
    35.795   0.150538  47.185100   0.150763  47.101700   0.153286  46.740200   0.162477  46.114300 
    35.800   0.150018  45.376200   0.150213  45.307900   0.152519  44.982200   0.161102  44.403300 
    35.805   0.149636  45.011100   0.149871  44.916000   0.152482  44.524300   0.161786  43.740000 
    35.810   0.149573  45.488100   0.149888  45.356900   0.153008  44.843400   0.163634  43.697300 
    35.815   0.149493  44.147900   0.149781  44.053400   0.152749  43.544100   0.162848  42.429200 
    35.820   0.149556  40.499800   0.149724  40.427600   0.151749  40.130200   0.159114  39.528000 
    35.825   0.149328  37.496600   0.149398  37.425300   0.150781  37.241900   0.156264  36.964300 
    35.830   0.148900  36.944700   0.149007  36.871000   0.150497  36.646500   0.156187  36.246400 
    35.835   0.148488  36.372300   0.148601  36.309700   0.150066  36.123900   0.155806  35.689200 
    35.840   0.148353  35.268700   0.148434  35.198300   0.149664  35.080600   0.154821  34.803300 
    35.845   0.148346  34.343800   0.148382  34.297300   0.149397  34.242500   0.154007  34.095600 
    35.850   0.148329  33.553800   0.148284  33.445400   0.149016  33.467700   0.153079  33.493400 
    35.855   0.148459  32.906500   0.148393  32.797000   0.148818  32.973600   0.152224  33.278800 
    35.860   0.148621  33.455400   0.148457  33.399200   0.148607  33.776700   0.152076  34.435600 
    35.865   0.149007  37.527500   0.148867  37.633000   0.149165  38.286900   0.155147  39.377200 
    35.870   0.150273  49.955600   0.150448  50.033400   0.153382  50.555000   0.169991  50.908800 
    35.875   0.153915  71.914500   0.155325  71.500500   0.166375  69.489400   0.203700  65.385500 
    35.880   0.158378  90.596700   0.161308  89.373900   0.181213  83.500900   0.235245  73.917300 
    35.885   0.159189  93.299800   0.162377  91.942300   0.183773  85.378400   0.240249  74.807200 
    35.890   0.156033  80.908800   0.158080  80.225000   0.173195  76.782800   0.219337  70.160700 
    35.895   0.152182  61.161600   0.152926  61.116900   0.159294  60.837000   0.186699  59.421900 
    35.900   0.150446  45.203800   0.150434  45.319400   0.151815  46.112100   0.163592  47.169000 
    35.905   0.149927  37.684200   0.149801  37.755400   0.150031  38.367300   0.155452  39.449000 
    35.910   0.149710  35.681300   0.149631  35.728000   0.150093  36.039600   0.154563  36.620700 
    35.915   0.149865  35.279900   0.149848  35.311200   0.150632  35.399600   0.155281  35.623300 
    35.920   0.149961  35.160000   0.149992  35.150000   0.151050  35.131200   0.156066  35.098000 
    35.925   0.150203  35.452000   0.150256  35.438000   0.151579  35.328400   0.157130  35.062900 
    35.930   0.150747  35.522000   0.150846  35.478600   0.152264  35.304400   0.157999  34.956700 
    35.935   0.151130  35.108300   0.151207  35.055700   0.152590  34.889400   0.158149  34.528900 
    35.940   0.151365  34.753000   0.151472  34.689000   0.152837  34.506500   0.158289  34.155400 
    35.945   0.152879  34.345800   0.152957  34.309200   0.154211  34.149500   0.159373  33.853400 
    35.950   0.154912  34.600300   0.154974  34.544700   0.156242  34.397200   0.161452  34.090800 
    35.955   0.155697  35.716200   0.155869  35.683000   0.157341  35.432900   0.163240  34.990600 
    35.960   0.155767  36.423800   0.155899  36.364200   0.157566  36.103000   0.163894  35.589700 
    35.965   0.155507  36.474000   0.155711  36.446500   0.157286  36.168600   0.163574  35.673100 
    35.970   0.155301  36.369800   0.155488  36.339400   0.156963  36.102300   0.162986  35.669000 
    35.975   0.155568  36.318500   0.155751  36.309500   0.157015  36.099100   0.162579  35.786500 
    35.980   0.156063  37.356700   0.156167  37.315600   0.157640  37.134100   0.163626  36.789100 
    35.985   0.155546  39.434300   0.155643  39.374600   0.157632  39.106300   0.164902  38.542300 
    35.990   0.153672  41.093100   0.153876  41.000500   0.156180  40.648000   0.164515  39.854800 
    35.995   0.152222  41.852900   0.152434  41.791500   0.154918  41.389200   0.163555  40.515000 
    36.000   0.152154  42.040200   0.152356  41.932100   0.154703  41.596800   0.163108  40.795600 
    36.005   0.152220  42.037400   0.152394  41.936600   0.154551  41.672400   0.162358  41.021900 
    36.010   0.151953  42.387400   0.152115  42.310700   0.154204  42.059400   0.161837  41.446800 
    36.015   0.151650  43.218000   0.151835  43.140600   0.154006  42.840500   0.161741  42.235500 
    36.020   0.152195  44.657900   0.152416  44.562900   0.154747  44.252000   0.163238  43.635700 
    36.025   0.154315  47.471200   0.154629  47.412100   0.157429  46.991600   0.167799  46.179200 
    36.030   0.154412  50.123800   0.154763  50.007800   0.158265  49.505000   0.170505  48.467200 
    36.035   0.152086  51.644500   0.152485  51.536100   0.156398  50.936500   0.169741  49.609400 
    36.040   0.150986  53.299000   0.151492  53.141000   0.155795  52.432600   0.170177  50.921800 
    36.045   0.150967  54.727900   0.151470  54.561200   0.156074  53.812800   0.171326  52.136400 
    36.050   0.151304  54.945800   0.151792  54.769900   0.156258  54.032600   0.171256  52.444900 
    36.055   0.151894  53.718600   0.152350  53.565800   0.156356  52.971200   0.170110  51.649100 
    36.060   0.152767  51.768000   0.153189  51.649300   0.156771  51.094700   0.169121  49.968600 
    36.065   0.155662  51.669000   0.156091  51.508000   0.159800  50.687200   0.171557  49.439300 
    36.070   0.157589  50.578800   0.157929  50.427200   0.161001  49.827000   0.171133  48.966500 
    36.075   0.156640  48.296700   0.156796  48.239300   0.158756  48.041400   0.166658  47.816400 
    36.080   0.156733  48.823000   0.156892  48.740800   0.158833  48.545500   0.166578  48.416400 
    36.085   0.157470  52.025800   0.157719  51.934000   0.160389  51.604300   0.170301  51.089000 
    36.090   0.155199  56.007200   0.155582  55.926800   0.159292  55.344300   0.172087  54.293900 
    36.095   0.151979  58.930000   0.152496  58.820700   0.157014  58.028900   0.171785  56.588300 
    36.100   0.150424  60.924300   0.151003  60.731800   0.155958  59.878800   0.172004  58.217100 
    36.105   0.149744  62.403600   0.150360  62.231500   0.155609  61.289300   0.172539  59.515500 
    36.110   0.149226  63.389500   0.149871  63.267800   0.155311  62.213300   0.172792  60.378100 
    36.115   0.149303  64.486900   0.149962  64.270200   0.155555  63.225300   0.173309  61.343800 
    36.120   0.149334  64.840600   0.150007  64.633500   0.155617  63.583800   0.173452  61.683300 
    36.125   0.149295  64.356500   0.149925  64.163800   0.155387  63.128900   0.172705  61.321200 
    36.130   0.150319  63.225300   0.150883  63.146700   0.155762  62.183200   0.171640  60.729000 
    36.135   0.152991  61.707800   0.153431  61.581400   0.157719  60.913000   0.171777  59.948500 
    36.140   0.157889  63.418500   0.158437  63.249900   0.163191  62.385700   0.178879  61.059700 
    36.145   0.160378  65.674900   0.161047  65.457300   0.166581  64.350900   0.184172  62.608200 
    36.150   0.158626  65.419200   0.159188  65.236400   0.163935  64.462200   0.180242  63.287000 
    36.155   0.155178  65.841100   0.155658  65.692200   0.160201  65.064400   0.175733  64.265000 
    36.160   0.152452  68.748300   0.153093  68.545900   0.158543  67.600900   0.176690  66.175200 
    36.165   0.151854  72.727600   0.152688  72.468400   0.159363  71.113600   0.180479  69.001000 
    36.170   0.152853  75.483000   0.153760  75.207800   0.160892  73.759200   0.183411  71.454100 
    36.175   0.154448  76.812600   0.155353  76.535100   0.162724  75.100700   0.186120  72.681200 
    36.180   0.154532  76.267800   0.155461  75.996400   0.162826  74.639600   0.186408  72.134900 
    36.185   0.152970  74.425500   0.153835  74.189400   0.160754  72.883900   0.183054  70.659700 
    36.190   0.151692  72.242400   0.152464  71.999200   0.158854  70.826000   0.179508  68.861700 
    36.195   0.151669  70.704200   0.152386  70.485300   0.158471  69.361100   0.178008  67.497100 
    36.200   0.152100  69.524100   0.152797  69.308200   0.158504  68.245500   0.176901  66.520800 
    36.205   0.152604  67.917900   0.153219  67.742200   0.158484  66.810200   0.175743  65.258600 
    36.210   0.153758  66.745300   0.154333  66.569200   0.159325  65.736900   0.175694  64.283900 
    36.215   0.154620  65.364900   0.155157  65.212900   0.160018  64.385600   0.175690  63.018100 
    36.220   0.154954  63.564100   0.155425  63.415100   0.159813  62.698100   0.174603  61.432400 
    36.225   0.155292  61.762600   0.155733  61.656000   0.159767  60.999100   0.173481  59.880000 
    36.230   0.155523  59.950300   0.155914  59.812300   0.159580  59.246300   0.172210  58.260200 
    36.235   0.154816  58.081700   0.155171  57.967800   0.158626  57.442400   0.170540  56.481100 
    36.240   0.153718  56.773400   0.154070  56.670800   0.157616  56.085300   0.169474  55.000500 
    36.245   0.153469  55.781800   0.153806  55.670700   0.157378  55.058700   0.169253  53.910100 
    36.250   0.153277  54.553000   0.153714  54.429200   0.157078  53.810500   0.168673  52.693900 
    36.255   0.152891  53.188100   0.153299  53.050400   0.156482  52.477300   0.167413  51.405900 
    36.260   0.152928  52.020900   0.153303  51.888800   0.156260  51.380400   0.166504  50.416500 
    36.265   0.152987  50.947500   0.153333  50.831400   0.156137  50.362400   0.165810  49.461400 
    36.270   0.152459  49.797300   0.152728  49.698500   0.155468  49.223200   0.164911  48.371100 
    36.275   0.151901  48.782600   0.152170  48.691300   0.154963  48.342800   0.164165  47.298900 
    36.280   0.151277  48.040900   0.151538  47.923600   0.154265  47.450800   0.163466  46.427600 
    36.285   0.149889  46.903000   0.150164  46.801200   0.152823  46.276900   0.161695  45.252000 
    36.290   0.147496  44.889800   0.147717  44.795500   0.150084  44.304900   0.157763  43.360200 
    36.295   0.142903  41.461100   0.143013  41.377300   0.144578  41.011900   0.149624  40.421100 
    36.300   0.123583  31.754400   0.123572  31.703900   0.124014  31.582800   0.125727  31.528400 
