#PROGRAM: dep90.pas
#PROT: N: 166
#PROT: TE: -28
#PROT: T: 90.750
#PROT: DB: 1650 78.00 # end of core
#PROT: DB: 550 78.00 # bag cut
#PROT: DB: 1100 78.00 # bag cut
#PROT: DB: 480 78.00
#PROT: DB: 1525 78.00
#PROT: S: 440 550
#PROT: S: 1050 1150
#PROT: CC: 1350 1440
# depth c250k g250k c200k g200k c100k g100k c50k g50k 
    90.755   0.139097  77.670100   0.139291  77.759600   0.142610  78.850000   0.166342  81.198800 
    90.760   0.163955  98.261900   0.164673  98.201500   0.171758  98.386100   0.206285  99.023500 
    90.765   0.172104 105.918000   0.173270 105.763000   0.183789 105.102000   0.227148 103.539000 
    90.770   0.176152 111.751000   0.177695 111.494000   0.190818 110.224000   0.241160 107.017000 
    90.775   0.178446 115.424000   0.180154 115.135000   0.194790 113.570000   0.249639 109.534000 
    90.780   0.179709 117.316000   0.181462 117.013000   0.196635 115.475000   0.253790 111.182000 
    90.785   0.180379 117.904000   0.182082 117.637000   0.197041 116.291000   0.254992 112.296000 
    90.790   0.180842 117.532000   0.182431 117.312000   0.196636 116.359000   0.254129 113.017000 
    90.795   0.181221 116.060000   0.182599 115.952000   0.195387 115.630000   0.251295 113.428000 
    90.800   0.181991 115.533000   0.183183 115.523000   0.194910 115.738000   0.249863 114.433000 
    90.805   0.182972 117.993000   0.184252 117.958000   0.196563 118.102000   0.253697 116.612000 
    90.810   0.183587 121.301000   0.185002 121.216000   0.198490 121.154000   0.259174 119.000000 
    90.815   0.184222 124.717000   0.185754 124.585000   0.200437 124.375000   0.265134 121.522000 
    90.820   0.184975 128.875000   0.186753 128.760000   0.203195 128.157000   0.272782 124.223000 
    90.825   0.185628 133.388000   0.187759 133.186000   0.206357 131.938000   0.280974 126.605000 
    90.830   0.186115 136.938000   0.188439 136.640000   0.208666 134.925000   0.287171 128.565000 
    90.835   0.186352 139.215000   0.188816 138.880000   0.210004 136.906000   0.290980 129.939000 
    90.840   0.186286 139.803000   0.188745 139.484000   0.210095 137.532000   0.291800 130.545000 
    90.845   0.185911 138.451000   0.188248 138.215000   0.208664 136.690000   0.289242 130.355000 
    90.850   0.185570 136.546000   0.187721 136.395000   0.206862 135.432000   0.285462 129.963000 
    90.855   0.185505 135.631000   0.187560 135.530000   0.205950 134.752000   0.283153 129.853000 
    90.860   0.185629 135.750000   0.187686 135.583000   0.205998 134.717000   0.282410 129.942000 
    90.865   0.185443 135.044000   0.187475 134.871000   0.205482 134.018000   0.280798 129.463000 
    90.870   0.185290 133.780000   0.187183 133.637000   0.204515 133.028000   0.278310 128.991000 
    90.875   0.185315 132.986000   0.187131 132.873000   0.203878 132.417000   0.276415 128.769000 
    90.880   0.185349 132.696000   0.187125 132.583000   0.203656 132.194000   0.275589 128.729000 
    90.885   0.185380 132.777000   0.187176 132.653000   0.203725 132.223000   0.275521 128.762000 
    90.890   0.185357 133.064000   0.187175 132.911000   0.203899 132.397000   0.275914 128.805000 
    90.895   0.185331 133.285000   0.187173 133.127000   0.203973 132.585000   0.276265 128.970000 
    90.900   0.185312 133.269000   0.187131 133.142000   0.203832 132.739000   0.276333 129.166000 
    90.905   0.185481 134.073000   0.187323 133.979000   0.204274 133.583000   0.277920 129.864000 
    90.910   0.185860 135.729000   0.187806 135.630000   0.205352 135.079000   0.280508 130.952000 
    90.915   0.186071 137.147000   0.188170 136.994000   0.206589 136.146000   0.283358 131.318000 
    90.920   0.186550 138.999000   0.188778 138.775000   0.208464 137.425000   0.287233 131.743000 
    90.925   0.187158 140.611000   0.189557 140.308000   0.210260 138.462000   0.290375 132.054000 
    90.930   0.187551 140.699000   0.190012 140.366000   0.210976 138.326000   0.290762 131.695000 
    90.935   0.187781 138.979000   0.190143 138.635000   0.210347 136.709000   0.287889 130.498000 
    90.940   0.187585 135.153000   0.189693 134.886000   0.208127 133.437000   0.281188 128.377000 
    90.945   0.186805 128.395000   0.188433 128.295000   0.203367 128.006000   0.268955 125.212000 
    90.950   0.186059 121.009000   0.187100 121.082000   0.198346 121.975000   0.255556 121.622000 
    90.955   0.185983 117.630000   0.186894 117.721000   0.196915 118.738000   0.249855 119.053000 
    90.960   0.186355 117.995000   0.187451 117.999000   0.198436 118.361000   0.251400 117.851000 
    90.965   0.186549 118.196000   0.187778 118.137000   0.199524 118.073000   0.252829 116.896000 
    90.970   0.186570 117.812000   0.187846 117.742000   0.199921 117.499000   0.253123 115.941000 
    90.975   0.186806 117.773000   0.188124 117.656000   0.200500 117.250000   0.253708 115.363000 
    90.980   0.186784 116.959000   0.188117 116.828000   0.200434 116.343000   0.252952 114.364000 
    90.985   0.186557 115.457000   0.187855 115.338000   0.199918 114.863000   0.251104 112.936000 
    90.990   0.186563 114.063000   0.187826 113.932000   0.199599 113.456000   0.249391 111.556000 
    90.995   0.186535 112.290000   0.187734 112.146000   0.198993 111.666000   0.246723 109.994000 
    91.000   0.186204 109.057000   0.187252 108.967000   0.197372 108.775000   0.241777 107.713000 
    91.005   0.186049 105.940000   0.186927 105.876000   0.195874 105.921000   0.236876 105.495000 
    91.010   0.186055 103.890000   0.186869 103.861000   0.195317 103.888000   0.234006 103.651000 
    91.015   0.185801 101.526000   0.186519 101.471000   0.194287 101.582000   0.230714 101.615000 
    91.020   0.185394  99.280100   0.186103  99.221200   0.193273  99.411800   0.227686  99.700700 
    91.025   0.185508  98.928000   0.186236  98.886400   0.193676  98.913000   0.227875  98.929200 
    91.030   0.185745  99.127100   0.186535  99.034900   0.194331  98.893100   0.228862  98.598400 
    91.035   0.185734  98.498500   0.186521  98.412900   0.194264  98.298300   0.228502  97.912700 
    91.040   0.185686  97.804300   0.186467  97.734400   0.194097  97.704100   0.227855  97.306400 
    91.045   0.185725  97.535400   0.186491  97.444700   0.194057  97.356200   0.227700  97.013500 
    91.050   0.185854  97.417000   0.186615  97.367200   0.194197  97.262000   0.227773  96.897100 
    91.055   0.186057  97.272200   0.186806  97.240300   0.194364  97.126900   0.227969  96.778500 
    91.060   0.186240  97.338000   0.186999  97.291700   0.194628  97.208200   0.228558  96.790000 
    91.065   0.186268  97.767000   0.187068  97.666100   0.194967  97.580900   0.229593  96.981600 
    91.070   0.186183  98.259600   0.187019  98.164300   0.195222  97.962800   0.230747  97.187900 
    91.075   0.186329  98.678200   0.187187  98.563100   0.195538  98.266700   0.231722  97.466200 
    91.080   0.186470  98.753700   0.187349  98.645800   0.195769  98.365100   0.232351  97.501100 
    91.085   0.186501  98.804100   0.187381  98.688200   0.195926  98.440400   0.233063  97.478100 
    91.090   0.186747  99.518300   0.187690  99.383200   0.196672  99.004900   0.234936  97.764700 
    91.095   0.186848 100.310000   0.187846 100.123000   0.197372  99.561900   0.236671  97.915100 
    91.100   0.186745 100.322000   0.187784 100.144000   0.197485  99.504900   0.237032  97.725200 
    91.105   0.186579  99.592000   0.187613  99.423400   0.197112  98.820400   0.236053  97.133600 
    91.110   0.186268  98.016700   0.187238  97.880500   0.196268  97.459000   0.233621  95.946600 
    91.115   0.185785  95.801500   0.186643  95.683600   0.194918  95.328500   0.230171  94.299100 
    91.120   0.185241  93.440600   0.185996  93.325100   0.193425  93.165500   0.226304  92.604500 
    91.125   0.184661  91.701900   0.185359  91.616300   0.192311  91.496500   0.223569  91.140700 
    91.130   0.184272  90.662900   0.184984  90.568200   0.191923  90.349600   0.222403  89.912300 
    91.135   0.184768  89.834800   0.185465  89.701700   0.192371  89.466900   0.222276  88.953200 
    91.140   0.185522  88.706900   0.186231  88.600300   0.192826  88.418000   0.221840  88.043300 
    91.145   0.185901  87.410000   0.186500  87.327400   0.192709  87.237100   0.220610  87.066800 
    91.150   0.185850  86.919800   0.186453  86.827200   0.192631  86.709800   0.220229  86.506500 
    91.155   0.185452  86.869000   0.186090  86.753500   0.192454  86.570800   0.220282  86.195300 
    91.160   0.185136  86.806900   0.185781  86.694200   0.192293  86.440000   0.220394  85.951200 
    91.165   0.185076  86.798000   0.185741  86.677200   0.192358  86.382100   0.220629  85.787900 
    91.170   0.184986  86.471500   0.185650  86.357300   0.192374  86.003700   0.220676  85.343100 
    91.175   0.185218  85.711100   0.185874  85.586900   0.192396  85.285300   0.220282  84.723900 
    91.180   0.185630  84.506200   0.186211  84.439400   0.192052  84.355300   0.218616  84.248600 
    91.185   0.185913  84.106800   0.186414  84.047500   0.191897  84.107800   0.217864  84.303300 
    91.190   0.186218  85.471700   0.186784  85.389900   0.192723  85.373700   0.220003  85.339700 
    91.195   0.186788  87.846200   0.187465  87.753200   0.194201  87.561100   0.223933  87.094100 
    91.200   0.187304  89.737300   0.188032  89.638400   0.195400  89.377800   0.227390  88.606200 
    91.205   0.187860  91.429000   0.188635  91.357100   0.196667  91.044500   0.231095  89.933500 
    91.210   0.187578  92.572200   0.188556  92.417700   0.197627  91.874100   0.234949  90.066700 
    91.215   0.182591  88.861800   0.183667  88.676000   0.193522  87.788800   0.232003  85.275400 
    91.220   0.172385  80.398700   0.173496  80.148100   0.183335  79.023000   0.220330  76.103500 
    91.225   0.162737  73.573500   0.163785  73.324200   0.173029  72.206300   0.207556  69.419100 
    91.230   0.163774  76.380500   0.164789  76.148800   0.173881  75.150500   0.208437  72.665200 
    91.235   0.173931  85.807400   0.175005  85.531600   0.184813  84.574200   0.222647  82.024100 
    91.240   0.181589  92.527900   0.182732  92.342900   0.193110  91.429200   0.233698  88.847900 
    91.245   0.184806  95.874200   0.185942  95.723900   0.196248  94.954600   0.237697  92.601700 
    91.250   0.185903  97.091700   0.186997  96.966700   0.196939  96.361100   0.237836  94.329100 
    91.255   0.185865  97.084400   0.186884  96.944700   0.196433  96.440100   0.236150  94.737100 
    91.260   0.185595  96.745300   0.186559  96.590000   0.195747  96.140000   0.234205  94.652500 
    91.265   0.185157  95.706700   0.186071  95.584100   0.194717  95.194200   0.231567  94.026900 
    91.270   0.184822  94.116200   0.185623  94.015300   0.193450  93.853600   0.228166  93.222000 
    91.275   0.184991  93.465700   0.185705  93.358400   0.193026  93.342500   0.226397  93.054800 
    91.280   0.185132  93.759000   0.185872  93.685400   0.193269  93.601200   0.226713  93.188000 
    91.285   0.185017  94.340400   0.185827  94.240900   0.193703  94.003400   0.228099  93.282400 
    91.290   0.184971  95.091700   0.185851  94.967900   0.194239  94.566700   0.229864  93.445200 
    91.295   0.184488  95.528500   0.185443  95.361100   0.194306  94.817100   0.230887  93.313500 
    91.300   0.179621  92.053900   0.180583  91.851300   0.189562  91.132400   0.225610  89.345500 
    91.305   0.174676  86.615400   0.175639  86.432300   0.184491  85.635900   0.219335  83.663900 
    91.310   0.174963  84.664800   0.175867  84.462400   0.184510  83.754300   0.218862  81.798800 
    91.315   0.177880  86.796200   0.178829  86.654000   0.187695  85.961500   0.223027  83.963500 
    91.320   0.182140  91.442800   0.183144  91.308900   0.192673  90.503100   0.230096  88.246800 
    91.325   0.184428  93.653700   0.185461  93.502600   0.194965  92.756400   0.232912  90.614000 
    91.330   0.184549  92.682300   0.185448  92.557300   0.194151  92.119500   0.230538  90.570500 
    91.335   0.184398  93.003000   0.185311  92.868700   0.194053  92.388200   0.230458  90.828500 
    91.340   0.184169  94.219200   0.185196  94.031900   0.194583  93.292600   0.232048  91.282500 
    91.345   0.183984  93.495700   0.184954  93.342300   0.193950  92.720000   0.230594  90.964700 
    91.350   0.184081  92.286200   0.184946  92.173700   0.193324  91.756900   0.228654  90.421200 
    91.355   0.184357  92.097200   0.185213  91.970700   0.193461  91.604500   0.228379  90.327000 
    91.360   0.184640  92.456100   0.185505  92.335100   0.193867  91.920600   0.228930  90.605100 
    91.365   0.185069  93.079600   0.185963  92.952700   0.194474  92.485100   0.229897  91.098600 
    91.370   0.185536  93.339700   0.186415  93.212400   0.194882  92.761700   0.230294  91.414300 
    91.375   0.185849  93.143600   0.186688  93.021600   0.194931  92.686100   0.229977  91.487800 
    91.380   0.186162  93.607600   0.187035  93.483200   0.195428  93.098100   0.230882  91.848700 
    91.385   0.186395  94.234900   0.187314  94.120800   0.195923  93.659100   0.231988  92.254700 
    91.390   0.186534  94.345300   0.187431  94.229100   0.196011  93.801800   0.232120  92.488300 
    91.395   0.186556  94.336200   0.187421  94.223400   0.195932  93.868500   0.232091  92.613800 
    91.400   0.186590  94.575300   0.187469  94.467900   0.196033  94.127100   0.232499  92.874600 
    91.405   0.186592  94.979700   0.187483  94.853900   0.196147  94.535300   0.233343  93.215900 
    91.410   0.186627  95.919200   0.187572  95.789500   0.196734  95.367200   0.235217  93.750300 
    91.415   0.186853  97.630400   0.187944  97.473000   0.198010  96.828800   0.238539  94.554700 
    91.420   0.187085  98.685700   0.188259  98.509900   0.198941  97.583300   0.240916  94.911600 
    91.425   0.187297  98.708300   0.188516  98.531200   0.199420  97.507700   0.241620  94.649500 
    91.430   0.187297  97.859400   0.188508  97.649400   0.199377  96.639000   0.240816  93.612100 
    91.435   0.186808  95.175900   0.187941  94.989400   0.198069  93.970000   0.236920  91.372000 
    91.440   0.186288  89.332200   0.187102  89.202100   0.194912  88.804100   0.227723  87.577100 
    91.445   0.185925  82.886700   0.186390  82.873600   0.191693  83.102800   0.218023  83.341700 
    91.450   0.185520  80.484400   0.185972  80.444100   0.191040  80.547000   0.215474  80.714900 
    91.455   0.185166  80.057100   0.185729  79.968200   0.191422  79.760500   0.216182  79.408700 
    91.460   0.185080  78.458900   0.185611  78.385300   0.191195  78.107200   0.215088  77.587800 
    91.465   0.185121  76.375700   0.185617  76.229200   0.190807  75.992100   0.213191  75.590200 
    91.470   0.185181  74.234600   0.185631  74.156400   0.190472  73.931300   0.211521  73.569800 
    91.475   0.185207  72.147100   0.185604  72.082000   0.190186  71.865600   0.210037  71.529200 
    91.480   0.185090  70.222700   0.185491  70.114000   0.189966  69.856200   0.208942  69.395500 
    91.485   0.184953  68.296600   0.185375  68.174900   0.189755  67.824200   0.207931  67.198200 
    91.490   0.184994  65.703900   0.185371  65.582900   0.189473  65.196700   0.206009  64.587300 
    91.495   0.184924  61.542400   0.185191  61.425800   0.188428  61.124500   0.201854  60.839100 
    91.500   0.184546  54.792900   0.184600  54.730300   0.186168  54.706500   0.194240  55.139300 
    91.505   0.184423  48.315000   0.184319  48.298800   0.184536  48.486200   0.187877  49.445600 
    91.510   0.184563  45.117200   0.184398  45.074200   0.184241  45.243800   0.185916  46.205300 
    91.515   0.184493  44.460700   0.184353  44.421700   0.184295  44.532100   0.185983  45.344000 
    91.520   0.184317  45.033800   0.184191  44.993000   0.184225  45.074400   0.186235  45.878300 
    91.525   0.184227  46.666800   0.184079  46.603300   0.184135  46.742500   0.186611  47.563900 
    91.530   0.184331  49.702600   0.184206  49.671800   0.184302  49.916600   0.187674  51.061700 
    91.535   0.184711  55.271300   0.184630  55.297400   0.185267  55.644400   0.191638  56.872100 
    91.540   0.185403  65.658100   0.185627  65.590200   0.188731  65.548500   0.203120  65.710900 
    91.545   0.186343  75.769300   0.186952  75.523200   0.193073  74.813500   0.216153  73.414000 
    91.550   0.187293  80.036100   0.188041  79.876700   0.195077  79.088900   0.221521  77.362400 
    91.555   0.187899  81.110700   0.188557  80.988000   0.195009  80.538700   0.221383  79.503800 
    91.560   0.188364  83.102400   0.189008  82.978500   0.195551  82.626300   0.222783  81.615500 
    91.565   0.188760  85.936800   0.189498  85.794500   0.196671  85.265200   0.225670  83.963400 
    91.570   0.188860  87.177300   0.189589  87.045200   0.196718  86.547100   0.225898  85.383200 
    91.575   0.188887  87.331900   0.189547  87.230100   0.196112  86.934100   0.224159  86.202900 
    91.580   0.189094  87.842400   0.189699  87.736900   0.195913  87.549700   0.223204  87.122100 
    91.585   0.189355  88.840200   0.189950  88.746700   0.196190  88.558400   0.223527  88.184700 
    91.590   0.189696  90.162400   0.190320  90.059400   0.196650  89.857200   0.224356  89.454100 
    91.595   0.190136  91.576000   0.190778  91.486900   0.197259  91.260300   0.225348  90.830700 
    91.600   0.190462  92.799700   0.191129  92.692000   0.197744  92.432400   0.226205  91.980700 
    91.605   0.190589  93.514900   0.191268  93.426400   0.197889  93.177600   0.226412  92.748300 
    91.610   0.190726  93.504900   0.191331  93.435400   0.197569  93.308900   0.225403  93.170300 
    91.615   0.190971  93.874000   0.191550  93.794600   0.197507  93.801800   0.224793  93.936900 
    91.620   0.191430  95.381700   0.192041  95.288400   0.198197  95.244200   0.226157  95.296300 
    91.625   0.191608  96.712400   0.192292  96.636500   0.198662  96.585900   0.227508  96.504600 
    91.630   0.191634  97.674500   0.192306  97.602900   0.198745  97.542100   0.228224  97.524200 
    91.635   0.191830  99.013400   0.192511  98.988200   0.199101  98.972400   0.229409  98.899900 
    91.640   0.192121 101.552000   0.192868 101.470000   0.200284 101.290000   0.232691 100.752000 
    91.645   0.192419 104.396000   0.193326 104.241000   0.201952 103.674000   0.237062 102.366000 
    91.650   0.192523 105.190000   0.193497 105.024000   0.202390 104.350000   0.238161 102.877000 
    91.655   0.192667 104.283000   0.193546 104.127000   0.201857 103.678000   0.236241 102.555000 
    91.660   0.192756 102.907000   0.193538 102.788000   0.201137 102.475000   0.233505 101.808000 
    91.665   0.192502 100.502000   0.193137 100.425000   0.199675 100.322000   0.229033 100.293000 
    91.670   0.192137  97.119100   0.192617  97.099900   0.197648  97.456500   0.223093  98.284100 
    91.675   0.192085  95.959700   0.192488  95.907900   0.196982  96.333900   0.221067  97.451400 
    91.680   0.192437  98.273500   0.193016  98.252500   0.198685  98.206800   0.225009  98.528300 
    91.685   0.192644 100.424000   0.193343 100.317000   0.200175  99.954500   0.228852  99.511500 
    91.690   0.192706 100.679000   0.193439 100.549000   0.200411 100.168000   0.229294  99.540900 
    91.695   0.192860  99.903800   0.193540  99.760400   0.200124  99.446700   0.227806  99.071600 
    91.700   0.192725  97.258100   0.193250  97.168600   0.198651  97.207300   0.223264  97.532000 
    91.705   0.192299  93.801800   0.192632  93.786400   0.196389  94.190800   0.217090  95.590500 
    91.710   0.192126  92.671500   0.192341  92.693900   0.195447  93.287300   0.214607  95.153300 
    91.715   0.191991  95.069900   0.192349  95.065900   0.196345  95.436700   0.217957  96.760100 
    91.720   0.191738  99.358200   0.192344  99.262800   0.198090  99.208200   0.224282  99.504100 
    91.725   0.191843 102.658000   0.192556 102.547000   0.199384 102.296000   0.228876 102.029000 
    91.730   0.191790 104.449000   0.192526 104.340000   0.199788 104.097000   0.231124 103.678000 
    91.735   0.191429 105.530000   0.192242 105.408000   0.199844 105.162000   0.232662 104.579000 
    91.740   0.191332 106.491000   0.192155 106.381000   0.200133 106.089000   0.234252 105.349000 
    91.745   0.191371 107.227000   0.192226 107.112000   0.200527 106.769000   0.235696 105.868000 
    91.750   0.191177 107.659000   0.192116 107.515000   0.200722 107.069000   0.236642 105.970000 
    91.755   0.190865 107.507000   0.191835 107.405000   0.200433 106.901000   0.236328 105.751000 
    91.760   0.190610 106.629000   0.191527 106.501000   0.199759 106.134000   0.234612 105.225000 
    91.765   0.190670 105.948000   0.191541 105.863000   0.199344 105.565000   0.232995 104.885000 
    91.770   0.191022 105.369000   0.191865 105.250000   0.199309 105.033000   0.231701 104.542000 
    91.775   0.191287 104.062000   0.192053 103.982000   0.199000 103.823000   0.229674 103.578000 
    91.780   0.191196 101.430000   0.191826 101.384000   0.197895 101.422000   0.226036 101.678000 
    91.785   0.191542  99.483400   0.192109  99.446000   0.197630  99.590300   0.224117 100.109000 
    91.790   0.192070  98.571200   0.192676  98.519600   0.198283  98.570800   0.224679  98.924200 
    91.795   0.189091  94.724700   0.189695  94.646400   0.195867  94.495200   0.222877  94.366000 
    91.800   0.185151  89.953400   0.185867  89.837800   0.192719  89.348000   0.220554  88.541700 
    91.805   0.184368  86.639000   0.185075  86.491200   0.191652  86.061000   0.218519  85.326100 
    91.810   0.184021  82.826200   0.184540  82.756900   0.189854  82.671100   0.213656  82.710200 
    91.815   0.183473  79.383900   0.183813  79.370900   0.187853  79.668900   0.208561  80.535700 
    91.820   0.184506  80.683700   0.184861  80.683800   0.189047  81.018800   0.210938  81.938800 
    91.825   0.186421  87.249800   0.187063  87.186900   0.193482  87.035100   0.221859  86.655100 
    91.830   0.186685  92.782800   0.187657  92.632000   0.196434  91.931500   0.231146  90.138600 
    91.835   0.185420  94.866900   0.186539  94.660500   0.196487  93.663500   0.234538  91.131800 
    91.840   0.185102  96.202100   0.186257  96.019500   0.196510  95.060300   0.235859  92.437700 
    91.845   0.182952  96.093400   0.184008  95.941900   0.193644  95.252000   0.232278  93.092900 
    91.850   0.175488  91.389300   0.176481  91.260200   0.185292  90.733900   0.221495  88.932800 
    91.855   0.173157  88.006600   0.174180  87.867300   0.183408  87.062300   0.219367  84.832700 
    91.860   0.175303  86.918500   0.176428  86.708000   0.186293  85.642000   0.223122  82.835200 
    91.865   0.176422  86.173100   0.177510  85.973300   0.187485  84.880100   0.224453  81.961700 
    91.870   0.178410  86.514600   0.179532  86.316000   0.189476  85.263600   0.226585  82.363000 
    91.875   0.179209  85.614200   0.180280  85.439300   0.189814  84.482700   0.225908  81.774100 
    91.880   0.179236  83.422900   0.180131  83.321600   0.188757  82.576400   0.222392  80.430300 
    91.885   0.179377  81.100300   0.180137  80.919500   0.187579  80.516200   0.218206  79.206400 
    91.890   0.179993  81.116200   0.180759  80.957400   0.188171  80.494000   0.218508  79.135800 
    91.895   0.181090  83.578300   0.182031  83.414400   0.190421  82.605400   0.222743  80.463100 
    91.900   0.183531  85.910500   0.184494  85.759200   0.193051  84.931000   0.225851  82.766900 
    91.905   0.186719  87.251300   0.187582  87.129400   0.195549  86.505200   0.227069  84.781300 
    91.910   0.187500  85.596400   0.188258  85.487700   0.195314  85.040000   0.224087  83.829700 
    91.915   0.186611  81.563800   0.187201  81.460700   0.193019  81.198200   0.217556  80.585600 
    91.920   0.185704  76.127500   0.186047  76.019000   0.190082  76.050900   0.208997  76.365400 
    91.925   0.184713  69.745800   0.184800  69.742600   0.186902  70.194900   0.199597  71.516500 
    91.930   0.184335  66.987500   0.184360  66.990900   0.185683  67.518900   0.196051  69.219800 
    91.935   0.184680  69.645600   0.184832  69.643100   0.187242  70.028300   0.200825  71.060900 
    91.940   0.185428  75.752200   0.185874  75.604800   0.190648  75.420300   0.210950  75.127600 
    91.945   0.185875  80.589300   0.186623  80.453200   0.193344  79.803600   0.219122  78.374000 
    91.950   0.185969  82.238100   0.186768  82.089200   0.194046  81.375500   0.221661  79.743200 
    91.955   0.185953  81.730900   0.186686  81.612700   0.193570  81.049300   0.220628  79.749900 
    91.960   0.185884  80.148800   0.186499  80.065400   0.192558  79.767300   0.217912  78.988400 
    91.965   0.185772  79.521300   0.186371  79.434100   0.192259  79.167200   0.217084  78.468100 
    91.970   0.185898  79.759200   0.186521  79.671500   0.192571  79.309900   0.217571  78.476500 
    91.975   0.185966  78.845000   0.186527  78.763900   0.192154  78.527300   0.216153  77.935900 
    91.980   0.185816  77.870600   0.186335  77.835300   0.191654  77.669300   0.214835  77.264300 
    91.985   0.185561  78.602400   0.186181  78.518900   0.192135  78.150700   0.216712  77.268600 
    91.990   0.185402  79.358300   0.186119  79.222700   0.192734  78.651800   0.218482  77.257100 
    91.995   0.185324  78.169100   0.186016  78.048200   0.192333  77.490600   0.217040  76.225800 
    92.000   0.185111  75.075600   0.185632  74.989300   0.190884  74.666700   0.212543  74.002300 
    92.005   0.184815  71.651300   0.185190  71.574300   0.189326  71.500300   0.207613  71.385000 
    92.010   0.184337  69.261100   0.184664  69.220000   0.188281  69.150600   0.204453  69.205400 
    92.015   0.184256  67.284900   0.184504  67.237400   0.187555  67.226900   0.201676  67.549800 
    92.020   0.184779  66.228200   0.184983  66.204700   0.187611  66.285300   0.200277  66.816700 
    92.025   0.185095  66.758700   0.185313  66.703400   0.188109  66.718500   0.201138  67.126100 
    92.030   0.184983  67.644700   0.185239  67.596700   0.188359  67.536600   0.202405  67.774600 
    92.035   0.184873  69.140400   0.185199  69.103600   0.188813  68.886200   0.204170  68.849700 
    92.040   0.184708  69.477900   0.185020  69.404800   0.188481  69.324600   0.203838  69.484800 
    92.045   0.184537  69.903700   0.184775  69.865100   0.187965  70.011700   0.203191  70.443600 
    92.050   0.184779  73.725200   0.185182  73.654500   0.189421  73.547000   0.208114  73.502800 
    92.055   0.185115  77.386000   0.185637  77.339900   0.190859  77.082300   0.212823  76.644200 
    92.060   0.185624  80.169800   0.186193  80.090500   0.191816  79.852200   0.215686  79.434700 
    92.065   0.186059  83.156100   0.186721  83.074400   0.193015  82.767300   0.219336  82.003100 
    92.070   0.186270  85.784300   0.187010  85.693000   0.194027  85.268700   0.222766  84.196400 
    92.075   0.186653  88.042800   0.187455  87.925300   0.194991  87.441200   0.225615  86.152500 
    92.080   0.187097  89.651500   0.187922  89.524000   0.195672  89.078600   0.227302  87.770500 
    92.085   0.187841  91.005900   0.188699  90.906800   0.196596  90.480100   0.229225  89.234900 
    92.090   0.188890  92.309800   0.189742  92.227800   0.197900  91.782900   0.231525  90.428400 
    92.095   0.186880  90.707400   0.187777  90.593200   0.196097  90.067800   0.230001  88.567100 
    92.100   0.180850  84.816800   0.181789  84.678500   0.190288  84.007300   0.223914  82.114200 
    92.105   0.177777  80.883000   0.178748  80.725300   0.187580  79.932900   0.221218  77.606400 
    92.110   0.179027  80.618200   0.180007  80.453700   0.188713  79.664300   0.222065  77.392700 
    92.115   0.180232  79.519100   0.181088  79.386300   0.188880  78.818600   0.220090  77.207000 
    92.120   0.181618  78.780200   0.182316  78.655700   0.189200  78.361000   0.218265  77.366300 
    92.125   0.183637  80.876900   0.184425  80.786700   0.191685  80.330000   0.221367  79.164600 
    92.130   0.185593  82.557800   0.186380  82.449900   0.193886  81.922600   0.223945  80.564600 
    92.135   0.187391  81.723700   0.188063  81.648000   0.194600  81.411100   0.222369  80.717800 
    92.140   0.188464  80.290400   0.189024  80.251100   0.194742  80.211200   0.220465  80.037300 
    92.145   0.187118  78.115500   0.187653  78.096100   0.193235  78.022000   0.218140  77.844100 
    92.150   0.183628  75.186600   0.184185  75.129000   0.189889  74.966700   0.214710  74.563800 
    92.155   0.179273  72.389900   0.179881  72.307000   0.185899  72.038900   0.211301  71.303600 
    92.160   0.174902  70.700600   0.175583  70.647300   0.182342  70.158800   0.209323  68.836700 
    92.165   0.171326  70.546400   0.172174  70.404100   0.179915  69.623400   0.209211  67.579200 
    92.170   0.168956  70.746100   0.169899  70.577400   0.178233  69.595600   0.208843  67.131500 
    92.175   0.168899  71.983000   0.169849  71.807400   0.178273  70.827500   0.209277  68.354000 
    92.180   0.174263  76.870400   0.175217  76.715000   0.183662  75.795600   0.215361  73.491500 
    92.185   0.182816  83.178800   0.183711  83.047400   0.191926  82.330400   0.223771  80.442700 
    92.190   0.187953  85.128800   0.188640  85.071400   0.195403  84.829700   0.224313  84.068000 
    92.195   0.189009  84.868100   0.189543  84.834400   0.195164  84.903800   0.221160  84.881700 
    92.200   0.188760  86.633500   0.189401  86.574600   0.195725  86.303700   0.222478  85.763300 
    92.205   0.188335  87.672500   0.189067  87.558100   0.195899  87.070100   0.223325  86.101200 
    92.210   0.187795  85.893700   0.188410  85.805900   0.194380  85.543900   0.219399  85.106900 
    92.215   0.187283  83.335800   0.187718  83.295800   0.192369  83.350600   0.213999  83.734800 
    92.220   0.186872  82.026800   0.187210  82.007200   0.191168  82.225700   0.210768  83.048200 
    92.225   0.186717  81.681100   0.186984  81.689000   0.190453  82.078300   0.208982  83.252100 
    92.230   0.186672  82.995200   0.186930  83.018400   0.190343  83.535400   0.209638  84.916900 
    92.235   0.186924  88.769800   0.187454  88.714900   0.192866  88.758400   0.217887  89.040400 
    92.240   0.187490  95.492000   0.188335  95.356800   0.196184  94.827100   0.227956  93.734700 
    92.245   0.187844  99.625100   0.188846  99.439300   0.197848  98.699700   0.233362  97.010600 
    92.250   0.188346 102.609000   0.189420 102.444000   0.199012 101.661000   0.236748  99.757600 
    92.255   0.188861 104.229000   0.189934 104.083000   0.199482 103.461000   0.238081 101.723000 
    92.260   0.189040 104.838000   0.190054 104.671000   0.199312 104.243000   0.237859 102.799000 
    92.265   0.188672 105.259000   0.189669 105.135000   0.198910 104.713000   0.237416 103.347000 
    92.270   0.186710 104.775000   0.187623 104.709000   0.196606 104.296000   0.234272 103.136000 
    92.275   0.178783  99.714100   0.179657  99.614800   0.187813  99.346200   0.222799  98.494200 
    92.280   0.176845  97.248800   0.177732  97.134300   0.185693  96.750100   0.219360  95.762700 
    92.285   0.184501 100.463000   0.185402 100.359000   0.193857  99.790200   0.228190  98.512200 
    92.290   0.188273 100.456000   0.189125 100.326000   0.197150  99.902400   0.230311  98.895200 
    92.295   0.189297  97.657700   0.189979  97.587700   0.196828  97.553400   0.226940  97.260500 
    92.300   0.190053  94.969400   0.190577  94.985400   0.196075  95.220700   0.222891  95.827800 
    92.305   0.190554  93.895100   0.191015  93.903600   0.195972  94.204800   0.221239  95.149000 
    92.310   0.190741  94.513700   0.191254  94.479100   0.196635  94.669000   0.222593  95.286400 
    92.315   0.190578  95.507300   0.191168  95.459000   0.197186  95.483600   0.224608  95.672400 
    92.320   0.190444  96.177500   0.191074  96.147700   0.197359  96.121000   0.225715  96.123700 
    92.325   0.190666  97.781600   0.191414  97.722200   0.198436  97.520200   0.228570  97.040500 
    92.330   0.191205  99.572900   0.192091  99.479400   0.199884  99.029800   0.231884  97.989800 
    92.335   0.191464  99.620400   0.192358  99.528300   0.200234  99.036300   0.232418  97.880700 
    92.340   0.191434  98.552100   0.192323  98.506500   0.199991  97.941500   0.230980  96.840000 
    92.345   0.191097  95.887400   0.191868  95.750800   0.198806  95.300200   0.227040  94.512800 
    92.350   0.190426  89.160400   0.190816  89.145300   0.195239  89.303600   0.216355  89.974100 
    92.355   0.189949  82.699700   0.190010  82.762000   0.191951  83.523000   0.206428  85.579100 
    92.360   0.190014  83.669600   0.190188  83.703500   0.192948  84.146100   0.208845  85.562600 
    92.365   0.190047  87.742200   0.190487  87.665700   0.195250  87.536700   0.215902  87.640000 
    92.370   0.189609  89.080600   0.190169  88.998200   0.195658  88.652700   0.218026  88.249400 
    92.375   0.188480  87.715300   0.188986  87.651800   0.193981  87.461400   0.215289  87.329700 
    92.380   0.186794  85.803300   0.187181  85.769800   0.191455  85.787000   0.211023  86.048000 
    92.385   0.184555  85.982900   0.185000  85.885200   0.189661  85.718700   0.209485  85.694500 
    92.390   0.180723  86.699400   0.181270  86.569000   0.186554  86.052700   0.206817  85.513500 
    92.395   0.171101  83.099600   0.171549  82.990900   0.175685  82.656100   0.192499  82.711500 
    92.400   0.139615  61.896400   0.139669  61.934500   0.141275  62.248600   0.151133  63.454500 
