#PROGRAM: dep90.pas
#PROT: N: 112
#PROT: TE: -28
#PROT: T: 61.050
#PROT: DB: 1650 78.00 # end of core
#PROT: DB: 550 78.00 # bag cut
#PROT: DB: 1100 78.00 # bag cut
#PROT: DB: 530 78.00
#PROT: DB: 1575 78.00
#PROT: CC: 1470 1500
# depth c250k g250k c200k g200k c100k g100k c50k g50k 
    61.055   0.130592  40.874300   0.130671  40.789300   0.132051  40.595600   0.137778  40.725900 
    61.060   0.153850  52.178300   0.154130  52.048000   0.156431  51.691000   0.165393  51.492400 
    61.065   0.161002  55.072300   0.161250  54.967200   0.164049  54.632700   0.175079  54.284400 
    61.070   0.163403  56.927300   0.163692  56.805900   0.166853  56.388200   0.179314  55.985300 
    61.075   0.164606  58.770000   0.164950  58.654300   0.168496  58.242600   0.182263  57.658100 
    61.080   0.165719  59.896100   0.166043  59.785600   0.169586  59.453000   0.183791  58.969300 
    61.085   0.166125  60.365200   0.166428  60.274300   0.169848  60.021800   0.184008  59.736700 
    61.090   0.166471  61.637600   0.166808  61.552300   0.170428  61.294500   0.185548  60.956300 
    61.095   0.166930  63.833800   0.167346  63.729200   0.171560  63.360500   0.188424  62.730400 
    61.100   0.167345  65.914800   0.167856  65.833800   0.172630  65.335500   0.191304  64.448700 
    61.105   0.167756  67.119100   0.168267  67.005400   0.173246  66.521500   0.192791  65.595200 
    61.110   0.168118  67.656700   0.168606  67.523300   0.173512  67.094900   0.193178  66.306300 
    61.115   0.168339  68.246800   0.168832  68.148300   0.173796  67.672300   0.193597  66.878100 
    61.120   0.168270  67.991000   0.168745  67.895800   0.173518  67.471000   0.193025  66.841700 
    61.125   0.168234  67.955800   0.168678  67.878300   0.173314  67.541200   0.192610  67.013200 
    61.130   0.168007  69.063800   0.168506  68.960800   0.173517  68.520900   0.193314  67.744500 
    61.135   0.167445  69.300200   0.167953  69.190600   0.172981  68.731600   0.192989  67.981100 
    61.140   0.167191  68.780300   0.167635  68.686100   0.172215  68.388000   0.191489  67.938000 
    61.145   0.166782  69.349000   0.167254  69.278900   0.172043  68.905100   0.191882  68.341400 
    61.150   0.165799  70.731700   0.166373  70.599100   0.171933  70.010300   0.192934  68.917200 
    61.155   0.165342  71.464200   0.165989  71.324200   0.171879  70.626500   0.193773  69.355400 
    61.160   0.165844  71.546800   0.166461  71.411800   0.172199  70.772000   0.193846  69.578100 
    61.165   0.166772  71.057400   0.167352  70.939100   0.172714  70.366100   0.193477  69.390100 
    61.170   0.168225  69.683000   0.168685  69.581900   0.173423  69.218500   0.192640  68.655700 
    61.175   0.170138  68.428900   0.170517  68.370500   0.174647  68.165800   0.192367  67.967700 
    61.180   0.171875  68.258100   0.172236  68.159600   0.176230  68.002200   0.193350  67.848100 
    61.185   0.172645  68.701500   0.173065  68.618100   0.177320  68.320900   0.195096  67.983000 
    61.190   0.173232  68.923500   0.173633  68.825500   0.177935  68.528100   0.195892  68.160400 
    61.195   0.173900  69.278500   0.174255  69.220200   0.178538  68.984300   0.196523  68.685900 
    61.200   0.174047  70.466900   0.174474  70.404000   0.179160  70.066900   0.198150  69.508900 
    61.205   0.174083  71.122300   0.174565  71.008300   0.179441  70.606200   0.198979  69.945400 
    61.210   0.174220  70.439200   0.174610  70.359900   0.179137  70.086700   0.197923  69.625000 
    61.215   0.174179  69.938600   0.174572  69.913200   0.179023  69.627500   0.197479  69.212400 
    61.220   0.174335  69.880300   0.174738  69.829300   0.179262  69.524500   0.197728  69.043500 
    61.225   0.174737  69.340100   0.175124  69.246800   0.179359  69.007500   0.197142  68.713400 
    61.230   0.174953  68.846800   0.175331  68.771300   0.179372  68.598400   0.196639  68.411100 
    61.235   0.174850  68.740700   0.175228  68.660100   0.179293  68.446700   0.196546  68.209800 
    61.240   0.174708  68.701300   0.175089  68.590300   0.179188  68.369400   0.196445  68.120600 
    61.245   0.174505  68.521800   0.174894  68.443400   0.178939  68.220900   0.196087  68.015200 
    61.250   0.174104  68.667700   0.174453  68.619100   0.178622  68.395300   0.196062  68.091700 
    61.255   0.173360  69.148700   0.173761  69.084400   0.178198  68.774500   0.196360  68.282100 
    61.260   0.173003  69.591700   0.173461  69.501900   0.177959  69.170700   0.196489  68.621200 
    61.265   0.173078  70.030700   0.173518  69.918300   0.178136  69.561900   0.196835  68.955300 
    61.270   0.173132  70.203400   0.173570  70.100200   0.178217  69.737100   0.196927  69.117600 
    61.275   0.173379  69.865700   0.173800  69.793200   0.178168  69.479200   0.196311  68.950700 
    61.280   0.173669  68.767500   0.173991  68.731900   0.177954  68.521100   0.194790  68.270400 
    61.285   0.173386  67.618300   0.173696  67.536600   0.177229  67.440600   0.193386  67.322200 
    61.290   0.173147  67.108300   0.173453  67.183800   0.176986  66.941000   0.193038  66.815800 
    61.295   0.173284  67.136400   0.173576  67.208700   0.177189  66.925500   0.193052  66.808300 
    61.300   0.172871  67.398200   0.173229  67.353600   0.177031  67.075600   0.193479  66.771200 
    61.305   0.172358  67.523700   0.172752  67.433000   0.176876  67.084900   0.193799  66.607900 
    61.310   0.172275  67.034500   0.172643  67.021200   0.176711  66.643500   0.193395  66.159700 
    61.315   0.172213  66.164000   0.172559  66.068100   0.176288  65.828400   0.192144  65.548600 
    61.320   0.172020  65.295500   0.172304  65.238800   0.175767  65.049000   0.190579  64.859400 
    61.325   0.171827  64.778600   0.172106  64.724200   0.175457  64.551200   0.189841  64.427300 
    61.330   0.171369  64.507600   0.171627  64.464700   0.174930  64.271700   0.188996  64.196800 
    61.335   0.170589  64.562500   0.170867  64.496500   0.174245  64.274300   0.188443  64.128100 
    61.340   0.170136  64.799300   0.170459  64.737500   0.173909  64.507700   0.188300  64.293900 
    61.345   0.170130  65.239600   0.170451  65.173200   0.173967  64.931800   0.188499  64.720800 
    61.350   0.170096  65.754100   0.170423  65.683900   0.174057  65.420200   0.188991  65.184300 
    61.355   0.170047  66.274000   0.170371  66.233800   0.174153  65.899700   0.189638  65.584000 
    61.360   0.170275  66.848900   0.170622  66.823200   0.174537  66.459300   0.190439  66.085200 
    61.365   0.170690  67.156700   0.171024  67.080900   0.174879  66.800800   0.190886  66.566500 
    61.370   0.170982  67.667500   0.171311  67.603500   0.175112  67.387800   0.191496  67.227900 
    61.375   0.170711  69.199300   0.171101  69.112200   0.175405  68.817700   0.193070  68.361400 
    61.380   0.170138  71.255600   0.170657  71.153900   0.175774  70.596500   0.195553  69.658900 
    61.385   0.170458  72.481900   0.171018  72.343700   0.176522  71.698000   0.197299  70.570100 
    61.390   0.171750  72.260800   0.172254  72.144700   0.177343  71.671900   0.197427  70.871800 
    61.395   0.172488  72.100000   0.172983  71.962200   0.177899  71.574800   0.197789  70.892600 
    61.400   0.172689  72.265400   0.173209  72.141400   0.178329  71.717500   0.198601  70.885100 
    61.405   0.172822  72.390800   0.173377  72.318200   0.178621  71.861300   0.199166  70.917800 
    61.410   0.172929  71.767400   0.173427  71.649400   0.178397  71.219300   0.198239  70.449700 
    61.415   0.173170  70.194000   0.173585  70.116300   0.177909  69.865800   0.196150  69.477500 
    61.420   0.173478  69.588100   0.173859  69.518700   0.177962  69.300400   0.195456  69.048000 
    61.425   0.173770  69.507200   0.174125  69.443300   0.178166  69.215300   0.195405  69.015200 
    61.430   0.173710  69.215800   0.174055  69.152700   0.177922  68.995200   0.194841  68.865400 
    61.435   0.173498  69.389600   0.173837  69.342000   0.177805  69.182700   0.195029  69.050100 
    61.440   0.173238  71.099300   0.173663  71.003200   0.178274  70.676900   0.197267  70.174600 
    61.445   0.172428  73.102600   0.172995  73.010800   0.178396  72.471500   0.199523  71.497300 
    61.450   0.171546  74.039200   0.172143  73.908900   0.177921  73.304900   0.199994  72.125400 
    61.455   0.171491  74.225500   0.172084  74.110600   0.177878  73.492800   0.200055  72.344200 
    61.460   0.172480  74.189200   0.173082  74.054400   0.178681  73.492400   0.200513  72.429100 
    61.465   0.173811  73.321300   0.174319  73.199200   0.179473  72.785000   0.199968  72.014100 
    61.470   0.174752  71.760900   0.175130  71.706800   0.179395  71.539600   0.197949  71.221200 
    61.475   0.174999  70.746800   0.175288  70.695400   0.179001  70.638600   0.196061  70.685000 
    61.480   0.174745  70.729400   0.175003  70.691900   0.178631  70.638200   0.195249  70.806900 
    61.485   0.174243  71.960400   0.174598  71.912100   0.178571  71.813600   0.195980  71.820500 
    61.490   0.173087  73.872200   0.173505  73.754100   0.178013  73.509600   0.196986  73.287400 
    61.495   0.171761  75.540700   0.172234  75.470000   0.177062  75.168600   0.197106  74.827700 
    61.500   0.171497  77.365900   0.171977  77.278800   0.176941  77.013100   0.197958  76.723600 
    61.505   0.171725  79.725700   0.172249  79.659200   0.177513  79.425200   0.200107  79.144600 
    61.510   0.171862  83.130900   0.172470  82.991200   0.178523  82.657300   0.203755  82.113700 
    61.515   0.172096  87.002500   0.172826  86.825200   0.179895  86.290700   0.208298  85.313400 
    61.520   0.172183  90.341500   0.173001  90.194500   0.180790  89.570100   0.211905  88.383100 
    61.525   0.171812  92.974000   0.172707  92.818300   0.180932  92.214000   0.213966  90.982900 
    61.530   0.171542  95.792600   0.172484  95.626200   0.181188  94.977100   0.216266  93.707300 
    61.535   0.171559  98.887900   0.172577  98.720400   0.181802  98.041800   0.219062  96.752500 
    61.540   0.171519 101.770000   0.172589 101.523000   0.182150 100.967000   0.221617  99.763400 
    61.545   0.171606 104.607000   0.172690 104.454000   0.182518 103.932000   0.224066 102.959000 
    61.550   0.172020 107.754000   0.173100 107.650000   0.183126 107.305000   0.227115 106.643000 
    61.555   0.172511 111.135000   0.173614 111.027000   0.183871 110.954000   0.230821 110.598000 
    61.560   0.172985 114.769000   0.174105 114.707000   0.184743 114.862000   0.235741 114.764000 
    61.565   0.172980 117.866000   0.174165 117.818000   0.185549 118.196000   0.241984 117.975000 
    61.570   0.171541 119.200000   0.172862 119.191000   0.185781 119.585000   0.248563 118.726000 
    61.575   0.168660 119.191000   0.170120 119.182000   0.184383 119.616000   0.254354 117.752000 
    61.580   0.163420 117.903000   0.164962 117.941000   0.180381 118.624000   0.257064 115.860000 
    61.585   0.161312 123.380000   0.162903 123.590000   0.179765 125.129000   0.268128 121.681000 
    61.590   0.166663 141.332000   0.168414 141.782000   0.188818 144.507000   0.298808 139.544000 
    61.595   0.171577 161.462000   0.173696 162.184000   0.199566 165.713000   0.334922 157.480000 
    61.600   0.172629 179.683000   0.175388 180.532000   0.208297 184.041000   0.368321 170.980000 
    61.605   0.174871 201.967000   0.178816 202.733000   0.222337 204.536000   0.410435 184.025000 
    61.610   0.178781 227.072000   0.184381 227.565000   0.241666 226.206000   0.460014 195.822000 
    61.615   0.182338 252.284000   0.189879 252.466000   0.262248 246.891000   0.509633 205.696000 
    61.620   0.187218 280.740000   0.196957 280.469000   0.285864 269.801000   0.563098 217.101000 
    61.625   0.193144 309.974000   0.205547 308.821000   0.311724 291.302000   0.615637 226.857000 
    61.630   0.199004 334.875000   0.214356 332.082000   0.336513 305.869000   0.658246 230.625000 
    61.635   0.204372 356.743000   0.222502 352.096000   0.358539 317.315000   0.693936 232.843000 
    61.640   0.208323 374.015000   0.228633 368.063000   0.375483 326.694000   0.721788 235.142000 
    61.645   0.210807 385.858000   0.232609 378.947000   0.387163 332.958000   0.740928 236.200000 
    61.650   0.212171 392.587000   0.234897 385.104000   0.394186 336.171000   0.752069 236.293000 
    61.655   0.212977 395.217000   0.236155 387.468000   0.397618 337.119000   0.756930 235.729000 
    61.660   0.212387 394.664000   0.235473 387.091000   0.396941 337.098000   0.756707 235.650000 
    61.665   0.210071 390.052000   0.232549 382.925000   0.391398 334.842000   0.749006 235.001000 
    61.670   0.208191 383.656000   0.229893 376.957000   0.384603 331.340000   0.738252 234.169000 
    61.675   0.206713 376.204000   0.227409 370.085000   0.377419 327.666000   0.726383 233.959000 
    61.680   0.204493 365.428000   0.223722 360.190000   0.365870 322.069000   0.708147 233.370000 
    61.685   0.201645 350.989000   0.219120 346.672000   0.351555 313.893000   0.683459 231.762000 
    61.690   0.198994 334.256000   0.214485 330.943000   0.335623 303.894000   0.654699 229.522000 
    61.695   0.195153 313.731000   0.208266 311.605000   0.315720 291.416000   0.618038 226.429000 
    61.700   0.190570 290.275000   0.201119 289.319000   0.293030 276.292000   0.574677 222.070000 
    61.705   0.186276 264.921000   0.194305 264.919000   0.269810 258.491000   0.526332 215.755000 
    61.710   0.182546 238.119000   0.188188 238.907000   0.246971 238.030000   0.474144 207.269000 
    61.715   0.179908 211.712000   0.183548 212.836000   0.226709 216.213000   0.420506 196.857000 
    61.720   0.178283 188.126000   0.180454 189.329000   0.210364 194.870000   0.370574 185.086000 
    61.725   0.177176 168.653000   0.178455 169.720000   0.198963 175.659000   0.328086 172.679000 
    61.730   0.176321 153.090000   0.177186 153.864000   0.191563 159.099000   0.294029 160.292000 
    61.735   0.175562 141.011000   0.176276 141.565000   0.187222 145.622000   0.268849 148.720000 
    61.740   0.174682 131.854000   0.175393 132.171000   0.184706 135.005000   0.251049 138.559000 
    61.745   0.173484 124.784000   0.174282 124.911000   0.183081 126.564000   0.238842 129.559000 
    61.750   0.173009 118.601000   0.173812 118.664000   0.182141 119.600000   0.229516 122.054000 
    61.755   0.172898 112.554000   0.173626 112.495000   0.181033 113.070000   0.221309 115.348000 
    61.760   0.173002 105.949000   0.173592 105.916000   0.179910 106.422000   0.213574 108.675000 
    61.765   0.173569  99.934700   0.174034  99.937700   0.179222 100.550000   0.207585 102.744000 
    61.770   0.173907  95.166500   0.174284  95.185000   0.178890  95.666500   0.203628  97.696500 
    61.775   0.173573  92.145000   0.174014  92.085200   0.178763  92.284100   0.201976  93.689800 
    61.780   0.172991  89.622300   0.173468  89.555200   0.178426  89.513600   0.200847  90.410900 
    61.785   0.172910  87.422200   0.173338  87.308100   0.178091  87.281800   0.199560  88.009500 
    61.790   0.172851  86.404600   0.173302  86.289100   0.178145  86.217600   0.199564  86.685900 
    61.795   0.172418  86.168300   0.172938  86.069000   0.178220  85.822300   0.200397  85.902400 
    61.800   0.172092  85.982400   0.172654  85.854600   0.178263  85.519500   0.201167  85.290900 
    61.805   0.171925  85.710200   0.172503  85.620000   0.178308  85.184900   0.201744  84.795700 
    61.810   0.171851  85.437600   0.172432  85.319100   0.178345  84.903800   0.202058  84.411100 
    61.815   0.171906  85.319200   0.172496  85.206800   0.178492  84.781100   0.202540  84.226800 
    61.820   0.172078  85.411400   0.172702  85.286600   0.178729  84.874200   0.203087  84.308400 
    61.825   0.172192  85.561200   0.172826  85.458400   0.178888  85.014800   0.203555  84.437300 
    61.830   0.172113  85.558300   0.172732  85.453100   0.178866  85.035800   0.203880  84.439300 
    61.835   0.172303  85.954400   0.172934  85.822700   0.179218  85.413500   0.204825  84.751200 
    61.840   0.172719  86.652000   0.173391  86.496700   0.179955  86.030100   0.206425  85.214000 
    61.845   0.173158  87.315300   0.173841  87.121500   0.180646  86.606600   0.207872  85.667900 
    61.850   0.173447  87.780800   0.174197  87.638800   0.181171  87.110100   0.209084  86.086800 
    61.855   0.173337  88.052100   0.174122  87.911100   0.181345  87.300200   0.209879  86.094200 
    61.860   0.173168  88.157300   0.173967  88.004100   0.181427  87.322000   0.210490  85.961400 
    61.865   0.173319  88.555400   0.174147  88.422200   0.181606  87.722400   0.210626  86.351400 
    61.870   0.173711  88.838100   0.174491  88.701700   0.181792  88.059600   0.210306  86.805300 
    61.875   0.174115  88.684200   0.174846  88.563500   0.181828  87.981600   0.209508  86.906100 
    61.880   0.174719  88.018800   0.175418  87.875700   0.182067  87.362600   0.208564  86.482200 
    61.885   0.175997  86.736500   0.176610  86.636100   0.182577  86.293300   0.207331  85.799300 
    61.890   0.177411  85.469000   0.177935  85.405200   0.183225  85.266300   0.206433  85.159100 
    61.895   0.178373  85.172300   0.178859  85.102900   0.184102  84.942700   0.206872  84.826100 
    61.900   0.178838  85.359400   0.179393  85.279700   0.184862  85.016700   0.207962  84.674700 
    61.905   0.179019  85.227100   0.179570  85.145000   0.185142  84.840700   0.208252  84.401600 
    61.910   0.179283  85.289400   0.179840  85.194300   0.185498  84.842200   0.208680  84.316100 
    61.915   0.179593  84.998200   0.180138  84.911900   0.185651  84.567700   0.208399  84.068600 
    61.920   0.179672  83.860900   0.180122  83.805100   0.185182  83.574300   0.206662  83.369600 
    61.925   0.179794  83.143500   0.180187  83.097600   0.184880  82.979900   0.205439  82.970800 
    61.930   0.180159  83.657700   0.180646  83.564000   0.185409  83.399300   0.206125  83.370000 
    61.935   0.180670  84.794600   0.181161  84.674600   0.186206  84.461600   0.207536  84.274400 
    61.940   0.180794  85.683000   0.181312  85.577200   0.186567  85.282200   0.208443  84.958900 
    61.945   0.180809  85.740400   0.181260  85.685400   0.186405  85.428600   0.207992  85.184300 
    61.950   0.180656  85.232700   0.181099  85.165500   0.185870  85.069600   0.206807  85.035100 
    61.955   0.180269  86.018800   0.180751  85.940700   0.185946  85.669200   0.207717  85.375300 
    61.960   0.179453  86.999000   0.180054  86.905500   0.185759  86.397100   0.208456  85.791900 
    61.965   0.178602  86.805000   0.179182  86.709400   0.184678  86.298900   0.207112  85.802300 
    61.970   0.178131  86.802200   0.178656  86.713300   0.184000  86.373000   0.206052  85.984800 
    61.975   0.177725  86.711300   0.178255  86.634300   0.183560  86.273200   0.205478  85.919300 
    61.980   0.177664  86.528600   0.178219  86.437600   0.183555  86.083200   0.205452  85.693600 
    61.985   0.178171  86.395100   0.178716  86.288400   0.184031  85.962800   0.205849  85.542200 
    61.990   0.178824  86.175200   0.179381  86.062200   0.184570  85.768800   0.206236  85.396800 
    61.995   0.178812  85.918500   0.179355  85.818800   0.184485  85.538600   0.205988  85.209100 
    62.000   0.177921  85.640600   0.178432  85.542300   0.183633  85.243400   0.205088  84.866200 
    62.005   0.176223  85.756100   0.176790  85.639000   0.182290  85.184200   0.204331  84.560800 
    62.010   0.174942  86.032000   0.175529  85.848700   0.181285  85.285300   0.203684  84.486300 
    62.015   0.174511  85.966900   0.175094  85.751600   0.180818  85.207200   0.203083  84.391300 
    62.020   0.174261  85.457100   0.174823  85.276300   0.180446  84.738700   0.202423  83.996600 
    62.025   0.173989  84.713700   0.174551  84.575600   0.180066  84.054600   0.201575  83.342700 
    62.030   0.174112  84.151400   0.174678  84.022600   0.180042  83.517900   0.201107  82.847900 
    62.035   0.174447  83.109100   0.174973  82.960900   0.180024  82.574200   0.200251  82.068400 
    62.040   0.174929  82.090200   0.175423  81.975400   0.180225  81.652000   0.199854  81.272100 
    62.045   0.175307  81.978200   0.175802  81.848600   0.180734  81.479900   0.200607  80.962800 
    62.050   0.175100  81.383000   0.175602  81.261800   0.180612  80.829000   0.200476  80.244100 
    62.055   0.174893  80.567700   0.175389  80.446900   0.180350  80.033200   0.200129  79.422900 
    62.060   0.174728  80.288200   0.175228  80.175400   0.180321  79.713100   0.200197  79.072400 
    62.065   0.174559  79.737000   0.175086  79.611600   0.180160  79.128800   0.199810  78.464800 
    62.070   0.174706  78.497700   0.175167  78.388700   0.179943  77.978600   0.198914  77.351300 
    62.075   0.174384  76.646400   0.174804  76.555500   0.179209  76.238900   0.197113  75.810700 
    62.080   0.174136  75.149300   0.174514  75.099300   0.178589  74.843300   0.195781  74.557600 
    62.085   0.174099  75.118100   0.174515  75.015800   0.178863  74.691500   0.196469  74.191700 
    62.090   0.174090  75.177900   0.174556  75.087700   0.179217  74.626400   0.197368  73.863000 
    62.095   0.174643  74.260200   0.175101  74.129300   0.179657  73.677500   0.197391  72.970600 
    62.100   0.175621  72.564300   0.175982  72.475100   0.180107  72.147100   0.196745  71.647000 
    62.105   0.176242  70.747200   0.176589  70.671700   0.180259  70.441600   0.195581  70.189400 
    62.110   0.176453  69.252500   0.176732  69.178600   0.180015  69.053900   0.194184  68.971800 
    62.115   0.176573  69.221100   0.176874  69.153400   0.180250  68.953400   0.194511  68.739300 
    62.120   0.176352  69.711800   0.176702  69.606500   0.180466  69.285800   0.195502  68.814400 
    62.125   0.175871  68.836600   0.176186  68.735400   0.179783  68.412100   0.194338  68.011600 
    62.130   0.175688  67.495100   0.175983  67.465100   0.179139  67.209100   0.192926  67.089600 
    62.135   0.175095  67.341600   0.175391  67.327300   0.178742  67.008800   0.192827  66.782200 
    62.140   0.174110  67.981000   0.174445  67.915800   0.178173  67.537300   0.193074  67.045100 
    62.145   0.170034  66.636200   0.170386  66.582100   0.174116  66.103000   0.188587  65.554500 
    62.150   0.164614  63.623800   0.165019  63.515700   0.168797  63.036200   0.183219  62.353500 
    62.155   0.166355  63.324400   0.166774  63.160600   0.170767  62.683400   0.185857  61.896300 
    62.160   0.170486  63.976900   0.170848  63.844000   0.174833  63.430500   0.189948  62.671700 
    62.165   0.172089  62.391300   0.172340  62.304600   0.175639  62.072100   0.189030  61.735400 
    62.170   0.173018  61.064200   0.173254  60.979100   0.176013  60.864800   0.188154  60.847400 
    62.175   0.173360  60.860300   0.173571  60.790800   0.176302  60.683500   0.188159  60.692600 
    62.180   0.173440  61.162700   0.173645  61.088000   0.176458  60.977700   0.188415  60.959400 
    62.185   0.173536  61.720600   0.173770  61.659700   0.176612  61.535600   0.188870  61.541400 
    62.190   0.173679  62.637700   0.173969  62.562800   0.176858  62.484400   0.189530  62.479000 
    62.195   0.173677  64.135400   0.173985  64.094700   0.177148  63.951200   0.190978  63.912500 
    62.200   0.173023  66.100200   0.173335  66.072400   0.177128  65.851800   0.193046  65.585300 
    62.205   0.172130  68.241800   0.172553  68.148900   0.176962  67.811400   0.194650  67.249000 
    62.210   0.171991  70.008800   0.172466  69.922200   0.177272  69.565600   0.196521  68.888000 
    62.215   0.172231  71.866500   0.172800  71.760400   0.178037  71.349500   0.198926  70.527400 
    62.220   0.172723  73.860600   0.173334  73.688400   0.179150  73.217600   0.201929  72.098500 
    62.225   0.172827  75.120000   0.173483  74.996500   0.179734  74.401400   0.203847  73.068600 
    62.230   0.172783  75.867700   0.173512  75.720300   0.179999  75.099100   0.204902  73.660300 
    62.235   0.172622  76.043900   0.173307  75.918500   0.179799  75.315200   0.204796  73.898900 
    62.240   0.171985  75.410500   0.172667  75.312700   0.178949  74.745700   0.203440  73.426100 
    62.245   0.171710  74.646300   0.172369  74.537300   0.178539  73.968100   0.202401  72.695900 
    62.250   0.171828  73.795600   0.172506  73.685000   0.178653  73.045700   0.201956  71.651100 
    62.255   0.171847  71.861800   0.172482  71.755600   0.178325  71.123800   0.200276  69.746400 
    62.260   0.171818  67.675000   0.172295  67.565500   0.176986  67.146000   0.195297  66.328400 
    62.265   0.171562  61.759800   0.171778  61.728400   0.174667  61.672100   0.187527  61.775200 
    62.270   0.171159  57.309800   0.171279  57.304300   0.173058  57.387100   0.182141  57.943400 
    62.275   0.171283  55.817900   0.171368  55.772500   0.173042  55.811600   0.181153  56.262100 
    62.280   0.171702  55.441900   0.171790  55.395800   0.173433  55.380100   0.181238  55.793400 
    62.285   0.172169  55.460600   0.172263  55.405000   0.173839  55.438900   0.181453  55.910500 
    62.290   0.172978  56.411500   0.173088  56.382800   0.174816  56.398700   0.183138  56.849300 
    62.295   0.174242  58.769100   0.174424  58.737400   0.176602  58.740500   0.186825  59.044600 
    62.300   0.175500  62.663800   0.175781  62.612200   0.178944  62.490300   0.192559  62.385000 
    62.305   0.176353  66.850300   0.176785  66.796400   0.181153  66.433600   0.198358  65.717300 
    62.310   0.176729  69.457400   0.177232  69.375300   0.182177  68.928300   0.201393  67.992500 
    62.315   0.176932  70.736400   0.177442  70.639000   0.182451  70.228700   0.202057  69.414500 
    62.320   0.177085  71.003800   0.177545  70.936700   0.182194  70.674700   0.201264  70.145100 
    62.325   0.177075  70.798200   0.177480  70.750900   0.181605  70.669100   0.199719  70.566900 
    62.330   0.176628  71.914000   0.177039  71.859300   0.181361  71.742100   0.200241  71.586700 
    62.335   0.175801  74.241700   0.176276  74.165900   0.181450  73.870100   0.202496  73.252600 
    62.340   0.174411  76.223800   0.175016  76.130700   0.180925  75.639400   0.203877  74.623700 
    62.345   0.172232  77.040600   0.172894  76.918900   0.178964  76.390000   0.202548  75.309800 
    62.350   0.170742  77.567200   0.171373  77.448900   0.177404  76.979800   0.201113  76.011900 
    62.355   0.170258  78.566200   0.170931  78.469400   0.177139  77.923000   0.201520  76.886000 
    62.360   0.170349  79.543000   0.171048  79.436800   0.177473  78.882500   0.202588  77.778700 
    62.365   0.171247  80.875200   0.172003  80.760900   0.178610  80.176700   0.204393  79.099100 
    62.370   0.172161  81.970000   0.172883  81.829200   0.179637  81.232600   0.205847  80.051500 
    62.375   0.172690  81.829100   0.173397  81.690200   0.179873  81.238600   0.205631  80.264300 
    62.380   0.173129  81.533900   0.173770  81.424600   0.179997  81.072300   0.205337  80.284000 
    62.385   0.173372  81.777400   0.174028  81.682100   0.180322  81.327500   0.205825  80.480100 
    62.390   0.173639  82.299500   0.174334  82.172200   0.180745  81.738300   0.206594  80.832900 
    62.395   0.173563  82.370500   0.174258  82.278800   0.180803  81.812600   0.206922  80.818200 
    62.400   0.172988  81.988600   0.173694  81.888200   0.180325  81.422300   0.206448  80.342600 
    62.405   0.172755  81.761000   0.173454  81.667400   0.180057  81.152500   0.206168  80.061300 
    62.410   0.172887  81.651300   0.173580  81.527400   0.180145  81.038400   0.206034  80.005800 
    62.415   0.172895  81.247100   0.173571  81.168100   0.179941  80.688400   0.205370  79.720800 
    62.420   0.172747  80.653700   0.173395  80.558400   0.179592  80.142500   0.204328  79.346800 
    62.425   0.172770  80.382000   0.173416  80.271500   0.179555  79.856600   0.204006  79.080100 
    62.430   0.172766  80.525200   0.173448  80.400000   0.179794  79.884100   0.204512  78.876700 
    62.435   0.172795  80.358900   0.173487  80.232300   0.179993  79.627000   0.204801  78.399700 
    62.440   0.172900  79.392700   0.173569  79.258600   0.179770  78.698900   0.203815  77.477700 
    62.445   0.172657  77.421400   0.173237  77.307100   0.178871  76.863800   0.200884  75.967800 
    62.450   0.171997  75.536300   0.172553  75.462600   0.177735  75.036400   0.197979  74.294700 
    62.455   0.171464  73.552000   0.171959  73.436300   0.176628  73.036300   0.194977  72.516500 
    62.460   0.171212  70.643600   0.171563  70.585600   0.175259  70.409300   0.191011  70.369700 
    62.465   0.170958  68.786900   0.171222  68.755800   0.174372  68.681900   0.187978  68.862000 
    62.470   0.170383  67.448500   0.170605  67.436000   0.173370  67.441900   0.185830  67.821100 
    62.475   0.170175  67.317000   0.170383  67.303500   0.173048  67.374100   0.185696  67.818300 
    62.480   0.170389  69.838200   0.170700  69.792700   0.174211  69.677300   0.189549  69.704800 
    62.485   0.170393  73.661400   0.170904  73.560100   0.175789  73.120000   0.194714  72.353200 
    62.490   0.170555  76.608100   0.171198  76.494400   0.177078  75.871500   0.198839  74.598000 
    62.495   0.170919  78.526100   0.171604  78.405900   0.177957  77.720100   0.201585  76.233100 
    62.500   0.171007  79.865900   0.171761  79.727600   0.178458  78.968500   0.203185  77.359100 
    62.505   0.171203  80.566300   0.171949  80.426000   0.178693  79.701400   0.203834  78.123300 
    62.510   0.171973  80.953600   0.172711  80.839500   0.179407  80.133200   0.204324  78.712200 
    62.515   0.173025  80.992200   0.173768  80.835400   0.180336  80.140200   0.204960  78.787300 
    62.520   0.174175  80.557900   0.174840  80.428900   0.181032  79.835000   0.204571  78.732300 
    62.525   0.175391  79.263000   0.175934  79.184200   0.181255  78.826700   0.202728  78.199600 
    62.530   0.176498  77.842600   0.176934  77.775800   0.181475  77.625700   0.200789  77.455000 
    62.535   0.177223  76.804700   0.177533  76.779200   0.181451  76.762500   0.199178  76.960800 
    62.540   0.177508  76.297800   0.177815  76.255900   0.181284  76.394900   0.198113  76.895600 
    62.545   0.177576  78.190700   0.177970  78.203900   0.182081  78.145700   0.200759  78.353500 
    62.550   0.177385  82.034900   0.177975  81.937700   0.183684  81.475200   0.206234  80.652200 
    62.555   0.177285  84.494700   0.177995  84.376500   0.184565  83.702800   0.209157  82.447900 
    62.560   0.177700  84.721200   0.178338  84.613900   0.184453  84.173000   0.208521  83.270800 
    62.565   0.177738  84.022300   0.178270  83.963000   0.183650  83.781300   0.206380  83.453900 
    62.570   0.177697  84.476200   0.178221  84.424900   0.183481  84.294200   0.206072  84.109100 
    62.575   0.177896  85.986900   0.178460  85.931200   0.183944  85.731800   0.207168  85.502000 
    62.580   0.177495  87.018200   0.178067  86.946300   0.183742  86.726800   0.207772  86.422100 
    62.585   0.177035  88.137100   0.177653  88.058600   0.183656  87.770800   0.208676  87.363700 
    62.590   0.177530  90.170100   0.178186  90.114100   0.184451  89.812700   0.210611  89.332400 
    62.595   0.178001  92.060400   0.178667  91.997800   0.185135  91.737300   0.212336  91.224700 
    62.600   0.178033  93.795900   0.178757  93.718300   0.185634  93.369900   0.214184  92.719800 
    62.605   0.178437  95.976400   0.179260  95.892300   0.186852  95.345900   0.217367  94.303300 
    62.610   0.179139  97.732800   0.180070  97.579900   0.188363  96.875100   0.220657  95.407700 
    62.615   0.175800  95.479900   0.176803  95.291000   0.185452  94.338500   0.217896  92.495100 
    62.620   0.164052  85.751700   0.165047  85.520600   0.173503  84.345100   0.204029  82.248700 
    62.625   0.166281  87.944500   0.167346  87.679300   0.176172  86.480600   0.208105  84.235600 
    62.630   0.178700  98.198400   0.179707  98.017000   0.188504  97.143600   0.222290  95.371700 
    62.635   0.179421  97.190000   0.180256  97.088000   0.187918  96.602800   0.219089  95.558900 
    62.640   0.177619  93.707900   0.178319  93.611300   0.185037  93.285700   0.213182  92.741900 
    62.645   0.176828  91.694300   0.177481  91.577400   0.183698  91.285200   0.209829  90.913600 
    62.650   0.176419  90.552700   0.177058  90.435100   0.183190  90.086300   0.208373  89.611300 
    62.655   0.175843  89.046400   0.176569  88.933500   0.182624  88.493500   0.207115  87.814600 
    62.660   0.175364  87.114300   0.176038  86.977400   0.182104  86.407200   0.205789  85.585000 
    62.665   0.175226  84.723000   0.175842  84.532100   0.181685  83.906300   0.203931  83.027500 
    62.670   0.175026  80.600300   0.175524  80.486000   0.180295  80.064100   0.199102  79.632400 
    62.675   0.173818  74.460500   0.174070  74.402800   0.177042  74.367500   0.190616  74.831900 
    62.680   0.171785  70.631000   0.171967  70.588900   0.174345  70.598200   0.185442  71.148400 
    62.685   0.169022  70.477900   0.169339  70.340400   0.172476  69.952600   0.184250  69.810900 
    62.690   0.163301  68.210700   0.163584  68.080900   0.166561  67.595200   0.176825  67.386700 
    62.695   0.144595  56.581300   0.144630  56.547700   0.145735  56.479400   0.150808  57.163900 
    62.700   0.108077  32.486400   0.107956  32.516400   0.107811  32.806000   0.109468  33.758300 
