#PROGRAM: dep90.pas
#PROT: N: 172
#PROT: TE: -28
#PROT: T: 94.050
#PROT: DB: 1650 78.00 # end of core
#PROT: DB: 550 78.00 # bag cut
#PROT: DB: 1100 78.00 # bag cut
#PROT: DB: 90 78.00
#PROT: DB: 310 78.00
#PROT: DB: 1085 78.00
#PROT: S: 80 240
# depth c250k g250k c200k g200k c100k g100k c50k g50k 
    94.055   0.133317  54.243600   0.133443  54.208000   0.135376  54.357200   0.145843  55.273900 
    94.060   0.160735  69.826400   0.161038  69.738700   0.164481  69.563900   0.179728  70.037000 
    94.065   0.170527  73.060500   0.170905  72.971000   0.175043  72.828100   0.193191  72.969700 
    94.070   0.175502  75.701400   0.175970  75.612900   0.180761  75.482400   0.201789  75.364200 
    94.075   0.178664  79.845400   0.179316  79.705700   0.185610  79.259700   0.211104  78.354300 
    94.080   0.180506  82.580400   0.181298  82.438300   0.188605  81.776600   0.217220  80.270600 
    94.085   0.181462  83.202600   0.182239  83.098800   0.189636  82.485000   0.218816  81.040400 
    94.090   0.182076  82.540100   0.182764  82.461200   0.189563  82.069700   0.217775  81.086000 
    94.095   0.182470  81.665400   0.183074  81.617800   0.189206  81.453200   0.216172  80.948100 
    94.100   0.183035  82.245200   0.183646  82.179200   0.189890  82.022900   0.217022  81.494000 
    94.105   0.183452  82.938700   0.184078  82.862600   0.190435  82.635100   0.217966  82.069800 
    94.110   0.183328  82.784900   0.183928  82.716000   0.190206  82.543500   0.217545  82.053600 
    94.115   0.183007  83.026000   0.183645  82.941600   0.190062  82.709600   0.217828  82.116600 
    94.120   0.182673  83.771000   0.183374  83.678300   0.190219  83.333400   0.218786  82.448400 
    94.125   0.180785  83.228200   0.181487  83.128100   0.188360  82.746300   0.216879  81.817500 
    94.130   0.176728  80.490800   0.177454  80.389300   0.183894  80.051000   0.211365  79.306600 
    94.135   0.174996  78.587200   0.175656  78.488500   0.182105  78.136600   0.209171  77.295900 
    94.140   0.176238  78.344100   0.176920  78.227700   0.183541  77.842800   0.211196  76.901300 
    94.145   0.178066  78.439700   0.178764  78.322300   0.185622  77.884700   0.213847  76.791500 
    94.150   0.179715  78.620900   0.180420  78.485900   0.187383  78.023200   0.215818  76.848500 
    94.155   0.180614  78.586000   0.181336  78.456500   0.188196  77.977200   0.216209  76.842600 
    94.160   0.181308  78.291400   0.181998  78.154600   0.188638  77.713100   0.215841  76.663200 
    94.165   0.181864  77.337100   0.182473  77.230000   0.188603  76.872200   0.214278  76.141900 
    94.170   0.182283  76.186900   0.182822  76.088300   0.188354  75.862000   0.212342  75.490500 
    94.175   0.182627  75.453600   0.183117  75.349600   0.188310  75.216900   0.211209  75.023900 
    94.180   0.182934  75.072600   0.183400  74.989300   0.188394  74.875500   0.210678  74.789100 
    94.185   0.183334  75.228200   0.183816  75.137000   0.188763  75.028900   0.211030  74.931100 
    94.190   0.183792  76.303900   0.184312  76.200600   0.189673  75.992500   0.212944  75.651300 
    94.195   0.184217  77.624100   0.184781  77.467500   0.190616  77.128100   0.215084  76.522500 
    94.200   0.184651  78.522300   0.185283  78.416100   0.191399  78.028100   0.216758  77.237700 
    94.205   0.185106  78.911700   0.185752  78.806800   0.191902  78.424300   0.217305  77.602800 
    94.210   0.184411  78.437100   0.185008  78.343600   0.190941  78.008600   0.215862  77.327900 
    94.215   0.179525  75.171000   0.180105  75.036300   0.185710  74.764600   0.209408  74.147900 
    94.220   0.178901  73.766600   0.179423  73.664800   0.184742  73.407400   0.207404  72.918400 
    94.225   0.183880  75.632200   0.184390  75.529900   0.189632  75.303200   0.212194  74.877200 
    94.230   0.186137  76.708100   0.186676  76.632100   0.192094  76.360500   0.215031  75.839900 
    94.235   0.186700  77.330900   0.187263  77.239300   0.192892  76.871400   0.216239  76.164100 
    94.240   0.186749  77.036700   0.187315  76.938800   0.192934  76.535800   0.215822  75.791700 
    94.245   0.186898  75.603500   0.187363  75.453900   0.192357  75.160200   0.213425  74.745800 
    94.250   0.186915  73.272900   0.187279  73.159500   0.191411  73.079900   0.209936  73.127100 
    94.255   0.187095  71.813300   0.187402  71.730900   0.191122  71.666600   0.208246  71.887800 
    94.260   0.187642  71.065600   0.187942  70.975100   0.191525  70.922400   0.207952  71.179400 
    94.265   0.188021  69.954000   0.188277  69.923700   0.191589  69.848800   0.207165  70.251200 
    94.270   0.186424  68.341300   0.186698  68.254200   0.190000  68.229300   0.205654  68.563700 
    94.275   0.181666  66.248000   0.182006  66.158200   0.185920  65.992100   0.202994  65.884400 
    94.280   0.175743  64.509900   0.176222  64.408600   0.181004  64.010800   0.200251  63.227400 
    94.285   0.174638  65.241800   0.175199  65.117500   0.180616  64.579900   0.201674  63.415100 
    94.290   0.179038  67.769500   0.179551  67.690800   0.184893  67.256700   0.206237  66.291200 
    94.295   0.183550  69.706800   0.183995  69.618200   0.188784  69.402200   0.209146  68.899700 
    94.300   0.185542  70.719300   0.185942  70.658300   0.190439  70.518700   0.210120  70.296000 
    94.305   0.185817  71.237200   0.186209  71.165700   0.190634  71.042300   0.210170  70.838600 
    94.310   0.185680  71.359300   0.186063  71.276300   0.190382  71.177900   0.209672  71.090500 
    94.315   0.185632  71.793800   0.186008  71.738800   0.190381  71.647400   0.209839  71.549000 
    94.320   0.185663  73.028300   0.186098  72.969700   0.190902  72.779500   0.211625  72.420800 
    94.325   0.185983  74.405200   0.186476  74.298300   0.191689  74.013700   0.213529  73.393400 
    94.330   0.186436  74.977900   0.186907  74.821200   0.192128  74.522100   0.214082  73.942500 
    94.335   0.186463  74.551700   0.186920  74.428400   0.191916  74.202500   0.213322  73.742100 
    94.340   0.186214  73.958600   0.186661  73.877400   0.191550  73.683300   0.212634  73.246400 
    94.345   0.185919  73.686100   0.186396  73.600800   0.191302  73.383400   0.212323  72.890200 
    94.350   0.183354  73.098900   0.183830  72.970300   0.188933  72.658400   0.210159  72.001100 
    94.355   0.167263  64.151800   0.167699  64.042900   0.172312  63.749400   0.191412  63.113400 
    94.360   0.148559  51.860900   0.148901  51.780000   0.153002  51.534200   0.169419  50.954700 
    94.365   0.156611  57.240400   0.157110  57.141000   0.162108  56.765900   0.182202  55.711800 
    94.370   0.178243  73.266600   0.178898  73.121100   0.185537  72.568500   0.211618  71.127000 
    94.375   0.189029  81.606000   0.189774  81.486600   0.196962  80.907000   0.225450  79.445400 
    94.380   0.189879  82.062600   0.190602  81.948300   0.197680  81.389300   0.225617  80.023200 
    94.385   0.188934  80.070600   0.189579  79.967200   0.196079  79.506500   0.222357  78.298500 
    94.390   0.188241  77.180000   0.188788  77.093000   0.194395  76.785000   0.217868  75.996000 
    94.395   0.187584  74.032300   0.188007  73.885600   0.192807  73.657300   0.213410  73.251500 
    94.400   0.186818  70.371800   0.187161  70.305500   0.191072  70.180400   0.208585  70.113700 
    94.405   0.186261  66.375200   0.186461  66.310800   0.189389  66.323000   0.203301  66.703500 
    94.410   0.185661  61.299900   0.185704  61.294200   0.187289  61.521900   0.196800  62.534000 
    94.415   0.184959  57.504800   0.184888  57.498000   0.185626  57.882800   0.192558  59.288700 
    94.420   0.184838  59.463300   0.184926  59.420800   0.186828  59.539500   0.197248  60.274800 
    94.425   0.185097  63.945000   0.185413  63.840800   0.189044  63.558300   0.204066  63.338500 
    94.430   0.184586  65.570700   0.184917  65.477500   0.188627  65.292600   0.204776  65.118900 
    94.435   0.184090  67.899600   0.184425  67.800300   0.188371  67.705800   0.205990  67.552400 
    94.440   0.184271  71.843500   0.184755  71.750200   0.189789  71.423500   0.210669  70.732800 
    94.445   0.184476  74.702700   0.185055  74.568900   0.190886  74.090600   0.214213  73.002400 
    94.450   0.184757  76.332300   0.185371  76.151500   0.191532  75.651600   0.216039  74.477900 
    94.455   0.184922  76.707300   0.185523  76.527400   0.191495  76.103100   0.215907  75.096400 
    94.460   0.184896  76.129800   0.185416  75.984100   0.190909  75.718600   0.214232  75.093700 
    94.465   0.185000  76.093300   0.185480  75.952600   0.190721  75.765600   0.213543  75.336200 
    94.470   0.184684  76.855400   0.185189  76.697400   0.190642  76.448100   0.213925  75.909000 
    94.475   0.184215  77.359700   0.184729  77.189100   0.190326  76.924500   0.213966  76.345600 
    94.480   0.184087  77.661000   0.184596  77.533400   0.190183  77.236300   0.213942  76.674800 
    94.485   0.184458  77.987100   0.185003  77.930800   0.190609  77.679900   0.214540  77.122000 
    94.490   0.185124  78.678200   0.185715  78.567500   0.191500  78.266900   0.215992  77.572100 
    94.495   0.185682  78.931900   0.186246  78.843600   0.192034  78.534300   0.216585  77.895800 
    94.500   0.185812  78.695000   0.186369  78.611400   0.192011  78.377900   0.216287  77.846200 
    94.505   0.185739  78.774200   0.186293  78.658200   0.192029  78.406000   0.216575  77.796700 
    94.510   0.185731  78.917300   0.186299  78.833100   0.192160  78.544000   0.216749  77.843900 
    94.515   0.185750  78.674900   0.186301  78.597800   0.192005  78.327600   0.216282  77.721300 
    94.520   0.185662  78.170000   0.186200  78.089700   0.191761  77.857500   0.215582  77.313300 
    94.525   0.185612  78.136900   0.186155  78.038300   0.191797  77.718800   0.215582  77.104800 
    94.530   0.185689  77.964200   0.186240  77.859900   0.191854  77.543100   0.215267  76.897500 
    94.535   0.185692  76.712900   0.186160  76.592400   0.191245  76.361700   0.213095  76.036400 
    94.540   0.185610  74.846900   0.185957  74.767200   0.190267  74.745100   0.209921  74.873000 
    94.545   0.185383  73.701900   0.185699  73.631800   0.189561  73.698600   0.208037  74.084300 
    94.550   0.185434  73.970500   0.185750  73.890600   0.189687  73.922100   0.208235  74.297200 
    94.555   0.185590  75.500300   0.185920  75.353600   0.190368  75.326100   0.210470  75.408700 
    94.560   0.185866  77.067900   0.186312  76.966300   0.191230  76.799300   0.212664  76.651100 
    94.565   0.185936  78.070700   0.186414  77.985700   0.191484  77.824300   0.213797  77.651000 
    94.570   0.185800  78.835400   0.186290  78.780500   0.191428  78.666800   0.214397  78.556000 
    94.575   0.185704  80.323600   0.186222  80.247500   0.191773  80.072000   0.216164  79.799400 
    94.580   0.185701  82.214800   0.186300  82.118300   0.192454  81.850100   0.218684  81.234000 
    94.585   0.185375  83.588100   0.186027  83.476200   0.192649  83.113400   0.220367  82.271200 
    94.590   0.184709  84.196400   0.185389  84.084800   0.192137  83.697800   0.220402  82.841500 
    94.595   0.183237  83.669400   0.183852  83.580400   0.190185  83.364600   0.217736  82.863900 
    94.600   0.177808  81.499600   0.178293  81.423000   0.183789  81.474700   0.209458  81.532800 
    94.605   0.169137  78.886800   0.169565  78.850300   0.174475  79.043000   0.198768  79.438000 
    94.610   0.171840  82.474700   0.172385  82.400700   0.178234  82.357700   0.204822  82.300800 
    94.615   0.180487  87.985300   0.181198  87.889700   0.188326  87.546900   0.218665  86.787700 
    94.620   0.183133  90.097300   0.183945  89.966300   0.191838  89.510500   0.224579  88.358700 
    94.625   0.184117  90.893200   0.184931  90.774800   0.192791  90.488100   0.226571  89.449200 
    94.630   0.184658  92.332500   0.185473  92.243800   0.193608  92.005100   0.229073  90.903500 
    94.635   0.185143  95.730500   0.186155  95.594600   0.195713  95.008300   0.234954  93.062800 
    94.640   0.185457  98.316700   0.186616  98.131800   0.197364  97.332200   0.239557  94.622700 
    94.645   0.185661  99.829900   0.186873  99.660300   0.198171  98.643400   0.242097  95.662500 
    94.650   0.185704 100.255000   0.186887 100.088000   0.198188  99.133900   0.242404  96.145600 
    94.655   0.185733 100.153000   0.186908  99.990100   0.198027  99.080500   0.241861  96.218400 
    94.660   0.185992 100.117000   0.187226  99.904900   0.198441  98.875100   0.241890  95.920200 
    94.665   0.186417  99.038700   0.187632  98.823100   0.198543  97.761700   0.240568  94.896000 
    94.670   0.186843  96.115600   0.187894  95.946900   0.197601  95.186800   0.236265  92.999900 
    94.675   0.187008  91.616600   0.187801  91.504900   0.195602  91.179500   0.229098  90.160400 
    94.680   0.186695  86.247400   0.187201  86.209500   0.192955  86.344000   0.220524  86.500900 
    94.685   0.186532  82.368800   0.186887  82.340500   0.191384  82.709500   0.214865  83.514200 
    94.690   0.186666  81.158600   0.187018  81.147900   0.191355  81.420900   0.213721  82.215600 
    94.695   0.186852  81.399000   0.187233  81.378100   0.191868  81.532500   0.214669  82.068100 
    94.700   0.187172  83.139900   0.187684  83.075800   0.193105  83.041400   0.217967  83.029200 
    94.705   0.187447  85.514700   0.188085  85.425900   0.194627  85.080700   0.222367  84.337900 
    94.710   0.187320  86.818900   0.188168  86.719800   0.195386  86.218600   0.224951  85.050200 
    94.715   0.187367  87.508800   0.188136  87.350600   0.195586  86.834300   0.225928  85.555500 
    94.720   0.187477  88.103700   0.188277  87.954900   0.195945  87.389100   0.226894  85.976000 
    94.725   0.187505  88.114100   0.188301  87.966900   0.196013  87.373800   0.226952  85.914400 
    94.730   0.187537  87.070100   0.188276  86.925900   0.195525  86.470800   0.225236  85.293100 
    94.735   0.187384  85.058100   0.188007  84.965900   0.194390  84.707000   0.221937  84.071200 
    94.740   0.187177  83.369900   0.187708  83.280100   0.193488  83.186300   0.219320  82.923500 
    94.745   0.187041  82.655300   0.187560  82.583400   0.193062  82.537200   0.218235  82.440000 
    94.750   0.186871  83.081200   0.187414  82.998200   0.193120  82.880100   0.218771  82.681500 
    94.755   0.186806  84.437900   0.187418  84.333500   0.193689  84.081300   0.220690  83.520500 
    94.760   0.186664  85.763200   0.187350  85.634500   0.194147  85.232600   0.222610  84.344100 
    94.765   0.186464  86.592800   0.187199  86.436600   0.194371  85.976300   0.223842  84.898800 
    94.770   0.186454  86.851800   0.187204  86.704600   0.194445  86.271100   0.224309  85.165400 
    94.775   0.186577  86.779100   0.187304  86.662100   0.194392  86.290600   0.224208  85.332800 
    94.780   0.186644  86.894500   0.187364  86.786500   0.194388  86.473400   0.224370  85.572800 
    94.785   0.186493  87.425400   0.187221  87.318000   0.194492  86.968600   0.225189  85.937100 
    94.790   0.186422  88.320400   0.187204  88.185600   0.194867  87.721100   0.226574  86.480800 
    94.795   0.186565  88.855900   0.187376  88.738300   0.195152  88.263700   0.227461  86.952300 
    94.800   0.186662  89.095500   0.187478  88.968400   0.195337  88.501100   0.227907  87.181500 
    94.805   0.186701  89.354100   0.187542  89.249400   0.195594  88.727400   0.228696  87.266600 
    94.810   0.186685  89.467700   0.187549  89.338900   0.195817  88.750200   0.229230  87.132600 
    94.815   0.186687  88.931300   0.187546  88.785300   0.195707  88.218300   0.228788  86.603000 
    94.820   0.186881  87.771200   0.187693  87.633700   0.195421  87.147500   0.227385  85.758200 
    94.825   0.187074  86.575100   0.187829  86.457500   0.195235  86.080800   0.226005  84.830300 
    94.830   0.186882  85.435600   0.187635  85.291600   0.194853  84.864300   0.224773  83.631000 
    94.835   0.186433  83.790500   0.187125  83.702500   0.194054  83.274800   0.222666  82.146300 
    94.840   0.185915  81.758900   0.186551  81.667200   0.192957  81.307500   0.219874  80.398000 
    94.845   0.185688  80.003600   0.186289  79.887300   0.192416  79.529800   0.218045  78.661800 
    94.850   0.186365  78.811700   0.186992  78.688800   0.193100  78.257600   0.217905  77.246700 
    94.855   0.187358  77.198100   0.187955  77.077600   0.193759  76.615300   0.217220  75.638700 
    94.860   0.187742  73.637200   0.188177  73.466500   0.192936  73.193600   0.212936  72.711900 
    94.865   0.187897  68.912700   0.188152  68.840600   0.191445  68.828300   0.206950  69.095000 
    94.870   0.188176  65.862200   0.188329  65.807200   0.190851  65.878300   0.203514  66.439400 
    94.875   0.188493  64.576800   0.188630  64.514800   0.191040  64.540900   0.202814  65.014300 
    94.880   0.188869  64.019500   0.188998  63.972100   0.191424  63.960200   0.202993  64.318500 
    94.885   0.189131  63.831900   0.189277  63.780200   0.191754  63.738300   0.203364  64.013000 
    94.890   0.189270  63.887000   0.189442  63.801400   0.191994  63.747800   0.203744  63.972900 
    94.895   0.189570  64.488800   0.189758  64.419100   0.192465  64.337500   0.204804  64.484600 
    94.900   0.189927  65.722000   0.190165  65.627500   0.193164  65.508900   0.206585  65.513100 
    94.905   0.190109  67.511900   0.190403  67.430000   0.194026  67.187200   0.209374  66.841300 
    94.910   0.190344  69.093100   0.190729  68.995100   0.194907  68.674600   0.211639  67.945900 
    94.915   0.190510  68.869800   0.190852  68.778000   0.194820  68.480100   0.210900  67.917900 
    94.920   0.190407  67.004900   0.190638  66.923800   0.193766  66.769700   0.207445  66.767400 
    94.925   0.190390  65.024100   0.190531  64.965600   0.192698  65.018400   0.203843  65.536600 
    94.930   0.190593  64.969800   0.190670  64.909500   0.192545  65.061900   0.202859  65.820300 
    94.935   0.190905  67.762300   0.191089  67.688400   0.193628  67.734500   0.206188  68.194900 
    94.940   0.191145  72.511700   0.191613  72.431400   0.195665  72.138200   0.212618  71.744400 
    94.945   0.191627  76.000200   0.192125  75.850000   0.197202  75.372600   0.217131  74.456300 
    94.950   0.191611  76.599600   0.192079  76.493400   0.197021  76.093100   0.216878  75.326300 
    94.955   0.191326  75.742500   0.191701  75.640900   0.195974  75.420600   0.214345  75.137500 
    94.960   0.191255  74.801300   0.191545  74.751100   0.195123  74.704100   0.211713  74.897500 
    94.965   0.191435  74.907700   0.191676  74.867100   0.194966  74.921000   0.210947  75.345500 
    94.970   0.191657  76.937500   0.191975  76.807600   0.195773  76.799100   0.213289  76.949900 
    94.975   0.191855  79.861200   0.192329  79.752800   0.197129  79.437000   0.217212  79.115900 
    94.980   0.192043  81.397400   0.192548  81.284200   0.197721  80.905000   0.218917  80.373400 
    94.985   0.191898  81.114800   0.192336  81.032300   0.196992  80.873400   0.217402  80.676300 
    94.990   0.191569  80.595200   0.191915  80.526200   0.196009  80.567100   0.215346  80.822100 
    94.995   0.191327  81.793100   0.191701  81.741700   0.196028  81.755600   0.216290  81.935600 
    95.000   0.191714  85.267000   0.192258  85.184000   0.197754  84.891100   0.221067  84.402500 
    95.005   0.191976  87.962500   0.192663  87.817900   0.199085  87.293000   0.224816  86.248900 
    95.010   0.191550  87.856800   0.192220  87.712600   0.198563  87.273800   0.224348  86.354900 
    95.015   0.191166  86.916900   0.191737  86.808000   0.197560  86.553500   0.222471  85.976200 
    95.020   0.190986  86.653800   0.191521  86.552600   0.197169  86.373400   0.221701  85.943000 
    95.025   0.190795  87.327200   0.191408  87.229400   0.197440  86.890100   0.222694  86.205800 
    95.030   0.190713  87.779800   0.191354  87.656400   0.197735  87.196100   0.223505  86.244700 
    95.035   0.190749  86.426500   0.191304  86.321700   0.197066  86.041300   0.221412  85.489200 
    95.040   0.190656  85.739700   0.191223  85.638000   0.196848  85.341100   0.220575  84.798900 
    95.045   0.190340  85.064800   0.190900  84.959400   0.196492  84.600300   0.219686  84.013900 
    95.050   0.189542  83.026300   0.190002  82.946900   0.194935  82.769000   0.216354  82.533500 
    95.055   0.188896  82.151900   0.189332  82.066500   0.194169  81.884100   0.215016  81.627900 
    95.060   0.188484  81.364400   0.188923  81.269900   0.193662  81.071900   0.213913  80.822300 
    95.065   0.187860  79.953200   0.188270  79.869900   0.192634  79.722700   0.211892  79.651200 
    95.070   0.187729  79.218800   0.188118  79.132200   0.192449  79.009000   0.211163  79.000400 
    95.075   0.188207  79.045900   0.188639  78.939700   0.193111  78.764200   0.212138  78.523200 
    95.080   0.188708  78.737100   0.189140  78.648800   0.193721  78.388000   0.212937  78.061300 
    95.085   0.189073  78.074300   0.189483  77.978900   0.193849  77.770500   0.212521  77.488700 
    95.090   0.189327  76.909000   0.189670  76.845400   0.193654  76.709400   0.211037  76.713200 
    95.095   0.189382  75.568800   0.189669  75.505900   0.193097  75.478900   0.209039  75.790100 
    95.100   0.189220  74.636200   0.189474  74.596200   0.192512  74.665900   0.207479  75.234500 
    95.105   0.189483  75.818100   0.189766  75.762000   0.193192  75.761500   0.209262  76.125800 
    95.110   0.189708  77.818500   0.190092  77.739000   0.194258  77.578200   0.212421  77.557700 
    95.115   0.189701  78.978700   0.190130  78.890300   0.194622  78.706900   0.214221  78.558200 
    95.120   0.189919  80.736400   0.190407  80.633200   0.195491  80.351700   0.216939  79.907500 
    95.125   0.189921  81.962200   0.190479  81.850800   0.195920  81.486800   0.218546  80.873200 
    95.130   0.186905  79.828800   0.187368  79.713000   0.192219  79.552100   0.213359  79.438800 
    95.135   0.177126  75.886500   0.177580  75.818600   0.182627  75.585000   0.204439  75.199500 
    95.140   0.178787  82.136500   0.179454  81.997100   0.186058  81.443500   0.212825  80.394100 
    95.145   0.188784  91.359900   0.189601  91.211800   0.197234  90.643300   0.227868  89.261200 
    95.150   0.189384  92.131600   0.190233  91.965900   0.198169  91.352900   0.229610  89.777500 
    95.155   0.187265  90.172200   0.188136  90.003400   0.196100  89.319000   0.227260  87.682900 
    95.160   0.186597  87.519100   0.187358  87.386600   0.194608  86.864600   0.223806  85.625800 
    95.165   0.186504  83.654100   0.187039  83.581600   0.192684  83.507100   0.217882  83.307000 
    95.170   0.186170  80.358300   0.186557  80.358800   0.191009  80.568600   0.213217  81.096400 
    95.175   0.186190  80.351100   0.186637  80.327700   0.191449  80.405000   0.214392  80.669600 
    95.180   0.186297  81.506800   0.186871  81.428200   0.192590  81.310200   0.217675  80.989800 
    95.185   0.186231  80.767300   0.186759  80.704000   0.192344  80.701600   0.217633  80.475600 
    95.190   0.185765  77.705200   0.186117  77.748000   0.190613  78.143900   0.213831  78.736600 
    95.195   0.185271  73.866500   0.185372  73.984500   0.188415  75.041200   0.209442  76.569200 
    95.200   0.185594  77.082700   0.185746  77.333900   0.189887  78.761300   0.217805  79.916100 
    95.205   0.188219  94.612700   0.189469  94.586100   0.201613  94.196300   0.252140  90.484000 
    95.210   0.192652 115.775000   0.195732 114.919000   0.219291 109.996000   0.291913  98.869400 
    95.215   0.195011 125.011000   0.199141 123.546000   0.228314 115.656000   0.308537 100.830000 
    95.220   0.192890 117.866000   0.196337 116.798000   0.221702 110.806000   0.296575  98.400200 
    95.225   0.188429  97.081600   0.190039  96.896000   0.204726  95.654800   0.260067  90.088200 
    95.230   0.185396  75.642100   0.185629  75.856400   0.190712  77.277900   0.221976  77.556900 
    95.235   0.184728  63.550200   0.184562  63.784800   0.185873  65.308900   0.201763  67.295100 
    95.240   0.184812  57.807100   0.184592  57.961900   0.184761  59.116700   0.193548  61.294500 
    95.245   0.185059  56.337000   0.184861  56.442800   0.184993  57.293100   0.191695  59.268300 
    95.250   0.185624  59.074200   0.185558  59.153900   0.186414  59.770300   0.195262  61.318100 
    95.255   0.186484  64.971900   0.186642  64.986500   0.189169  65.271900   0.202660  65.943900 
    95.260   0.187010  70.950100   0.187392  70.866600   0.191823  70.732500   0.210843  70.378400 
    95.265   0.186804  73.846100   0.187341  73.755000   0.192645  73.398500   0.214282  72.594400 
    95.270   0.186702  75.118800   0.187224  74.955700   0.192681  74.606200   0.214917  73.806900 
    95.275   0.186778  75.241600   0.187239  75.100700   0.192242  74.882400   0.213471  74.439800 
    95.280   0.186750  74.644100   0.187107  74.526200   0.191331  74.517300   0.210696  74.690300 
    95.285   0.186663  74.904300   0.186969  74.813100   0.190814  74.950100   0.209578  75.467100 
    95.290   0.186420  77.050700   0.186813  77.028100   0.191184  77.116200   0.211835  77.363300 
    95.295   0.186230  81.259800   0.186810  81.199500   0.192676  80.934200   0.217425  80.421500 
    95.300   0.186082  85.031300   0.186835  84.901700   0.193950  84.353400   0.222217  83.119400 
    95.305   0.186027  86.654500   0.186811  86.535000   0.194184  85.995500   0.223590  84.706700 
    95.310   0.186173  86.750300   0.186886  86.667800   0.193706  86.372700   0.222363  85.630000 
    95.315   0.186292  86.383300   0.186869  86.343900   0.192848  86.368700   0.220360  86.343500 
    95.320   0.186494  88.167700   0.187087  88.126200   0.193288  88.192000   0.221931  88.173400 
    95.325   0.186726  92.047400   0.187526  91.973600   0.194974  91.732500   0.227252  91.048200 
    95.330   0.186876  95.358300   0.187784  95.264300   0.196306  94.850500   0.231704  93.633200 
    95.335   0.186934  97.747400   0.187914  97.626400   0.197057  97.253600   0.234634  95.696500 
    95.340   0.187014 100.150000   0.188068 100.005000   0.197791  99.409500   0.237575  97.667100 
    95.345   0.187149 102.051000   0.188277 101.915000   0.198459 101.295000   0.239866  99.362700 
    95.350   0.187285 103.022000   0.188399 102.886000   0.198600 102.345000   0.240655 100.537000 
    95.355   0.187089 103.325000   0.188188 103.209000   0.198320 102.772000   0.240701 101.065000 
    95.360   0.186798 103.938000   0.187877 103.856000   0.198190 103.387000   0.241279 101.635000 
    95.365   0.186662 104.960000   0.187769 104.860000   0.198388 104.347000   0.242340 102.464000 
    95.370   0.186631 105.746000   0.187784 105.641000   0.198535 105.098000   0.243108 103.203000 
    95.375   0.186679 106.361000   0.187860 106.243000   0.198715 105.712000   0.243886 103.751000 
    95.380   0.186734 106.796000   0.187915 106.720000   0.198809 106.170000   0.244212 104.239000 
    95.385   0.186796 107.110000   0.187981 106.984000   0.198932 106.469000   0.244631 104.538000 
    95.390   0.186963 107.488000   0.188159 107.387000   0.199209 106.827000   0.245204 104.841000 
    95.395   0.187051 107.635000   0.188260 107.514000   0.199405 106.965000   0.245546 104.874000 
    95.400   0.187360 107.821000   0.188572 107.723000   0.199852 107.094000   0.246130 104.894000 
    95.405   0.187765 107.913000   0.188998 107.792000   0.200450 107.063000   0.246738 104.690000 
    95.410   0.187859 106.966000   0.189047 106.886000   0.200283 106.159000   0.245692 103.834000 
    95.415   0.187680 105.491000   0.188871 105.329000   0.199734 104.622000   0.243734 102.470000 
    95.420   0.187627 103.429000   0.188760 103.302000   0.199070 102.653000   0.241012 100.706000 
    95.425   0.187475 100.436000   0.188483 100.325000   0.197812  99.889300   0.236793  98.449800 
    95.430   0.187333  97.470700   0.188227  97.412100   0.196676  97.148800   0.232494  96.070900 
    95.435   0.187345  94.821500   0.188153  94.740900   0.195853  94.483100   0.228918  93.738300 
    95.440   0.187526  91.975100   0.188236  91.893600   0.195096  91.718600   0.225134  91.338400 
    95.445   0.187794  88.465900   0.188346  88.434200   0.194037  88.490600   0.220443  88.711100 
    95.450   0.187892  85.898900   0.188355  85.865800   0.193338  86.040300   0.217270  86.546300 
    95.455   0.187968  85.307100   0.188467  85.259500   0.193685  85.252100   0.217318  85.449300 
    95.460   0.187996  84.779800   0.188523  84.710100   0.193925  84.583900   0.217555  84.531500 
    95.465   0.187740  83.197000   0.188234  83.156700   0.193288  83.090600   0.215848  83.156800 
    95.470   0.187620  82.165300   0.188107  82.109400   0.192955  82.075400   0.214834  82.222100 
    95.475   0.187666  81.954900   0.188131  81.891200   0.192993  81.862000   0.214954  81.943700 
    95.480   0.187534  82.761600   0.188070  82.700300   0.193407  82.517700   0.216529  82.303100 
    95.485   0.187255  83.853300   0.187872  83.750000   0.193887  83.369800   0.218615  82.683900 
    95.490   0.187099  83.951900   0.187765  83.850000   0.193987  83.415400   0.219164  82.570300 
    95.495   0.187278  83.598900   0.187927  83.497900   0.194035  83.083700   0.218874  82.255500 
    95.500   0.187384  82.467600   0.187978  82.366400   0.193705  82.035500   0.217359  81.432700 
    95.505   0.187571  80.844700   0.188073  80.768000   0.193178  80.553400   0.215035  80.277300 
    95.510   0.187880  79.157700   0.188284  79.087100   0.192629  79.043200   0.212208  79.311700 
    95.515   0.188163  78.267100   0.188511  78.211200   0.192392  78.265500   0.210617  78.796000 
    95.520   0.188313  78.871900   0.188690  78.808900   0.192838  78.809600   0.211438  79.123400 
    95.525   0.188226  79.763100   0.188659  79.694000   0.193135  79.555300   0.212663  79.609700 
    95.530   0.188226  80.370800   0.188685  80.305000   0.193237  80.141400   0.213239  80.146900 
    95.535   0.188369  81.168000   0.188822  81.099800   0.193516  80.951300   0.213942  80.948200 
    95.540   0.188470  82.109200   0.188932  82.017000   0.193719  81.896300   0.214681  81.875300 
    95.545   0.188479  83.196500   0.188943  83.106600   0.193894  82.980700   0.215453  82.933400 
    95.550   0.188486  84.432200   0.188992  84.344200   0.194108  84.199300   0.216487  84.106600 
    95.555   0.188546  85.731000   0.189078  85.665100   0.194396  85.505800   0.217615  85.395800 
    95.560   0.188814  87.280500   0.189363  87.207600   0.194896  87.056200   0.219099  86.906500 
    95.565   0.189067  88.973000   0.189659  88.900900   0.195504  88.740100   0.220824  88.504100 
    95.570   0.189334  90.619200   0.189960  90.550500   0.196045  90.381700   0.222438  90.088500 
    95.575   0.189645  92.263600   0.190291  92.182300   0.196627  92.000400   0.224026  91.671700 
    95.580   0.189989  94.052600   0.190683  93.978300   0.197360  93.750600   0.225955  93.278100 
    95.585   0.190146  95.559100   0.190881  95.461400   0.197902  95.174900   0.227510  94.549800 
    95.590   0.190174  96.209200   0.190917  96.125100   0.197949  95.845500   0.227832  95.278200 
    95.595   0.190320  96.234400   0.191021  96.165600   0.197806  96.007400   0.227270  95.670400 
    95.600   0.190499  96.479400   0.191171  96.414100   0.197821  96.320300   0.227217  96.075600 
    95.605   0.190479  96.457200   0.191139  96.404600   0.197699  96.353600   0.227020  96.185200 
    95.610   0.190590  96.785000   0.191254  96.727400   0.197880  96.749200   0.227497  96.534700 
    95.615   0.190871  98.305600   0.191660  98.263300   0.198924  97.980500   0.230288  97.385400 
    95.620   0.191247  99.773500   0.192153  99.674500   0.199984  99.249000   0.232779  98.252100 
    95.625   0.191443 100.373000   0.192403 100.265000   0.200577  99.711300   0.233861  98.450700 
    95.630   0.191316  99.403200   0.192237  99.292200   0.200200  98.767100   0.232508  97.531500 
    95.635   0.191269  97.172000   0.192080  97.068500   0.199388  96.708200   0.229188  95.738300 
    95.640   0.191234  93.497200   0.191857  93.409700   0.198000  93.174700   0.223951  92.846600 
    95.645   0.190919  87.756300   0.191280  87.726300   0.195319  87.909900   0.215053  88.720000 
    95.650   0.190248  82.420100   0.190391  82.445900   0.192643  82.940100   0.206843  84.650600 
    95.655   0.189966  79.705500   0.190011  79.714500   0.191643  80.261700   0.203371  82.228100 
    95.660   0.190415  80.512400   0.190548  80.512600   0.192746  80.937900   0.206061  82.465700 
    95.665   0.190984  83.741900   0.191273  83.735000   0.194878  83.865600   0.212291  84.525800 
    95.670   0.191306  87.842500   0.191845  87.778700   0.197159  87.493100   0.219161  87.122500 
    95.675   0.190981  90.689100   0.191691  90.562400   0.198227  89.950300   0.223406  88.788500 
    95.680   0.189710  90.082000   0.190381  89.958800   0.196751  89.430400   0.221511  88.349300 
    95.685   0.187561  87.546600   0.188111  87.456500   0.193552  87.113900   0.215711  86.513700 
    95.690   0.183898  84.434000   0.184348  84.365800   0.188889  84.106100   0.207565  83.971800 
    95.695   0.176597  79.951600   0.176867  79.874000   0.179943  79.813600   0.193661  80.390200 
    95.700   0.152261  64.929400   0.152318  64.969900   0.152999  65.362600   0.159653  67.025700 
