#PROGRAM: dep90.pas
#PROT: N: 4
#PROT: TE: -26
#PROT: T: 1.650
#PROT: DB: 1650 78.00 # end of core
#PROT: DB: 550 78.00 # bag cut
#PROT: DB: 1100 78.00 # bag cut
# depth c250k g250k c200k g200k c100k g100k c50k g50k 
     1.655   0.061964   0.069013   0.061860   0.069493   0.061735   0.072508   0.061741   0.067845 
     1.660   0.061957   0.088744   0.061849   0.071159   0.061739   0.066176   0.061730   0.067526 
     1.665   0.061954   0.066481   0.061846   0.074906   0.061715   0.063256   0.061762   0.062882 
     1.670   0.061951   0.085137   0.061845   0.079397   0.061738   0.076170   0.061769   0.061197 
     1.675   0.061972   0.068269   0.061863   0.063392   0.061742   0.071137   0.061810   0.066280 
     1.680   0.061971   0.082904   0.061862   0.091127   0.061749   0.083333   0.061780   0.067086 
     1.685   0.061991   0.068009   0.061885   0.062725   0.061745   0.070033   0.061782   0.059565 
     1.690   0.061976   0.087453   0.061880   0.054913   0.061771   0.072111   0.061791   0.069304 
     1.695   0.062009   0.068094   0.061897   0.051126   0.061784   0.079044   0.061811   0.064231 
     1.700   0.062005   0.064487   0.061911   0.062023   0.061781   0.065762   0.061823   0.064585 
     1.705   0.062028   0.066241   0.061926   0.061384   0.061801   0.073130   0.061832   0.074369 
     1.710   0.062058   0.046310   0.061965   0.051213   0.061820   0.066820   0.061854   0.063544 
     1.715   0.062045   0.069114   0.061938   0.063313   0.061828   0.082777   0.061834   0.049551 
     1.720   0.062035   0.066116   0.061944   0.074505   0.061815   0.063580   0.061884   0.064442 
     1.725   0.062063   0.063718   0.061950   0.084299   0.061853   0.082835   0.061854   0.061532 
     1.730   0.062087   0.078012   0.061995   0.060109   0.061851   0.073032   0.061872   0.062067 
     1.735   0.062102   0.054258   0.062000   0.045506   0.061874   0.078366   0.061858   0.067335 
     1.740   0.062110   0.054694   0.062010   0.053716   0.061876   0.063841   0.061842   0.062896 
     1.745   0.062108   0.049751   0.062013   0.055264   0.061864   0.054309   0.061908   0.063197 
     1.750   0.062129   0.059665   0.062026   0.064541   0.061876   0.075463   0.061884   0.064247 
     1.755   0.062149   0.049019   0.062052   0.046988   0.061886   0.071188   0.061927   0.061758 
     1.760   0.062143   0.053423   0.062034   0.069892   0.061911   0.065576   0.061938   0.064037 
     1.765   0.062185   0.041680   0.062084   0.056587   0.061957   0.061696   0.061989   0.075247 
     1.770   0.062239   0.014347   0.062130   0.038782   0.061970   0.066809   0.061993   0.063892 
     1.775   0.062272   0.015264   0.062161   0.012240   0.062017   0.066629   0.062012   0.058813 
     1.780   0.062295   0.036401   0.062182   0.042084   0.062049   0.059816   0.062061   0.058481 
     1.785   0.062367   0.012776   0.062252   0.022133   0.062126   0.063342   0.062114   0.065926 
     1.790   0.062392   0.054982   0.062290   0.033424   0.062149   0.068601   0.062161   0.050357 
     1.795   0.062424   0.021566   0.062321   0.038281   0.062174   0.068979   0.062174   0.067859 
     1.800   0.062443   0.051355   0.062355   0.047303   0.062185   0.060535   0.062222   0.069466 
     1.805   0.062493   0.017519   0.062386   0.028943   0.062240   0.056763   0.062262   0.055546 
     1.810   0.062467   0.057125   0.062366   0.059181   0.062237   0.069087   0.062288   0.069674 
     1.815   0.062515   0.051269   0.062420   0.050200   0.062283   0.077156   0.062304   0.058722 
     1.820   0.062550   0.048796   0.062444   0.055466   0.062329   0.081209   0.062351   0.064022 
     1.825   0.062555   0.053677   0.062443   0.045502   0.062309   0.061259   0.062315   0.060913 
     1.830   0.062564   0.051331   0.062470   0.053031   0.062333   0.070161   0.062343   0.067520 
     1.835   0.062557   0.043333   0.062465   0.057483   0.062322   0.056408   0.062307   0.068234 
     1.840   0.062558   0.049303   0.062456   0.045939   0.062321   0.064498   0.062356   0.064109 
     1.845   0.062560   0.039533   0.062461   0.050246   0.062333   0.069898   0.062356   0.066000 
     1.850   0.062556   0.042216   0.062445   0.054787   0.062322   0.072097   0.062397   0.071187 
     1.855   0.062538   0.049682   0.062421   0.055960   0.062319   0.072674   0.062312   0.070269 
     1.860   0.062541   0.048766   0.062441   0.037977   0.062306   0.067144   0.062309   0.058722 
     1.865   0.062520   0.082298   0.062424   0.055804   0.062289   0.088531   0.062333   0.061348 
     1.870   0.062533   0.048873   0.062430   0.053949   0.062301   0.075857   0.062310   0.075866 
     1.875   0.062531   0.055298   0.062428   0.070544   0.062298   0.070325   0.062308   0.062417 
     1.880   0.062526   0.049174   0.062428   0.047321   0.062286   0.070800   0.062332   0.065036 
     1.885   0.062530   0.052222   0.062428   0.065868   0.062286   0.058785   0.062307   0.067985 
     1.890   0.062507   0.046376   0.062405   0.046769   0.062264   0.083302   0.062293   0.073278 
     1.895   0.062477   0.045264   0.062388   0.048795   0.062259   0.060411   0.062264   0.068457 
     1.900   0.062475   0.049060   0.062363   0.046390   0.062225   0.063429   0.062293   0.071357 
     1.905   0.062496   0.055900   0.062390   0.058021   0.062252   0.071619   0.062253   0.064272 
     1.910   0.062485   0.044003   0.062387   0.049366   0.062239   0.082156   0.062278   0.078429 
     1.915   0.062487   0.049395   0.062388   0.051150   0.062260   0.051552   0.062307   0.064146 
     1.920   0.062527   0.061199   0.062422   0.060180   0.062300   0.067046   0.062334   0.057374 
     1.925   0.062536   0.072991   0.062453   0.066067   0.062318   0.076956   0.062327   0.078067 
     1.930   0.062586   0.052799   0.062484   0.061363   0.062343   0.073786   0.062342   0.072809 
     1.935   0.062635   0.053915   0.062531   0.060731   0.062405   0.078326   0.062419   0.075316 
     1.940   0.062665   0.050090   0.062561   0.065380   0.062444   0.086046   0.062490   0.081468 
     1.945   0.062767   0.041111   0.062662   0.046181   0.062542   0.079152   0.062551   0.079659 
     1.950   0.062836   0.047812   0.062748   0.054578   0.062626   0.083137   0.062635   0.063307 
     1.955   0.062925   0.053738   0.062818   0.043798   0.062676   0.082267   0.062738   0.064783 
     1.960   0.062966   0.047520   0.062867   0.064733   0.062754   0.083722   0.062758   0.078752 
     1.965   0.063012   0.051702   0.062912   0.061782   0.062788   0.070652   0.062826   0.075264 
     1.970   0.063011   0.057226   0.062909   0.062958   0.062787   0.082296   0.062811   0.063329 
     1.975   0.063026   0.048307   0.062925   0.055513   0.062793   0.069026   0.062792   0.066456 
     1.980   0.063074   0.037193   0.062964   0.059035   0.062841   0.074790   0.062889   0.065866 
     1.985   0.063076   0.050450   0.062970   0.057739   0.062843   0.074173   0.062881   0.071270 
     1.990   0.063090   0.058062   0.062990   0.068200   0.062855   0.077626   0.062850   0.072175 
     1.995   0.063084   0.052290   0.062978   0.052242   0.062872   0.067892   0.062901   0.068014 
     2.000   0.063088   0.055614   0.062989   0.053413   0.062850   0.078564   0.062904   0.075787 
     2.005   0.063079   0.049587   0.062982   0.048292   0.062827   0.071424   0.062868   0.074580 
     2.010   0.063061   0.060151   0.062965   0.081309   0.062826   0.059271   0.062871   0.067015 
     2.015   0.063047   0.045311   0.062948   0.064649   0.062813   0.069902   0.062854   0.060733 
     2.020   0.063026   0.046674   0.062933   0.057779   0.062785   0.081699   0.062869   0.070702 
     2.025   0.063025   0.036860   0.062922   0.051923   0.062783   0.078050   0.062816   0.067045 
     2.030   0.063018   0.054978   0.062930   0.061998   0.062808   0.066590   0.062807   0.076211 
     2.035   0.063026   0.048930   0.062928   0.060867   0.062789   0.078337   0.062858   0.066468 
     2.040   0.063024   0.050281   0.062924   0.059915   0.062788   0.076373   0.062851   0.068122 
     2.045   0.063027   0.054508   0.062918   0.048451   0.062794   0.074957   0.062862   0.072201 
     2.050   0.063012   0.066688   0.062907   0.078465   0.062786   0.084406   0.062855   0.058621 
     2.055   0.063017   0.049328   0.062911   0.057851   0.062777   0.078318   0.062804   0.066434 
     2.060   0.062987   0.035297   0.062879   0.057747   0.062779   0.069778   0.062780   0.065563 
     2.065   0.062959   0.048507   0.062861   0.060369   0.062737   0.068547   0.062764   0.076438 
     2.070   0.062940   0.054273   0.062832   0.058999   0.062707   0.076751   0.062712   0.067086 
     2.075   0.062886   0.032564   0.062799   0.053082   0.062672   0.077997   0.062684   0.064144 
     2.080   0.062838   0.053965   0.062744   0.064872   0.062615   0.076112   0.062649   0.059189 
     2.085   0.062797   0.036595   0.062699   0.052836   0.062594   0.084263   0.062629   0.062302 
     2.090   0.062832   0.054560   0.062735   0.048863   0.062600   0.071092   0.062650   0.072445 
     2.095   0.062801   0.039353   0.062716   0.048914   0.062583   0.074582   0.062665   0.065362 
     2.100   0.062799   0.046169   0.062713   0.068930   0.062587   0.075516   0.062565   0.075266 
     2.105   0.062771   0.043935   0.062680   0.072995   0.062545   0.080304   0.062581   0.081507 
     2.110   0.062773   0.043763   0.062679   0.051395   0.062543   0.076614   0.062598   0.066827 
     2.115   0.062773   0.050154   0.062674   0.055911   0.062542   0.082500   0.062589   0.074122 
     2.120   0.062760   0.043433   0.062667   0.056357   0.062538   0.073462   0.062556   0.065414 
     2.125   0.062741   0.046168   0.062650   0.055192   0.062523   0.074714   0.062581   0.081404 
     2.130   0.062738   0.045747   0.062644   0.051950   0.062497   0.073970   0.062527   0.079639 
     2.135   0.062737   0.040949   0.062637   0.060026   0.062516   0.079739   0.062518   0.069743 
     2.140   0.062716   0.037870   0.062618   0.054619   0.062507   0.073853   0.062506   0.069385 
     2.145   0.062708   0.039274   0.062614   0.044402   0.062497   0.073751   0.062502   0.082559 
     2.150   0.062716   0.042544   0.062605   0.063298   0.062489   0.087312   0.062525   0.066185 
     2.155   0.062721   0.042560   0.062626   0.059237   0.062489   0.083305   0.062520   0.083124 
     2.160   0.062728   0.041954   0.062632   0.054225   0.062495   0.069986   0.062501   0.067226 
     2.165   0.062741   0.055652   0.062655   0.066908   0.062531   0.070395   0.062550   0.065019 
     2.170   0.062757   0.056902   0.062659   0.067149   0.062540   0.076282   0.062578   0.071670 
     2.175   0.062775   0.041015   0.062686   0.056126   0.062533   0.063718   0.062609   0.070736 
     2.180   0.062782   0.050015   0.062675   0.072793   0.062573   0.078853   0.062594   0.060682 
     2.185   0.062812   0.031156   0.062715   0.040714   0.062562   0.081387   0.062640   0.067927 
     2.190   0.062822   0.044409   0.062718   0.051695   0.062607   0.075589   0.062643   0.075617 
     2.195   0.062828   0.038585   0.062722   0.061530   0.062601   0.084622   0.062623   0.061591 
     2.200   0.062843   0.045742   0.062753   0.066028   0.062616   0.075443   0.062656   0.072153 
     2.205   0.062851   0.029951   0.062741   0.046116   0.062608   0.072690   0.062616   0.065066 
     2.210   0.062867   0.033249   0.062766   0.043888   0.062634   0.085160   0.062654   0.077781 
     2.215   0.062895   0.029730   0.062790   0.059240   0.062658   0.087975   0.062685   0.076867 
     2.220   0.062907   0.043636   0.062804   0.066369   0.062676   0.080088   0.062709   0.060447 
     2.225   0.062914   0.039566   0.062804   0.052304   0.062666   0.085895   0.062747   0.073095 
     2.230   0.062951   0.029595   0.062849   0.043424   0.062703   0.077954   0.062771   0.073809 
     2.235   0.062965   0.050098   0.062855   0.061196   0.062733   0.081397   0.062789   0.072499 
     2.240   0.062974   0.049109   0.062868   0.066260   0.062763   0.094895   0.062809   0.069253 
     2.245   0.063002   0.047370   0.062914   0.065331   0.062777   0.073601   0.062809   0.069176 
     2.250   0.063024   0.037267   0.062925   0.059128   0.062797   0.087416   0.062825   0.073543 
     2.255   0.063051   0.055051   0.062951   0.060707   0.062808   0.084821   0.062866   0.061523 
     2.260   0.063065   0.041740   0.062957   0.057592   0.062835   0.086991   0.062907   0.066659 
     2.265   0.063077   0.046583   0.062962   0.065859   0.062856   0.084556   0.062915   0.078340 
     2.270   0.063098   0.040904   0.062997   0.063542   0.062873   0.085073   0.062927   0.080611 
     2.275   0.063117   0.044681   0.063008   0.050850   0.062877   0.075882   0.062951   0.077586 
     2.280   0.063138   0.051857   0.063033   0.060367   0.062907   0.071586   0.062975   0.063080 
     2.285   0.063144   0.043118   0.063045   0.056285   0.062905   0.085569   0.062991   0.067417 
     2.290   0.063162   0.062406   0.063056   0.070080   0.062942   0.071731   0.062991   0.067277 
     2.295   0.063191   0.049996   0.063083   0.043477   0.062968   0.073962   0.063020   0.073893 
     2.300   0.063209   0.035669   0.063101   0.041910   0.062972   0.068960   0.063051   0.071106 
     2.305   0.063215   0.066251   0.063102   0.077978   0.062986   0.077832   0.063019   0.075775 
     2.310   0.063228   0.047172   0.063131   0.063949   0.063012   0.084442   0.063024   0.077833 
     2.315   0.063243   0.044883   0.063141   0.066166   0.063009   0.073219   0.063036   0.078239 
     2.320   0.063261   0.040509   0.063156   0.053605   0.063020   0.076933   0.063102   0.080489 
     2.325   0.063257   0.044097   0.063173   0.033602   0.063034   0.084185   0.063081   0.072197 
     2.330   0.063277   0.043043   0.063175   0.060966   0.063042   0.076424   0.063079   0.075912 
     2.335   0.063292   0.048356   0.063180   0.067707   0.063040   0.082895   0.063108   0.080711 
     2.340   0.063291   0.046171   0.063178   0.057747   0.063071   0.076473   0.063119   0.067745 
     2.345   0.063302   0.044505   0.063204   0.065796   0.063068   0.088843   0.063126   0.081351 
     2.350   0.063338   0.020148   0.063231   0.048976   0.063089   0.070333   0.063088   0.066741 
     2.355   0.063325   0.047656   0.063231   0.062284   0.063103   0.071500   0.063175   0.079104 
     2.360   0.063340   0.051791   0.063246   0.059020   0.063110   0.067899   0.063121   0.077390 
     2.365   0.063360   0.055257   0.063246   0.058840   0.063112   0.089325   0.063160   0.069121 
     2.370   0.063356   0.043503   0.063253   0.065637   0.063136   0.080374   0.063164   0.073112 
     2.375   0.063365   0.047868   0.063270   0.060935   0.063126   0.086336   0.063193   0.077873 
     2.380   0.063376   0.038390   0.063277   0.055864   0.063165   0.086056   0.063189   0.073843 
     2.385   0.063374   0.056323   0.063262   0.061316   0.063161   0.086902   0.063172   0.069523 
     2.390   0.063365   0.040751   0.063257   0.060487   0.063129   0.085629   0.063146   0.074354 
     2.395   0.063374   0.058984   0.063251   0.071555   0.063139   0.081484   0.063188   0.073840 
     2.400   0.063364   0.046783   0.063259   0.066013   0.063139   0.087612   0.063180   0.079322 
     2.405   0.063366   0.061711   0.063264   0.072457   0.063143   0.082787   0.063191   0.066372 
     2.410   0.063358   0.061591   0.063252   0.059839   0.063139   0.075724   0.063215   0.067133 
     2.415   0.063357   0.041991   0.063253   0.063676   0.063124   0.089082   0.063198   0.080017 
     2.420   0.063334   0.049894   0.063231   0.065008   0.063094   0.087606   0.063196   0.066632 
     2.425   0.063320   0.047532   0.063216   0.055913   0.063081   0.080647   0.063120   0.077539 
     2.430   0.063303   0.050579   0.063211   0.056924   0.063099   0.077123   0.063119   0.066011 
     2.435   0.063296   0.046882   0.063193   0.063707   0.063066   0.074249   0.063093   0.070913 
     2.440   0.063291   0.046029   0.063194   0.058766   0.063073   0.076557   0.063090   0.078446 
     2.445   0.063293   0.049065   0.063205   0.043213   0.063083   0.072467   0.063108   0.061929 
     2.450   0.063310   0.058264   0.063224   0.071294   0.063085   0.083885   0.063133   0.076080 
     2.455   0.063322   0.037087   0.063214   0.065992   0.063106   0.067705   0.063099   0.069278 
     2.460   0.063341   0.044262   0.063247   0.052505   0.063107   0.069541   0.063125   0.064410 
     2.465   0.063362   0.036095   0.063248   0.071411   0.063141   0.080126   0.063184   0.070107 
     2.470   0.063391   0.057413   0.063290   0.064640   0.063150   0.078290   0.063199   0.078226 
     2.475   0.063434   0.048343   0.063330   0.057571   0.063194   0.071083   0.063232   0.073620 
     2.480   0.063475   0.046348   0.063352   0.061101   0.063247   0.081576   0.063294   0.066147 
     2.485   0.063514   0.064617   0.063413   0.076311   0.063285   0.075655   0.063323   0.070860 
     2.490   0.063559   0.069346   0.063446   0.075650   0.063335   0.080783   0.063364   0.077933 
     2.495   0.063597   0.056009   0.063489   0.070878   0.063370   0.081392   0.063406   0.075523 
     2.500   0.063644   0.067615   0.063543   0.060242   0.063413   0.072202   0.063419   0.075908 
     2.505   0.063665   0.048411   0.063570   0.067850   0.063453   0.081673   0.063508   0.065453 
     2.510   0.063744   0.013296   0.063626   0.030787   0.063489   0.064202   0.063525   0.066030 
     2.515   0.063761   0.037427   0.063665   0.060079   0.063516   0.082109   0.063559   0.072919 
     2.520   0.063809   0.028531   0.063702   0.044872   0.063582   0.074217   0.063584   0.071768 
     2.525   0.063866   0.035280   0.063766   0.060677   0.063646   0.068633   0.063656   0.074153 
     2.530   0.063908   0.038346   0.063816   0.051409   0.063666   0.076437   0.063712   0.070283 
     2.535   0.063964   0.027945   0.063878   0.005662   0.063747   0.073179   0.063767   0.068275 
     2.540   0.064022   0.044901   0.063919   0.040578   0.063782   0.061820   0.063764   0.077661 
     2.545   0.064103   0.002270   0.063985   0.018467   0.063835   0.060359   0.063850   0.072891 
     2.550   0.064100   0.046196   0.063997   0.030137   0.063864   0.084048   0.063895   0.066683 
     2.555   0.064146   0.045058   0.064072   0.032552   0.063946   0.060740   0.063950   0.066578 
     2.560   0.064183   0.025510   0.064100   0.036319   0.063971   0.083250   0.063948   0.087532 
     2.565   0.064232   0.026983   0.064130   0.043420   0.064031   0.082573   0.064050   0.073654 
     2.570   0.064325  -0.000164   0.064221   0.019518   0.064065   0.045416   0.064071   0.066717 
     2.575   0.064295   0.046832   0.064200   0.035156   0.064079   0.084344   0.064111   0.073804 
     2.580   0.064328   0.045874   0.064236   0.061453   0.064119   0.093556   0.064136   0.072688 
     2.585   0.064379   0.034760   0.064274   0.035072   0.064159   0.091047   0.064232   0.073954 
     2.590   0.064397   0.036795   0.064293   0.060508   0.064190   0.094431   0.064198   0.068976 
     2.595   0.064426   0.044425   0.064324   0.051799   0.064206   0.094933   0.064262   0.076771 
     2.600   0.064451   0.043615   0.064364   0.044811   0.064226   0.096618   0.064276   0.069609 
     2.605   0.064469   0.041034   0.064372   0.049352   0.064243   0.098781   0.064273   0.079011 
     2.610   0.064475   0.055793   0.064376   0.071842   0.064256   0.105913   0.064311   0.074483 
     2.615   0.064481   0.031514   0.064397   0.042803   0.064262   0.092643   0.064263   0.072895 
     2.620   0.064451   0.047423   0.064345   0.049256   0.064234   0.104614   0.064280   0.075386 
     2.625   0.064441   0.016257   0.064322   0.043705   0.064207   0.096316   0.064275   0.056124 
     2.630   0.064371   0.038343   0.064281   0.051931   0.064172   0.085597   0.064191   0.070477 
     2.635   0.064320   0.025130   0.064228   0.014935   0.064095   0.075915   0.064121   0.081447 
     2.640   0.064219   0.040029   0.064118   0.052108   0.064026   0.102338   0.064028   0.068887 
     2.645   0.064137   0.046474   0.064041   0.041918   0.063918   0.083377   0.063988   0.078937 
     2.650   0.063997   0.056138   0.063928   0.050230   0.063807   0.082895   0.063815   0.071358 
     2.655   0.063906   0.037047   0.063816   0.053214   0.063689   0.081961   0.063705   0.071513 
     2.660   0.063815   0.019538   0.063713   0.036423   0.063600   0.074779   0.063611   0.079842 
     2.665   0.063706   0.040979   0.063631   0.049824   0.063500   0.071973   0.063515   0.076670 
     2.670   0.063649   0.038438   0.063539   0.036993   0.063416   0.075621   0.063476   0.067681 
     2.675   0.063593   0.037935   0.063498   0.024332   0.063368   0.061913   0.063390   0.070587 
     2.680   0.063527   0.027517   0.063439   0.036027   0.063310   0.072080   0.063354   0.071180 
     2.685   0.063491   0.022461   0.063406   0.035854   0.063301   0.077909   0.063296   0.080741 
     2.690   0.063470   0.046048   0.063385   0.032185   0.063266   0.067266   0.063297   0.059788 
     2.695   0.063446   0.024894   0.063346   0.054705   0.063248   0.087022   0.063292   0.073008 
     2.700   0.063438   0.041589   0.063351   0.032316   0.063233   0.070262   0.063272   0.079875 
     2.705   0.063437   0.042476   0.063335   0.060183   0.063235   0.085577   0.063251   0.069642 
     2.710   0.063424   0.029767   0.063335   0.042762   0.063211   0.076751   0.063260   0.077619 
     2.715   0.063415   0.040306   0.063320   0.067034   0.063210   0.086824   0.063221   0.085857 
     2.720   0.063428   0.004276   0.063333   0.044242   0.063209   0.061177   0.063219   0.072402 
     2.725   0.063390   0.032319   0.063296   0.039812   0.063179   0.075406   0.063211   0.079719 
     2.730   0.063383   0.012585   0.063287   0.040281   0.063150   0.079576   0.063162   0.062854 
     2.735   0.063339   0.037834   0.063241   0.057524   0.063120   0.077887   0.063177   0.070998 
     2.740   0.063292   0.060821   0.063197   0.059438   0.063084   0.087481   0.063125   0.067305 
     2.745   0.063253   0.037348   0.063162   0.054491   0.063061   0.086309   0.063118   0.069022 
     2.750   0.063202   0.039738   0.063124   0.052021   0.063005   0.076308   0.063081   0.086886 
     2.755   0.063169   0.035126   0.063057   0.054735   0.062960   0.081578   0.063001   0.072753 
     2.760   0.063107   0.041586   0.063019   0.059593   0.062898   0.070815   0.062957   0.078900 
     2.765   0.063053   0.031456   0.062966   0.055192   0.062855   0.085873   0.062927   0.077915 
     2.770   0.062998   0.038493   0.062903   0.062128   0.062803   0.076905   0.062865   0.081551 
     2.775   0.062971   0.012763   0.062877   0.029216   0.062756   0.078919   0.062779   0.067271 
     2.780   0.062959   0.008182   0.062860   0.021382   0.062729   0.062892   0.062783   0.073174 
     2.785   0.062902   0.044816   0.062806   0.037380   0.062694   0.087954   0.062787   0.077118 
     2.790   0.062888   0.025356   0.062800   0.046190   0.062691   0.076651   0.062716   0.072880 
     2.795   0.062871   0.042997   0.062782   0.043481   0.062670   0.091154   0.062701   0.081873 
     2.800   0.062854   0.048356   0.062769   0.043703   0.062645   0.090779   0.062698   0.072327 
     2.805   0.062853   0.031315   0.062762   0.046568   0.062646   0.092409   0.062678   0.077343 
     2.810   0.062851   0.048978   0.062767   0.055287   0.062646   0.092509   0.062727   0.077079 
     2.815   0.062856   0.049935   0.062765   0.066196   0.062642   0.091351   0.062713   0.082351 
     2.820   0.062864   0.022415   0.062787   0.041595   0.062665   0.074739   0.062686   0.071940 
     2.825   0.062878   0.000448   0.062779   0.017549   0.062643   0.081345   0.062694   0.066528 
     2.830   0.062871   0.027951   0.062776   0.021038   0.062648   0.078355   0.062679   0.077400 
     2.835   0.062831   0.037151   0.062746   0.046989   0.062629   0.072523   0.062677   0.063990 
     2.840   0.062856   0.008441   0.062776   0.020055   0.062636   0.049321   0.062674   0.071580 
     2.845   0.062824   0.028278   0.062735   0.044232   0.062626   0.079130   0.062648   0.076419 
     2.850   0.062811   0.031392   0.062732   0.047675   0.062620   0.074497   0.062662   0.073095 
     2.855   0.062802   0.029785   0.062714   0.041564   0.062605   0.075722   0.062662   0.071249 
     2.860   0.062796   0.020205   0.062729   0.014041   0.062597   0.059776   0.062619   0.073634 
     2.865   0.062792   0.021687   0.062712   0.022259   0.062601   0.072860   0.062608   0.069422 
     2.870   0.062781  -0.002703   0.062705   0.040589   0.062598   0.067423   0.062643   0.074383 
     2.875   0.062770   0.004775   0.062697   0.031950   0.062603   0.072361   0.062592   0.065108 
     2.880   0.062767   0.020451   0.062693   0.027548   0.062570   0.081362   0.062595   0.089954 
     2.885   0.062748   0.032306   0.062677   0.040599   0.062575   0.072450   0.062600   0.074938 
     2.890   0.062757   0.032661   0.062677   0.034937   0.062563   0.079008   0.062584   0.085856 
     2.895   0.062750   0.051815   0.062671   0.053133   0.062544   0.091099   0.062588   0.076362 
     2.900   0.062765   0.020002   0.062693   0.026235   0.062582   0.080664   0.062616   0.083051 
     2.905   0.062769   0.018901   0.062697   0.015474   0.062563   0.074943   0.062568   0.079558 
     2.910   0.062784  -0.009792   0.062700   0.027397   0.062588   0.079717   0.062629   0.077862 
     2.915   0.062772   0.031800   0.062712   0.059707   0.062575   0.090415   0.062600   0.074986 
     2.920   0.062799   0.024217   0.062706   0.057080   0.062617   0.085728   0.062645   0.086000 
     2.925   0.062818   0.021558   0.062732   0.044366   0.062621   0.088862   0.062671   0.081181 
     2.930   0.062840   0.036689   0.062750   0.034093   0.062624   0.076324   0.062726   0.081089 
     2.935   0.062860   0.014003   0.062771   0.041212   0.062648   0.085271   0.062668   0.071497 
     2.940   0.062887  -0.005023   0.062793   0.043065   0.062664   0.081701   0.062737   0.064316 
     2.945   0.062886   0.011982   0.062799   0.037273   0.062683   0.085907   0.062739   0.077773 
     2.950   0.062910  -0.000854   0.062820   0.029502   0.062695   0.073475   0.062769   0.078724 
     2.955   0.062917   0.009606   0.062819   0.033588   0.062697   0.083036   0.062766   0.069136 
     2.960   0.062911  -0.005653   0.062826   0.034835   0.062705   0.081377   0.062783   0.071644 
     2.965   0.062901   0.021726   0.062827   0.052292   0.062690   0.086774   0.062760   0.086113 
     2.970   0.062896   0.008644   0.062818   0.021152   0.062681   0.076800   0.062746   0.074267 
     2.975   0.062888   0.014951   0.062804   0.052168   0.062685   0.084182   0.062750   0.082024 
     2.980   0.062912  -0.033621   0.062801   0.010355   0.062683   0.074725   0.062691   0.076279 
     2.985   0.062857   0.019580   0.062777   0.038896   0.062666   0.090344   0.062709   0.075065 
     2.990   0.062855  -0.008915   0.062765   0.033875   0.062642   0.081630   0.062744   0.078186 
     2.995   0.062860  -0.017977   0.062779   0.002274   0.062646   0.072837   0.062717   0.069648 
     3.000   0.062836   0.021884   0.062743   0.057879   0.062640   0.078307   0.062688   0.085856 
     3.005   0.062828  -0.009380   0.062749   0.017360   0.062629   0.076570   0.062677   0.079861 
     3.010   0.062817   0.008065   0.062732   0.041445   0.062635   0.081499   0.062668   0.069985 
     3.015   0.062838  -0.004432   0.062744   0.032334   0.062626   0.093360   0.062663   0.067944 
     3.020   0.062820   0.013627   0.062729   0.028247   0.062626   0.081520   0.062655   0.075235 
     3.025   0.062808   0.021821   0.062743   0.041920   0.062635   0.073780   0.062653   0.082869 
     3.030   0.062817   0.017395   0.062734   0.057952   0.062632   0.086301   0.062665   0.079452 
     3.035   0.062831   0.015140   0.062750   0.033929   0.062629   0.080997   0.062666   0.077549 
     3.040   0.062833   0.035737   0.062755   0.041768   0.062678   0.084266   0.062682   0.085678 
     3.045   0.062860   0.007389   0.062772   0.038876   0.062669   0.084353   0.062728   0.075752 
     3.050   0.062874   0.010356   0.062780   0.039960   0.062673   0.087327   0.062744   0.080108 
     3.055   0.062899   0.009994   0.062804   0.036406   0.062695   0.078874   0.062704   0.092118 
     3.060   0.062925  -0.020104   0.062827   0.034497   0.062708   0.073976   0.062789   0.073988 
     3.065   0.062927   0.021664   0.062834   0.045132   0.062733   0.080611   0.062811   0.080419 
     3.070   0.062947   0.020499   0.062850   0.049548   0.062757   0.083644   0.062811   0.080410 
     3.075   0.062953   0.010443   0.062860   0.035006   0.062745   0.078370   0.062815   0.086300 
     3.080   0.062967  -0.001701   0.062875   0.041067   0.062764   0.084351   0.062832   0.073544 
     3.085   0.062966   0.027809   0.062875   0.048427   0.062778   0.075501   0.062848   0.079771 
     3.090   0.062976   0.014435   0.062885   0.029462   0.062778   0.087379   0.062821   0.069384 
     3.095   0.062990  -0.010651   0.062891   0.022784   0.062795   0.065917   0.062877   0.063594 
     3.100   0.063001  -0.017450   0.062894   0.017922   0.062776   0.065955   0.062853   0.079943 
     3.105   0.062985  -0.010944   0.062909   0.022109   0.062785   0.077823   0.062838   0.089036 
     3.110   0.062981   0.000676   0.062910   0.007457   0.062796   0.067811   0.062861   0.076426 
     3.115   0.062975   0.021729   0.062876   0.046007   0.062787   0.075631   0.062856   0.074362 
     3.120   0.062962   0.040851   0.062883   0.050933   0.062785   0.094110   0.062834   0.083164 
     3.125   0.062985   0.000338   0.062909   0.024504   0.062782   0.076833   0.062836   0.079444 
     3.130   0.062987   0.016903   0.062896   0.055745   0.062780   0.079250   0.062853   0.081929 
     3.135   0.062980   0.043872   0.062897   0.047967   0.062779   0.089391   0.062862   0.072734 
     3.140   0.063040  -0.031136   0.062947  -0.002872   0.062801   0.071016   0.062852   0.068529 
     3.145   0.062999   0.036421   0.062918   0.063695   0.062803   0.092660   0.062914   0.080189 
     3.150   0.063021   0.009785   0.062950   0.028492   0.062832   0.076487   0.062890   0.079413 
     3.155   0.063038   0.016206   0.062955   0.037576   0.062852   0.084390   0.062873   0.078809 
     3.160   0.063063   0.026022   0.062965   0.051200   0.062846   0.097649   0.062915   0.080249 
     3.165   0.063082   0.015115   0.062997   0.050297   0.062889   0.088616   0.062971   0.076385 
     3.170   0.063100   0.038621   0.063018   0.048611   0.062919   0.096294   0.062949   0.068046 
     3.175   0.063122   0.028397   0.063044   0.070490   0.062930   0.094084   0.063008   0.091011 
     3.180   0.063138   0.043816   0.063069   0.067485   0.062960   0.091789   0.063010   0.068196 
     3.185   0.063168   0.031123   0.063101   0.047781   0.062989   0.085813   0.063031   0.076525 
     3.190   0.063192   0.054116   0.063102   0.075250   0.063012   0.094790   0.063077   0.083754 
     3.195   0.063206   0.037712   0.063121   0.040691   0.063028   0.083620   0.063055   0.077420 
     3.200   0.063230   0.038787   0.063138   0.068953   0.063040   0.087339   0.063083   0.084074 
     3.205   0.063244   0.047902   0.063155   0.074215   0.063061   0.090983   0.063092   0.074874 
     3.210   0.063266   0.046890   0.063184   0.077203   0.063073   0.096469   0.063113   0.085059 
     3.215   0.063279   0.060600   0.063184   0.081643   0.063092   0.094790   0.063158   0.096191 
     3.220   0.063320   0.023260   0.063221   0.044240   0.063120   0.077030   0.063123   0.072189 
     3.225   0.063331   0.053590   0.063251   0.066355   0.063154   0.093619   0.063136   0.070714 
     3.230   0.063412  -0.001483   0.063309   0.026893   0.063191   0.067969   0.063204   0.067284 
     3.235   0.063410   0.022016   0.063333   0.042589   0.063202   0.075885   0.063188   0.078276 
     3.240   0.063427   0.031666   0.063343   0.054136   0.063232   0.097495   0.063291   0.079782 
     3.245   0.063456   0.048494   0.063364   0.071391   0.063264   0.086741   0.063281   0.073720 
     3.250   0.063495   0.035882   0.063411   0.048609   0.063286   0.086198   0.063330   0.073484 
     3.255   0.063529   0.027459   0.063443   0.037369   0.063306   0.082141   0.063348   0.070295 
     3.260   0.063552   0.028464   0.063468   0.032319   0.063349   0.073277   0.063392   0.067868 
     3.265   0.063557   0.071645   0.063466   0.064869   0.063377   0.085300   0.063421   0.072675 
     3.270   0.063584   0.071910   0.063492   0.076919   0.063388   0.087142   0.063382   0.079074 
     3.275   0.063603   0.051362   0.063520   0.041768   0.063401   0.082389   0.063483   0.067214 
     3.280   0.063619   0.037960   0.063521   0.050349   0.063423   0.075892   0.063405   0.064594 
     3.285   0.063625   0.049679   0.063524   0.058931   0.063424   0.077873   0.063443   0.079276 
     3.290   0.063597   0.076740   0.063509   0.091286   0.063431   0.092388   0.063452   0.070106 
     3.295   0.063590   0.081002   0.063504   0.066301   0.063401   0.088813   0.063445   0.071741 
     3.300   0.063577   0.043787   0.063471   0.046142   0.063361   0.079513   0.063433   0.071420 
