NG1-NG2_NG1
13.735
17.199
24.448
28.175
32.727
34.267
35.177
47.607
48.771
51.068
52.438
54.507
55.216
56.252
57.821
57.985
58.69
60.108
62.633
64.55
65.997
70.933
73.631
77.053
80.925
84.172
88.267
89.244
90.044
90.28
92.7
93.519
95.354
96.922
98.487
100.345
103.753
108.778
109.479
114.293
116.735
120.932
124.116
125.45
125.618
129.43
133.234
136.559
138.775
141.427
142.719
144.88
145.3
145.909
146.42
146.643
148.323
152.597
156.087
156.369
156.821
157.563
158.316
161.514
163.309
164.972
166.579
170.184
170.392
175.591
177.579
180.272
185.14
185.519
185.71
189.11
189.83
193.49
195.146
201.4
203.15
203.451
204.699
204.871
206.816
209.022
210.075
211.039
212.514
212.7
212.889
215.947
216.742
217.245
218.496
219.724
221.7
223.366
226.239
226.357
226.981
231.012
232.98
233.539
240.645
244.578
247.045
249.124
251.163
253.339
254.44
255.026
260.345
265.37
267.789
273.195
274.036
274.95
282.957
284.279
285.983
287.323
287.527
289.124
290.904
293.412
303.0
303.526
305.642
309.034
310.005
310.193
312.884
315.95
318.299
320.126
320.576
328.879
332.378
333.093
333.787
337.5
337.684
340.467
343.48
346.7
349.825
353.836
355.394
360.98
366.286
367.841
370.838
375.245
377.264
379.039
387.723
388.854
390.235
390.633
398.189
402.545
405.178
406.858
409.045
411.139
415.197
418.774
423.121
424.83
427.699
435.43
435.943
437.984
441.266
444.996
447.574
448.167
450.9
451.59
451.907
453.055
454.312
459.554
463.67
464.706
466.937
470.924
471.859
472.927
475.09
475.236
475.612
476.526
480.506
481.441
482.017
484.749
485.965
486.0393
486.113
486.76
488.527
488.844
490.674
493.204
496.019
497.212
505.338
506.202
509.853
512.964
513.536
517.719
517.979
518.731
526.839
529.925
530.406
531.741
533.55
535.629
537.31
537.876
543.79
545.07
551.077
555.313
556.749
560.757
561.762
562.733
563.948
569.207
570.922
571.772
572.302
573.059
573.499
573.987
577.332
579.12
579.365
581.258
581.43
581.711
582.665
585.318
588.623
590.238
593.798
595.218
595.407
596.404
596.825
597.229
600.519
602.706
604.736
607.558
609.443
610.126
613.534
615.519
616.648
617.465
618.492
624.245
626.281
627.639
628.247
628.591
630.992
633.893
634.712
635.234
641.001
641.675
644.089
644.858
645.255
647.509
649.051
655.284
656.133
661.054
666.473
670.488
1347.744
1347.983
1348.45
1349.055
1349.34
1352.732
1354.514
1354.832
1356.074
1356.56
1357.389
1358.346
1360.902
1361.276
1362.27
1362.713
1363.757
1366.022
1366.541
1369.363
1370.375
