GRIP-TALDICE_GRIP
1517.287
1539.05
1585.05
1598.9
1609.47
1615.62
1639.53
1641.68
1657.52
1663.325
1668.483
1676.25
1696.15
1706.57
1742.28
1753.75
1755.46
1761.44
1775.82
1796.72
1874.755
1882.23
1973.03
1985.34
1997.82
2001.127
2025.84
2035.26
2055.99
2080.41
2087.83
2096.91
2131.4
2140.49
2150.0
2159.12
2172.18
2175.9
2193.328
2197.994
2200.507
2202.29
2207.53
2223.93
2236.819
2241.555
2249.72
2250.53
2252.045
2257.93
2265.98
2269.91
2281.58
2283.64
2287.04
2291.05
2298.735
2304.88
2306.902
2309.126
2320.513
2347.35
2351.03
2361.54
2375.84
2386.63
2390.604
2415.02
2420.13
2429.538
2447.875
2449.785
2453.106
2461.6
