GRIP-TALDICE_TALDICE
606.6197
619.24265
645.2138
654.69
662.1985
666.74
692.8
695.5111
713.1655
717.1847499999999
720.4048
725.67785
736.1168
741.4846
759.61426
766.0942
767.7046
773.2282
786.55675
804.47635
849.47285
852.7045250000001
898.58315
905.9506
913.9723
915.82
928.73855
935.311065
948.24145
966.743475
972.18308
976.25918
1002.32965
1007.25638
1013.18866
1021.32
1032.0540999999998
1034.2954
1042.9017
1045.2232
1046.5603
1048.5496
1054.9244
1072.9110500000002
1085.6603
1088.6617
1097.7233
1098.6907
1100.30355
1104.8169
1110.65845
1113.91
1126.4641
1128.11925
1131.2186000000002
1134.5295
1140.5064
1144.52
1145.7373
1147.2226500000002
1154.3309
1181.26585
1183.4676
1190.93
1199.7054
1205.459
1207.43015
1219.21
1221.7092
1230.15
1242.2386
1243.21
1245.26
1249.7577
