EDC-EDML_EDC
8.17
12.16
23.0511
29.6399
37.94
39.0499
41.2401
60.2799
64.0452
65.1511
67.034
68.9768
73.3898
74.6849
75.5911
76.6471
77.8129
78.6992
79.2771
83.6702
84.0589
84.8659
95.7641
96.84
126.33
126.61
130.54
133.6102
135.38
139.7622
140.04
141.3
142.8258
144.6601
156.5349
159.99
163.9761
169.2899
175.91
208.58
209.7299
213.771
215.7491
218.8119
232.57
234.27
234.427
243.13
251.2199
253.7658
259.3099
264.03
270.4201
283.0001
290.0338
291.2241
293.9958
304.2798
305.5792
310.9398
312.7223
317.3402
321.0057
321.9499
322.3749
325.1701
338.5587
339.2781
343.6102
344.807
349.9231
350.6338
352.8218
357.038
358.28
365.9
370.087
371.9364
377.0421
384.131
387.2997
388.03
388.696
389.339
393.0026
397.8212
400.3592
404.1397
417.1
421.891
423.062
425.9618
427.105
427.872
428.1798
429.2288
431.9501
433.2355505766063
438.0867
440.2
447.22
450.49
451.5173
453.98
460.4
463.49
463.53
464.96
469.16
471.28
471.6
473.69709690197794
475.01722197170966
478.86775318871827
481.5
484.2734298780487
486.1
486.55
492.5
494.7
499.207
500.8948
502.552
502.732
503.0219
504.3618
505.9934
510.0468
512.5469
514.779
521.51
526.45
528.28
532.32
540.3467
541.44
541.9522
544.8
546.42
547.3467
552.23
553.1067
553.32
556.72
557.67
561.3653
562.58
564.3967
565.41
566.1111
567.524
568.2135
569.9445
571.2
571.93
573.2548
576.0202
576.07
578.9733
583.32
585.6379
586.28
586.9792
587.52
588.0
590.6358
593.4433
595.0198
598.8472
606.9793
613.2
615.9934
617.3499
620.5752
626.5134
627.0038
629.1559
630.12
632.2468
634.5891
636.3793
637.4368
638.9412
644.7612
645.9126
653.2172
660.782
661.8433
666.3548
667.8
670.9927
671.93
673.1748
674.8501
675.397
677.14
679.5233
682.5882
684.0351
686.23
689.0895
691.09
691.5918
692.778
695.5741
697.254
699.0093
699.674
700.63
701.2767
702.5581
704.155
710.0
711.6762
717.4439
718.6012
718.95
719.0302
723.22
723.82
726.2899
727.2382
728.0382
728.5321
729.8161
730.9499999999999
732.8481
733.8499999999999
736.27
737.4668
739.1298
745.996
746.4338
748.108
748.4699999999999
748.96
750.3034
753.3972
754.2912
756.335
759.56
762.22
763.25
766.15
773.55
775.0333
775.9
777.48
777.6673
780.5867
785.82
786.08
787.141
789.4
790.5405
791.8785
797.39
798.5015
802.85
807.92
808.67
812.38
815.27
818.41
822.0733
825.991
828.547
837.56
841.606
843.53
848.299
848.95
856.76
859.494
859.7
862.52
865.7
866.501
871.4167
874.22
876.66
877.448
880.5253
882.27
884.7625
889.3
891.34
893.62
895.59
897.7
900.905
906.82
907.53
910.2
913.034
913.91
914.42
915.695
919.173
923.37
925.74
927.112
929.198
931.64
939.549
941.3
944.59
946.0985
952.62
956.35
958.68
959.918
961.22
962.0
963.982
964.46
970.64
975.658
982.19
983.21
990.38
992.954
998.56
1000.124
1000.676
1003.54
1006.664
1013.72
1019.41
1026.781
1027.86
1031.04
1032.29
1038.55
1040.49
1040.67
1041.9
1042.318
1043.957
1044.361
1046.085
1052.65
1055.413
1055.94
1057.5037
1057.974
1063.95
1064.66
1070.2067
1070.4
1071.194
1078.68
1078.96
1079.72
1081.27
1082.29
1087.9367
1091.59
1092.32
1095.46
1097.96
1098.63
1102.911
1105.2175
1109.96
1113.0
1116.88
1116.89
1118.45
1120.9
1124.95
1134.945
1140.555
1147.1
1152.77
1156.9
1163.2
1173.03
1176.0733
1178.955
1192.18
1199.42
1202.91
1205.68
1206.55
1211.41
1214.6
1224.87
1232.62
1237.99
1238.715
1243.6
1246.75
1253.38
1254.6
1260.87
1262.49
1262.85
1264.8
1267.425
1271.19
1276.19
1279.1367
1285.88
1287.94
1289.01
1291.56862745098
1291.6
1303.14
1303.14
1310.97
1311.44
1314.14
1316.285
1318.1
1325.71
1332.5
1339.71
1342.71
1351.21
1353.24
1358.88
1360.62
1368.085
1369.77
1371.095
1373.28
1373.89
1377.0
1378.44
1388.89
1391.99
1394.15
1397.74
1402.62
1404.33
1411.22
1411.92
1417.81
1426.86
1429.11
1430.34
1432.47
1434.12
1439.87
1451.0
1452.36
1455.97
1466.29
1470.48
1480.96
1487.05
1489.16
1494.57
1510.78
1520.34
1538.61
1546.54
1565.82
1580.77
1598.87
1607.23
1631.14
1683.93
