#Includes GICC05 Timescale Tiepoint Data
depth1	depth2	age_unc	comment
28.165	30.62	20	
38.885	43.153	20	
45.625	50.887	20	
47.855	53.407	20	
48.792	54.51	20	
52.424	58.696	20	
53.704	60.217	20	
60.087	67.345	20	
63.691	71.679	20	
64.509	72.66	20	
65.961	74.297	20	
70.978	80.384	20	
78.304	88.99	20	
82.415	93.852	20	
84.137	95.911	20	
89.217	102.057	20	
96.896	110.961	20	
103.746	118.883	20	
114.202	131.185	20	
116.078	133.506	20	
120.927	139.361	20	
124.213	143.147	20	
145.876	168.836	20	
156.338	181.382	20	
161.464	187.276	20	
166.566	193.26	20	
175.668	203.746	20	
177.617	205.949	20	
189.114	219.532	20	
203.378	236.622	20	
204.702	238.209	20	
208.345	242.398	20	
219.677	256.127	20	
221.721	258.548	20	
226.223	263.77	20	
230.975	269.401	20	
251.183	293.208	20	
253.315	295.56	20	
265.305	309.634	20	
274.888	320.826	20	
282.929	330.285	20	
284.147	331.855	20	
290.216	338.872	20	
290.902	339.821	20	
293.41	342.632	20	
302.978	353.835	20	
305.504	356.668	20	
306.072	357.317	20	
309.002	360.789	20	
311.509	363.582	20	
331.274	386.867	20	
337.655	394.24	20	
353.807	413.241	20	
367.817	429.082	20	
381.29	444.704	20	
390.201	455.319	20	
397.121	463.335	20	
406.797	474.25	20	
413.918	482.431	20	
418.717	488.019	20	
423.115	493.026	20	
424.815	495.148	20	
426.081	496.54	20	
441.204	513.319	20	
447.134	520.143	20	
448.185	521.216	20	
453.041	526.677	20	
459.462	534.105	20	
462.01	537.032	20	
462.944	538.043	20	
463.655	538.881	20	
466.599	542.039	20	
476.531	553.42	20	
480.39	557.915	20	
481.429	559.171	20	
482.014	559.781	20	
488.598	566.991	20	
489.104	567.608	20	
490.679	569.365	20	
496.157	575.685	20	
497.193	576.878	20	
498.756	578.665	20	
500.299	580.538	20	
555.32	641.734	20	
562.807	650.282	20	
570.903	659.399	20	
571.164	659.752	20	
571.774	660.359	20	
590.211	680.827	20	
609.431	701.851	20	
610.122	702.625	20	
613.533	706.326	20	
627.667	721.738	20	
630.992	725.468	20	
634.698	729.514	20	
641.02	736.469	20	
644.858	740.562	20	
647.497	743.423	20	
670.515	768.638	20	
674.31	772.741	20	
680.452	779.447	20	
680.726	779.778	20	
688.777	788.494	20	
702.069	802.761	20	
731.983	835.012	20	
733.155	836.316	20	
777.104	882.653	20	
777.544	883.104	20	
786.003	891.88	20	
788.046	894.091	20	
793.232	899.532	20	
824.166	931.785	20	
857.206	966.075	20	
898.241	1007.837	20	
899.734	1009.26	20	
901.323	1010.761	20	
907.488	1016.868	20	
944.459	1054.615	20	
947.109	1057.3	20	
947.599	1057.813	20	
956.65	1066.996	20	
958.136	1068.542	20	
960.832	1071.26	20	
964.082	1074.603	20	
967.655	1078.332	20	
1011.647	1122.099	20	
1016.17	1126.512	20	
1031.229	1141.405	20	
1034.891	1145.09	20	
1038.893	1148.964	20	
1043.909	1153.779	20	
1056.372	1165.756	20	
1078.266	1186.592	20	
1092.65	1200.504	20	
1097.685	1205.299	20	
1102.538	1209.958	20	
1102.883	1210.288	20	
1108.487	1215.664	20	
1118.329	1225.086	20	
1125.773	1232.34	20	
1126.43	1233.044	20	
1137.88	1244.305	20	
1139.082	1245.477	20	
1142.398	1248.674	20	
1145.892	1252.09	20	
1151.69	1257.677	20	
1163.639	1269.433	20	
1165.036	1270.842	20	
1169.959	1275.675	20	
1170.744	1276.43	20	
1171.713	1277.359	20	
1172.165	1277.805	20	
1175.605	1281.033	20	
1183.789	1289.342	20	
1184.441	1289.999	20	
1185.75	1291.291	20	
1186.394	1291.906	20	
1187.369	1292.837	20	
1190.376	1295.798	20	
1191.41	1296.807	20	
1192.531	1297.89	20	
1195.052	1300.498	20	
1196.278	1301.705	20	
1199.612	1305.126	20	
1200.79	1306.285	20	
1201.651	1307.126	20	
1208.451	1313.695	20	
1210.258	1315.464	20	
1210.798	1316.103	20	
1217.246	1322.74	20	
1219.606	1325.024	20	
1220.032	1325.412	20	
1220.862	1326.232	20	
1222.284	1327.615	20	
1223.167	1328.447	20	
1225.923	1331.248	20	
1226.264	1331.612	20	
1226.439	1331.806	20	
1227.197	1332.575	20	
1228.619	1334.012	20	
1230.365	1335.716	20	
1234.929	1340.395	20	
1237.185	1342.654	20	
1238.173	1343.771	20	
1238.944	1344.622	20	
1239.959	1345.634	20	
1241.069	1346.787	20	
1241.695	1347.463	20	
1242.289	1348.063	20	
1242.465	1348.254	20	
1244.262	1350.138	20	
1245.211	1351.09	20	
1248.266	1354.21	20	
1248.711	1354.683	20	
1256.557	1362.841	20	
1257.002	1363.329	20	
1257.173	1363.492	20	
1257.818	1364.152	20	
1259.639	1366.036	20	
1261.357	1367.811	20	
1261.732	1368.187	20	
1262.529	1368.96	20	
1263.265	1369.766	20	
1264.024	1370.591	20	
1266.256	1372.949	20	
1267.231	1373.966	20	
1268.079	1374.861	20	
1268.388	1375.25	20	
1269.451	1376.324	20	
1270.891	1377.85	20	
1271.926	1378.896	20	
1272.284	1379.253	20	
1273.438	1380.488	20	
1274.253	1381.3	20	
1274.723	1381.794	20	
1275.289	1382.418	20	
1276.952	1384.144	20	
1277.664	1384.938	20	
1278.035	1385.333	20	
1278.911	1386.236	20	
1279.635	1386.981	20	
1280.002	1387.374	20	
1280.848	1388.306	20	
1282.627	1390.144	20	
1283.299	1390.859	20	
1283.525	1391.105	20	
1284.022	1391.595	20	
1285.495	1393.08	20	
1288.003	1395.693	20	
1288.271	1395.976	20	
1289.885	1397.667	20	
1292.061	1399.868	20	
1292.336	1400.116	20	
1293.623	1401.593	20	
1293.842	1401.833	20	
1295.285	1403.376	20	
1296.245	1404.403	20	
1300.025	1408.295	20	
1301.09	1409.348	20	
1301.944	1410.311	20	
1302.36	1410.718	20	
1303.234	1411.58	20	
1305.682	1414.162	20	
1306.379	1414.89	20	
1308.566	1417.34	20	
1309.944	1418.715	20	
1310.732	1419.496	20	
1311.307	1420.09	20	
1311.562	1420.391	20	
1312.907	1421.83	20	
1314.318	1423.376	20	
1315.174	1424.376	20	
1316.233	1425.504	20	
1317.339	1426.643	20	
1317.552	1426.865	20	
1318.811	1428.204	20	
1319.061	1428.478	20	
1319.499	1428.953	20	
1323.713	1433.403	20	
1327.963	1438.04	20	
1328.477	1438.606	20	
1331.404	1441.839	20	
1331.652	1442.106	20	
1332.518	1443.027	20	
1333.073	1443.659	20	
1335.323	1446.154	20	
1338.051	1449.259	20	
1338.404	1449.632	20	
1339.273	1450.604	20	
1341.282	1452.82	20	
1342.221	1453.855	20	
1342.623	1454.322	20	
1342.943	1454.672	20	
1344.124	1456.003	20	
1344.365	1456.274	20	
1345.803	1457.846	20	
1347.427	1459.613	20	
1347.301	1460.029	20	
1347.572	1460.314	20	
1347.982	1460.771	20	
1348.622	1461.446	20	
1348.91	1461.741	20	
1352.313	1465.38	20	
1354.108	1467.339	20	
1354.471	1467.713	20	
1355.647	1469.113	20	
1356.152	1469.637	20	
1356.942	1470.514	20	
1360.44	1474.384	20	
1360.809	1474.803	20	
1361.85	1476.004	20	
1362.292	1476.512	20	
1363.283	1477.551	20	
1365.587	1480.062	20	
1366.183	1480.723	20	
1368.942	1483.665	20	
1369.947	1484.822	20	
1371.582	1486.612	20	
1373.277	1488.498	20	
1374.067	1489.309	20	
1374.411	1489.677	20	
1375.911	1491.386	20	
1377.255	1492.823	20	
1378.674	1494.453	20	
1380.094	1496.02	20	
1380.564	1496.46	20	
1381.106	1497.089	20	
1381.892	1497.875	20	
1382.516	1498.562	20	
1383.761	1499.965	20	
1384.466	1500.755	20	
1386.425	1502.978	20	
1386.683	1503.227	20	
1386.748	1503.322	20	
1388.287	1505.063	20	
1388.887	1505.682	20	
1389.313	1506.19	20	
1389.81	1506.759	20	
1390.366	1507.353	20	
1391.359	1508.402	20	
1392.143	1509.238	20	
1393.092	1510.343	20	
1393.478	1510.77	20	
1394.674	1512.179	20	
1397.144	1514.736	20	
1397.728	1515.417	20	
1398.341	1516.076	20	
1398.991	1516.792	20	
1399.381	1517.287	20	
1401.406	1519.377	20	
1401.735	1519.717	20	
1402.992	1521.072	20	
1403.983	1522.093	20	
1406.929	1525.311	20	
1409.82	1528.585	20	
1410.627	1529.472	20	
1412.266	1531.273	20	
1413.64	1532.805	20	
1414.993	1534.333	20	
1416.066	1535.577	20	
1416.837	1536.464	20	
1418.076	1537.873	20	
1419.082	1539.055	20	
1421.185	1541.405	20	
1423.593	1544.169	20	
1424.195	1544.888	20	
1425.268	1546.086	20	
1426.16	1547.066	20	
1427.027	1548.124	20	
1427.862	1549.089	20	
1428.496	1549.828	20	
1431.246	1553.043	20	
1434.5	1556.84	20	
1441.926	1565.482	20	
1444.479	1568.322	20	
1445.091	1569.01	20	
1446.405	1570.574	20	
1447.28	1571.599	20	
1448.17	1572.716	20	
1450.593	1575.657	20	
1450.749	1575.845	20	
1455.97	1581.884	20	
1456.768	1582.771	20	
1457.7	1583.863	20	
1458.709	1585.109	20	
1461.967	1588.857	20	
1464.205	1591.454	20	
1465.562	1592.965	20	
1465.768	1593.195	20	
1466.13	1593.606	20	
1468.415	1596.267	20	
1469.15	1597.178	20	
1470.627	1598.9	20	
1471.126	1599.467	20	
1472.231	1600.751	20	
1472.639	1601.213	20	
1474.171	1603.025	20	
1475.59	1604.748	20	
1476.458	1605.694	20	
1477.841	1607.202	20	
1477.998	1607.38	20	
1479.487	1609.156	20	
1479.72	1609.4	20	
1479.873	1609.565	20	
1480.91	1610.739	20	
1481.502	1611.405	20	
1481.764	1611.736	20	
1482.282	1612.372	20	
1483.132	1613.454	20	
1483.722	1614.064	20	
1484.243	1614.686	20	
1485.087	1615.618	20	
1485.262	1615.825	20	
1485.496	1616.125	20	
1485.813	1616.486	20	
1486.093	1616.821	20	
1486.196	1616.973	20	
1486.374	1617.201	20	
1486.619	1617.481	20	
1487.396	1618.466	20	
1487.852	1618.985	20	
1488.447	1619.709	20	
1488.766	1620.031	20	
1489.03	1620.366	20	
1489.416	1620.808	20	
1490.08	1621.569	20	
1490.432	1621.972	20	
1490.74	1622.299	20	
1491.298	1622.973	20	
1491.813	1623.553	20	
1492.61	1624.449	20	
1493.636	1625.651	20	
1493.801	1625.816	20	
1494.431	1626.516	20	
1495.381	1627.543	20	
1495.785	1628.029	20	
1496.112	1628.338	20	
1500.734	1633.481	20	
1501.85	1634.636	20	
1503.499	1636.505	20	
1504.02	1637.1	20	
1506.108	1639.543	20	
1507.008	1640.521	20	
1508.05	1641.7	20	
1511.357	1645.339	20	
1512.004	1646.133	20	
1513.462	1647.815	20	
1517.98	1652.898	20	
1522.206	1657.511	20	
1524.185	1659.829	20	
1524.77	1660.462	20	
1525.454	1661.219	20	
1525.862	1661.702	20	
1526.497	1662.378	20	
1527.317	1663.325	20	
1529.023	1665.26	20	
1530.485	1667.001	20	
1531.776	1668.483	20	
1532.38	1669.26	20	
1533.16	1670.131	20	
1535.687	1673.107	20	
1536.035	1673.501	20	
1538.39	1676.25	20	
1538.676	1676.545	20	
1539.366	1677.337	20	
1540.037	1678.13	20	
1540.676	1678.816	20	
1541.622	1679.975	20	
1541.958	1680.369	20	
1543.069	1681.628	20	
1543.528	1682.139	20	
1544.236	1683.012	20	
1545.612	1684.632	20	
1547.86	1687.271	20	
1549.426	1689.134	20	
1555.457	1696.121	20	
1556.83	1697.69	20	
1557.272	1698.208	20	
1558.465	1699.546	20	
1560.159	1701.589	20	
1561.495	1703.137	20	
1562.416	1704.203	20	
1563.139	1705.074	20	
1564.5	1706.598	20	
1566.528	1708.951	20	
1567.573	1710.171	20	
1568.246	1710.953	20	
1568.989	1711.774	20	
1569.543	1712.438	20	
1571.39	1714.47	20	
1573.661	1717.198	20	
1574.903	1718.537	20	
1575.999	1719.855	20	
1576.651	1720.576	20	
1577.573	1721.672	20	
1578.605	1722.902	20	
1579.77	1724.264	20	
1580.71	1725.4	20	
1581.848	1726.675	20	
1582.623	1727.586	20	
1583.582	1728.708	20	
1584.505	1729.813	20	
1585.306	1730.729	20	
1588.09	1733.961	20	
1588.937	1734.935	20	
1590.265	1736.485	20	
1590.85	1737.255	20	
1592.197	1738.837	20	
1594.59	1741.723	20	
1595.1	1742.31	20	
1595.798	1743.074	20	
1596.278	1743.617	20	
1597.519	1745.166	20	
1599.069	1746.981	20	
1601.074	1749.324	20	
1601.546	1749.86	20	
1602.033	1750.351	20	
1602.444	1750.88	20	
1602.962	1751.496	20	
1604.968	1753.773	20	
1605.737	1754.605	20	
1606.57	1755.5	20	
1607.468	1756.53	20	
1609.45	1758.71	20	
1610.802	1760.193	20	
1611.996	1761.459	20	
1614.724	1764.346	20	
1619.573	1769.52	20	
1621.541	1771.622	20	
1625.582	1775.823	20	
1627.957	1778.339	20	
1642.655	1793.372	20	
1645.83	1796.719	20	
1662.4	1814.55	20	
1664.1	1816.575	20	
1665.5	1818.225	20	
1687.765	1840.777	20	
1692.631	1845.559	20	
1693.678	1846.601	20	
1699.819	1852.61	20	
1714.184	1867.33	20	
1716.152	1869.385	20	
1719.126	1872.493	20	
1721.322	1874.755	20	
1728.587	1882.23	20	
1770.805	1926.337	20	
1782.658	1939.263	20	
1783.702	1940.372	20	
1798.346	1955.952	20	
1802.266	1960.033	20	
1820.387	1978.578	20	
1840.224	1997.825	20	
1843.683	2001.127	20	
1862.579	2018.919	20	
1864.021	2020.432	20	
1866.205	2022.532	20	
1866.87	2023.14	20	
1868.553	2024.819	20	
1870.388	2026.638	20	
1871.387	2027.532	20	
1872.251	2028.272	20	
1880.006	2035.246	20	
1888.696	2043.406	20	
1889.859	2044.51	20	
1894.009	2048.236	20	
1902.839	2055.987	20	
1916.796	2068.054	20	
1918.953	2069.764	20	
1929.871	2079.365	20	
1931.048	2080.41	20	
1939.513	2087.83	20	
1939.939	2088.208	20	
1944.445	2092.237	20	
1946.539	2094.09	20	
1947.337	2094.825	20	
1947.944	2095.385	20	
1948.724	2096.109	20	
1949.234	2096.587	20	
1949.567	2096.922	20	
1950.451	2097.746	20	
1951.089	2098.329	20	
1971.809	2116.21	20	
1972.687	2117.105	20	
1983.491	2125.671	20	
1987.977	2129.88	20	
1989.891	2131.405	20	
1990.753	2132.205	20	
1992.606	2133.858	20	
1994.006	2135.061	20	
1995.096	2136.022	20	
1998.139	2138.67	20	
1998.849	2139.281	20	
1999.886	2140.202	20	
2000.193	2140.473	20	
2000.714	2140.958	20	
2002.885	2142.902	20	
2003.453	2143.399	20	
2005.777	2145.43	20	
2006.221	2145.812	20	
2009.218	2148.487	20	
2011.027	2150.088	20	
2026.2	2162.175	20	
2029.203	2164.674	20	
2032.331	2167.324	20	
2035.427	2169.916	20	
2038.021	2172.18	20	
2038.371	2172.476	20	
2040.443	2174.287	20	
2042.696	2176.3	20	
2044.165	2177.607	20	
2044.994	2178.324	20	
2046.471	2179.623	20	
2047.001	2180.105	20	
2047.323	2180.366	20	
2049.481	2182.291	20	
2050.45	2183.165	20	
2052.446	2184.888	20	
2052.908	2185.337	20	
2054.219	2186.48	20	
2055.353	2187.467	20	
2058.248	2190.004	20	
2062.032	2193.328	20	
2063.098	2194.278	20	
2065.467	2196.344	20	
2065.609	2196.477	20	
2065.773	2196.647	20	
2066.838	2197.548	20	
2067.363	2197.994	20	
2067.612	2198.237	20	
2067.834	2198.41	20	
2068.672	2199.15	20	
2069.25	2199.661	20	
2070.246	2200.507	20	
2077.955	2206.8	20	
2100.037	2223.937	20	
2103.95	2227.075	20	
2111.575	2233.015	20	
2115.397	2236.198	20	
2116.143	2236.819	20	
2118.626	2238.904	20	
2121.864	2241.555	20	
2135.131	2252.045	20	
2136.945	2253.538	20	
2138.056	2254.437	20	
2142.364	2257.954	20	
2143.688	2259.05	20	
2145.732	2260.753	20	
2146.355	2261.311	20	
2146.731	2261.669	20	
2151.786	2265.975	20	
2154.835	2268.522	20	
2155.211	2268.822	20	
2155.833	2269.322	20	
2156.555	2269.949	20	
2157.268	2270.598	20	
2159.484	2272.289	20	
2170.989	2281.245	20	
2171.42	2281.592	20	
2172.078	2282.2	20	
2172.48	2282.596	20	
2173.9	2283.694	20	
2174.5	2284.178	20	
2177.644	2286.783	20	
2177.985	2287.054	20	
2179.632	2288.397	20	
2180.49	2289.153	20	
2180.88	2289.469	20	
2182.785	2291.063	20	
2187.18	2294.724	20	
2188.12	2295.471	20	
2189.201	2296.328	20	
2191.394	2298.217	20	
2191.971	2298.735	20	
2192.381	2299.092	20	
2194.988	2301.311	20	
2195.53	2301.78	20	
2197.293	2303.274	20	
2197.832	2303.741	20	
2198.886	2304.638	20	
2199.201	2304.908	20	
2200.506	2306.013	20	
2201.551	2306.902	20	
2202.257	2307.503	20	
2204.15	2309.126	20	
2204.705	2309.612	20	
2206.042	2310.726	20	
2207.158	2311.667	20	
2209.653	2313.787	20	
2211.915	2315.757	20	
2214.506	2317.941	20	
2215.501	2318.729	20	
2217.244	2320.159	20	
2217.671	2320.513	20	
2218.013	2320.791	20	
2219.163	2321.738	20	
2220.143	2322.547	20	
2227.22	2328.034	20	
2234.049	2333.075	20	
2235.831	2334.375	20	
2240.784	2337.948	20	
2242.201	2339.026	20	
2248.961	2344.218	20	
2250.598	2345.535	20	
2252.877	2347.381	20	
2255.362	2349.339	20	
2256.342	2350.091	20	
2256.478	2350.201	20	
2257.802	2351.189	20	
2258.248	2351.554	20	
2271.137	2361.534	20	
2272.36	2362.511	20	
2273.315	2363.259	20	
2274.745	2364.398	20	
2276.933	2366.043	20	
2277.676	2366.637	20	
2281.339	2369.449	20	
2282.965	2370.81	20	
2286.507	2373.607	20	
2286.951	2373.974	20	
2289.397	2375.884	20	
2290.628	2376.822	20	
2292.5	2378.356	20	
2293.357	2379.026	20	
2293.725	2379.332	20	
2294.649	2380.072	20	
2296.074	2381.159	20	
2296.381	2381.417	20	
2298.074	2382.789	20	
2299.053	2383.571	20	
2301.87	2385.928	20	
2302.757	2386.646	20	
2303.185	2386.987	20	
2304.245	2387.87	20	
2304.869	2388.396	20	
2305.62	2388.998	20	
2307.609	2390.604	20	
2307.913	2390.854	20	
2310.57	2393.0	20	
2312.348	2394.434	20	
2313.065	2395.006	20	
2313.462	2395.323	20	
2315.322	2396.845	20	
2316.29	2397.623	20	
2317.63	2398.678	20	
2318.905	2399.705	20	
2322.556	2402.586	20	
2324.016	2403.766	20	
2325.637	2405.096	20	
2326.099	2405.467	20	
2327.373	2406.454	20	
2328.224	2407.168	20	
2329.09	2407.865	20	
2332.32	2410.514	20	
2333.376	2411.37	20	
2334.129	2411.964	20	
2335.663	2413.206	20	
2337.391	2414.584	20	
2337.903	2414.987	20	
2339.087	2415.906	20	
2339.931	2416.594	20	
2344.592	2420.135	20	
2344.985	2420.448	20	
2357.412	2429.538	20	
2359.455	2431.005	20	
2362.161	2433.037	20	
2363.884	2434.323	20	
2364.511	2434.762	20	
2365.411	2435.433	20	
2367.833	2437.069	20	
2368.274	2437.429	20	
2374.309	2441.592	20	
2375.238	2442.257	20	
2382.659	2447.875	20	
2384.398	2449.123	20	
2385.217	2449.785	20	
2385.561	2450.069	20	
2386.634	2450.9	20	
2388.477	2452.296	20	
2388.804	2452.551	20	
2389.487	2453.106	20	
2391.313	2454.474	20	
2393.347	2456.052	20	
2393.86	2456.454	20	
2395.84	2458.0	20	
2396.131	2458.236	20	
2398.326	2459.907	20	
2399.16	2460.485	20	
2400.691	2461.593	20	
2401.352	2462.102	20	
2405.864	2465.426	20	
2406.915	2466.153	20	
2408.997	2467.749	20	
2411.292	2469.483	20	
2412.478	2470.346	20	
2415.564	2472.687	20	
2418.614	2474.861	20	
2419.05	2475.174	20	
2420.128	2476.001	20	
2423.371	2478.222	20	
2423.668	2478.42	20	
2424.802	2479.176	20	
2504.758	2534.436	20	
2521.258	2547.08	20	
2525.122	2549.772	20	
2528.009	2551.894	20	
2529.072	2552.669	20	
2534.335	2556.769	20	
2547.207	2564.67	20	
2547.954	2565.17	20	
2550.011	2566.545	20	
2551.44	2567.46	20	
2553.099	2568.652	20	
2554.031	2569.207	20	
2558.372	2572.167	20	
2562.875	2575.009	20	
2563.835	2575.693	20	
2564.927	2576.472	20	
2565.483	2576.822	20	
2570.066	2579.686	20	
2571.597	2580.65	20	
2571.915	2580.85	20	
2572.624	2581.312	20	
2573.557	2581.924	20	
2577.792	2584.706	20	
2593.968	2593.658	20	
2598.085	2596.194	20	
2603.173	2599.147	20	
2608.471	2602.312	20	
2612.22	2604.511	20	
2618.071	2607.846	20	
2619.143	2608.54	20	
2625.855	2612.385	20	
2629.089	2614.303	20	
2631.83	2615.81	20	
2633.482	2616.74	20	
2638.549	2619.745	20	
2641.57	2621.56	20	
2646.883	2624.591	20	
2648.216	2625.431	20	
2650.663	2626.732	20	
2653.99	2628.775	20	
2656.938	2630.61	20	
2660.251	2632.624	20	
2661.48	2633.347	20	
2662.533	2633.973	20	
2663.827	2634.715	20	
2670.875	2638.955	20	
2680.405	2644.714	20	
2685.505	2647.61	20	
2690.016	2650.176	20	
2691.141	2650.764	20	
2717.448	2664.033	20	
2722.939	2666.751	20	
2725.858	2668.238	20	
2733.498	2672.177	20	
2734.662	2672.833	20	
2737.747	2674.373	20	
2746.247	2678.965	20	
2747.845	2679.721	20	
2756.805	2684.675	20	
2761.348	2687.143	20	
2763.211	2688.271	20	
2768.408	2691.299	20	
2769.11	2691.678	20	
2770.786	2692.515	20	
2775.074	2694.724	20	
2777.41	2695.896	20	
2782.028	2698.299	20	
2782.841	2698.776	20	
2788.931	2701.827	20	
2792.957	2703.603	20	
2794.846	2704.475	20	
2797.874	2705.861	20	
2799.174	2706.539	20	
2801.179	2707.464	20	
2803.898	2709.082	20	
2808.66	2711.863	20	
2811.053	2713.032	20	
2815.099	2714.767	20	
2817.089	2715.703	20	
2817.738	2716.077	20	
2823.58	2718.675	20	
2891.259	2751.498	20	
