EDC-WDC_EDC
21.1011
22.0379
23.1031
29.643
29.8606
32.5004
34.3949
35.1095
36.6293
36.7865
37.4788
37.9715
38.7364
39.1179
40.571
41.2687
43.8502
49.1314
49.8043
51.3935
52.1378
53.7756
55.1544
59.7023
60.163
60.2756
63.5567
64.0477
65.1582
67.0339331340038
68.6161
68.99
71.0728
73.3959
74.6996
75.582
76.655
77.8153
78.6956
79.2715
79.9078
80.264
82.4171
83.6723
84.0554
84.8694
86.173
86.7054
88.7978
90.0696
91.2321
95.767
96.8428
99.7924
101.5671
106.0251
106.9225
107.7366
108.1829
110.3265
119.4951
122.0063
124.7316
125.0634
126.3281
126.607
130.5491
132.3617
132.8559
133.6141
135.3914
139.7624
140.0438
141.3017
142.8277
144.6621
151.2491
152.9575
153.6651
154.9952
156.5389
159.9853
162.9758
163.9799
169.289
175.0245
175.9133
179.5639
179.716
182.9737
185.7819
188.4901
189.6613
189.948
190.128
190.805
191.4431
198.5861
208.18639283776452
208.5836
209.722
210.51847177033497
212.9777
213.788
215.5352
215.7525
218.8143
219.4404754919499
228.3575896243291
229.12008403100776
230.31378541443053
232.5699
232.82563
233.12174
234.2751
238.812
240.28283665137616
241.16208481651375
242.8157641743119
243.1345
245.7847125963149
249.0997
250.9355
251.2318
251.84771415422884
254.29313802238804
256.51031119402984
257.05361909203975
258.79537395522385
259.3203
259.97963561827953
260.40577983870963
260.61189177419357
261.1375896774193
261.6038375268817
262.06947370967737
263.0117
264.0339
264.91568442367605
265.9681
268.8323
270.4141
275.0347594512195
277.0797567763158
277.3613075657895
277.75058282894736
277.96591217105265
279.2494460855263
281.446295756579
283.0123
283.47475467633353
284.90745624029006
285.27857833247026
285.7549949249094
287.07503817711034
290.0413
290.6203632314863
291.228
293.9983
298.751321802175
301.0416
302.3701
303.1866641269841
304.2927
304.5595238095238
304.9037896825397
305.5788
307.36649668874173
307.88054884105964
308.4776
309.8805984439834
310.9503
311.8675518032787
312.2111056284153
312.7243
313.6779
317.3368
318.5823343859649
320.04959192982454
321.0074
321.9608
322.3823
323.2479
324.3199340490798
325.1741
327.43527363295885
328.2411391161049
329.30544119101125
329.4285152958802
331.6538341198502
331.9973379625468
333.6129447265917
335.0551721348315
335.55208546067416
336.74459932584267
337.20134256179773
338.5599
339.2909
342.6942
343.6193
344.4556
344.6601
344.8537
345.36470787735846
346.4358
346.84065530660376
348.5896
349.9252
350.18361518867925
350.6272
352.0133871226415
352.8233
353.09893109947643
357.038
358.28
365.9264
370.087
371.3803001745201
371.943
384.131
387.2904
388.0161
388.705
388.8745799999999
389.3394
389.9193753405994
391.29769291553134
393.0064
393.70573391393447
394.9885747131148
396.4588478073771
397.4216461885246
397.8239
398.27828571428574
399.6696301298701
399.9047792207792
400.2942
402.5715
403.6373946329114
404.1392
405.3456669894737
405.9307238947368
406.6411551326316
407.2946043957895
407.5662954105263
410.65169498947375
411.4665282357895
413.7129848884211
417.0907
419.7182
420.1035288421053
420.5343857094737
420.7379941052632
421.8921
422.58850446736847
423.0534
424.8674637263158
425.1405835368422
425.3886344757895
425.7292274189474
425.9636
426.4326945263158
427.1153
427.8563
428.1882
428.78226213592234
429.2306
429.7599
429.97672951048946
430.4081
431.0905113286713
431.957169508315
433.2356
433.7521072899506
433.98429232289953
436.5237472322899
437.286641630972
438.0844
439.579445
440.1596
441.2215000000001
442.1453800000001
445.42479999999995
446.26564999999994
447.2190049999999
447.57604
448.28493
449.38723
450.05985
450.4892625
451.5149
452.4145927710843
452.48474987951806
453.289913253012
453.9842
454.7509199999999
458.07276
458.9861
460.4038
463.53
469.16
471.28
473.69709690197794
475.01722197170966
478.86775318871827
481.5032950152439
481.780572804878
482.34659323170735
482.8250675609756
483.1718616463415
484.0640635060976
484.2737
486.1
486.1003829268293
486.55
487.80556585365855
488.57276777439023
488.94667426829267
491.46007378048785
492.19072460365857
492.5
492.52465960365856
493.3592262804878
494.1227169207317
494.6465213818392
495.7642863993026
495.8999180470793
496.2158623539669
496.6929760244115
499.2091
502.5513
502.749
503.0259
503.2941658238885
503.7313843068875
504.0558212031387
504.3817642850916
506.0
512.5523
514.7724
517.5958500000002
521.4900000000001
526.45
528.2826
529.6127000000001
532.3135550000002
533.9105600000001
534.2426600000001
535.6033000000001
535.9511000000001
536.8266000000001
537.8280000000001
539.3289000000001
539.7562000000001
540.1559000000001
540.3429
541.4466
541.9565
542.2263
542.421625
544.793
545.8865999999999
546.2185499999999
546.4231875
547.3606
547.78526
548.251
548.72557
549.1562
549.4533
549.6409
550.57415
551.1972999999999
552.23286
553.1083
553.336
553.4368099999999
554.1492
554.9173999999999
555.9266
557.60815
557.6874499999999
558.65635
558.8866399999999
559.30656
560.09007
561.3683
562.15935
562.6263
563.9141999999999
564.4005
565.2005695153061
565.4101
565.8970229591836
566.1274661989796
566.2202653061224
566.9049242346939
567.268887755102
567.5269394132653
567.9540391581633
568.2169
568.418094387755
569.0853724489796
569.4040382653062
569.9477
570.4786275510204
571.2148
571.93
573.2609591836734
573.7405000000001
574.9035357142858
576.0762
577.6189971631205
578.0689659574468
578.98
579.3675954756382
579.7873819025523
580.6899277262181
581.9892733410672
583.32
583.7282483758701
584.5305780742459
585.0769111368909
585.7489899071926
586.2701
587.5231457076566
588.0
590.5996790816326
593.4476
595.0309525283019
598.8534
603.5718924150943
606.9814
607.4339432075471
613.2557
614.7944200000001
615.7426094339623
615.9947
617.266520754717
626.5323
627.1281442068966
629.169
630.1077711034483
630.66269
631.631095862069
632.2616
634.593236185819
636.4026
637.4098294117647
638.6445249999999
638.9658308823529
644.76
645.9
653.22
660.7832754954956
661.8442
662.017005929779
663.0587061638493
663.6603100130039
665.4760587256177
666.3617
667.8
668.7058494148243
670.993
671.9354
672.3093963068919
672.658130507152
673.1732
673.7836026527958
674.3752455136541
674.8517
675.1866178153446
675.4152723016905
675.7250988816644
676.5865351105331
677.1402
677.8719226499999
679.5207
680.2167572142856
681.5963944999999
682.5859195357142
684.0220155785713
684.172721942857
685.9045429285713
686.23
689.0976
689.3073355714284
690.3880148571428
691.1066
692.7846150000001
693.2014860000002
695.561308
697.257778
698.6368801666666
699.033
700.618568627451
700.8085
701.2702
702.5707
704.0990822222223
704.2209
705.4195599999999
705.6518599999999
707.1925
707.58686
708.0363
708.4381999999999
708.6162999999999
709.97
710.9717950288184
711.6745727665706
712.7753883285302
715.5058439841498
717.4499628962536
718.6013688760808
718.9413
719.036226945245
719.8418818443804
721.1365774495677
723.226
723.8225
726.3002
727.2478807420496
728.0226981978799
729.4869424028269
729.8001206713782
736.2336082155477
737.4729
739.1220118987342
740.097547330961
743.2800533985766
744.9165961032029
746.0091831850534
746.4220155693951
748.1022
748.5813927046264
748.96
749.4839390124555
749.9603647686833
750.3149
750.6483155303031
750.8702785353536
752.036066405724
753.3965502525253
754.28
759.56
762.2206662878789
763.25
766.15
773.55
775.02
775.9
777.65
780.585
785.82
787.14617
787.5856
788.6603
789.4016
790.5439
791.8809
793.31775
794.66785
796.8509
797.188
797.2836
797.39825
798.5023
798.86444
799.2772
799.78204
800.12854
802.8204
804.4214
805.21967
805.6269
806.1327
806.5268
808.6891499999999
815.27
822.0774
823.65656
825.9896
826.9475
827.9575
828.2633
828.5474
837.56
841.62
848.30323
848.95
856.2266
856.773
857.9235
859.4944
866.57104
871.4452
874.22735
876.66
877.44
880.5327
882.27
884.77
889.3
891.3434
893.6134
894.3291
895.59
900.9041
907.53
913.2455
913.91
914.423
915.695
919.18
923.37
925.74
927.11
929.2
931.64
939.54
941.3
944.59
946.097
956.34
962.0
975.658
982.19
990.38
992.95
998.56
1000.124
1000.676
1006.668
1013.72
1019.41
