#Includes WD-TALDICE-Byrd-EDML-EDC Tiepoints file.
#Includes tiepoints from Svensson Links Unpub 2025
depth1	depth2	age_unc	comment
126.3809	788.5733	5.0	
132.29565	828.3489	5.0	
134.88101	850.81647	5.0	
141.03165	895.632	5.0	
141.32993	898.12054	5.0	
142.62413	907.5519	5.0	
144.35997	918.6729	5.0	
146.39694	931.3475	5.0	
152.6866	978.50806	5.0	
154.89342	994.98065	5.0	
157.95357	1014.466	5.0	
161.32043	1036.6083	5.0	
171.06293	1099.0331	5.0	
174.10631	1118.5402	5.0	
177.93475	1143.8763	5.0	
181.91354	1169.4019	5.0	
188.19974	1210.0042	5.0	
191.89783	1233.0612	5.0	
192.4296	1236.0334	5.0	
193.79189	1244.0927	5.0	
201.1102	1285.8724	5.0	
202.66989	1294.5093	5.0	
211.27464	1342.34	5.0	
212.06778	1346.7024	5.0	
212.37646	1348.8899	5.0	
215.6971	1367.7771	5.0	
216.53568	1372.6448	5.0	
218.30873	1382.5391	5.0	
218.55612	1383.8934	5.0	
221.31525	1399.3574	5.0	
221.53108	1400.8835	5.0	
235.55896	1475.149	5.0	
235.84198	1476.3242	5.0	
237.33101	1483.5087	5.0	
246.26695	1526.0131	5.0	
260.2199	1590.4512	5.0	
262.5802	1601.6511	5.0	
263.94296	1607.9518	5.0	
264.9499	1612.7563	5.0	
266.33334	1619.2172	5.0	
267.39056	1624.0687	5.0	
269.50247	1633.2229	5.0	
273.82086	1652.1514	5.0	
274.05353	1653.0402	5.0	
282.95157	1689.9692	5.0	
286.39667	1703.0072	5.0	
296.92596	1742.844	5.0	
301.4607	1760.0293	5.0	
304.68765	1772.3761	5.0	
306.4433	1779.4585	5.0	
307.7897	1784.0406	5.0	
314.58807	1808.942	5.0	
318.92914	1824.4291	5.0	
321.48035	1833.0764	5.0	
322.41312	1836.3809	5.0	
323.23303	1839.4626	5.0	
323.65085	1840.9015	5.0	
326.3816	1850.355	5.0	
339.11063	1896.6454	5.0	
339.85352	1899.2397	5.0	
342.90256	1911.2964	5.0	
343.7823	1914.6454	5.0	
344.5529	1917.5049	5.0	
344.74463	1918.317	5.0	
344.96463	1919.1418	5.0	
345.3712	1920.7297	5.0	
346.4003	1924.6517	5.0	
348.49188	1932.8323	5.0	
349.6587	1937.6948	5.0	
350.365	1940.2622	5.0	
352.4495	1948.5425	5.0	
352.6062	1949.3	5.0	
358.43658	1974.3864	5.0	
369.51166	2012.567	5.0	
371.49637	2019.0997	5.0	
376.77435	2037.4015	5.0	
378.17816	2042.0513	5.0	
378.39334	2042.9078	5.0	
379.47397	2047.1716	5.0	
384.91162	2068.3179	5.0	
386.84122	2076.6865	5.0	
388.25882	2082.991	5.0	
388.9971	2086.5942	5.0	
389.64575	2089.6118	5.0	
390.29837	2092.7737	5.0	
393.00034	2105.0632	5.0	
394.30127	2111.2043	5.0	
399.6366	2133.6768	5.0	
402.24182	2145.287	5.0	
404.56686	2155.6572	5.0	
406.4044	2164.1296	5.0	
409.90204	2179.7603	5.0	
419.65765	2219.9001	5.0	
424.35217	2240.1968	5.0	
424.98712	2242.9402	5.0	
425.55865	2245.155	5.0	
427.50977	2253.436	5.0	
428.40048	2257.202	5.0	
428.7208	2258.344	5.0	
429.93317	2263.2336	5.0	
432.17346	2271.7944	5.0	
434.3285	2279.4697	5.0	
435.15613	2282.861	5.0	
441.78186	2308.8157	5.0	
452.091	2345.1145	5.0	
453.3463	2348.9695	5.0	
455.93936	2357.4775	5.0	
457.0279	2361.1343	5.0	
458.5353	2366.1003	5.0	
458.9673	2367.3523	5.0	
459.7674	2370.049	5.0	
466.98355	2392.3801	5.0	
472.06192	2405.4805	5.0	
482.85626	2430.279	5.0	
484.19217	2433.1863	5.0	
484.49484	2434.006	5.0	
485.33145	2435.626	5.0	
488.81067	2444.67	5.0	
491.71753	2451.0242	5.0	
493.30865	2454.6692	5.0	
496.84018	2462.3684	5.0	
500.14346	2469.287	5.0	
503.9418	2478.1433	5.0	
504.0581	2478.398	5.0	
505.771	2482.7437	5.0	
506.29678	2484.2227	5.0	
511.395	2497.1423	5.0	
515.0474	2505.9563	5.0	
515.18	2506.3306	5.0	
523.6568	2526.9536	5.0	
525.05005	2530.1504	5.0	
528.6568	2538.4036	5.0	
532.0993	2545.7908	5.0	
539.07086	2561.6523	5.0	
543.4413	2572.0593	5.0	
550.35034	2586.4697	5.0	
557.826	2600.467	5.0	
559.0158	2602.9417	5.0	
560.19604	2605.2168	5.0	
562.96387	2610.9875	5.0	
564.8347	2615.1082	5.0	
565.8848	2617.301	5.0	
567.5461	2621.1658	5.0	
570.33136	2628.0366	5.0	
571.5181	2631.195	5.0	
572.72864	2634.332	5.0	
572.8883	2634.7036	5.0	
575.8947	2642.4229	5.0	
577.84564	2647.7888	5.0	
577.9213	2648.0515	5.0	
578.45	2649.7888	5.0	
580.2572	2654.874	5.0	
580.68097	2655.9988	5.0	
582.16833	2660.244	5.0	
583.2197	2662.7632	5.0	
583.6892	2664.1665	5.0	
585.28094	2668.4119	5.0	
585.8717	2670.0796	5.0	
586.8318	2673.029	5.0	
589.5938	2680.9756	5.0	
590.01245	2681.9207	5.0	
592.3132	2687.3762	5.0	
593.99384	2691.5767	5.0	
600.6589	2707.8494	5.0	
470.87	2401.72	5.0	
485.93	2437.65	5.0	
542.01	2567.25	5.0	
559.708053097345	2604.2	5.0	
572.46	2633.7	5.0	
579.71	2653.0	5.0	
594.9	2694.11	5.0	
602.98	2717.85	5.0	
611.23	2742.86	5.0	
618.05	2762.9	5.0	
619.782267428027	2768.1	5.0	
626.30515108256	2784.36	5.0	
635.89	2806.62	5.0	
636.3952726	2807.69	5.0	
643.53	2822.2	5.0	
646.95	2829.06	5.0	
659.48	2851.69	5.0	
666.29	2863.15	5.0	
671.04	2872.32	5.0	
681.01	2890.77	5.0	
682.43	2893.14	5.0	
694.54	2915.12	5.0	
701.01	2928.33	5.0	
706.27	2939.56	5.0	
711.59	2951.03	5.0	
714.22	2955.915	5.0	
716.768	2960.7	5.0	
718.91	2964.32	5.0	
721.68	2969.13	5.0	
729.35	2981.39	5.0	
733.04	2987.25	5.0	
735.39	2991.1330000000003	5.0	
744.19	3006.318	5.0	
746.51	3010.469	5.0	
750.0	3016.45	5.0	
767.61	3044.28	5.0	
772.69	3052.1	5.0	
776.242308626974	3057.95	5.0	
788.98	3079.07	5.0	
792.08	3083.92	5.0	
801.0	3098.606	5.0	
802.14	3100.16	5.0	
803.87	3102.68	5.0	
808.42	3109.92	5.0	
814.12	3118.82	5.0	
817.37	3123.9	5.0	
818.28	3125.35	5.0	
831.48	3144.96	5.0	
834.28	3149.45	5.0	
837.4	3154.24	5.0	
843.07	3162.931	5.0	
847.01	3169.04	5.0	
847.98	3170.992	5.0	
849.55	3173.17	5.0	
856.33	3184.42	5.0	
861.08	3192.0	5.0	
875.39	3212.62	5.0	
887.43	3228.32	5.0	
890.19	3231.9	5.0	
900.03	3244.07	5.0	
904.64	3249.64	5.0	
912.5	3260.32	5.0	
921.001	3271.39	5.0	
923.92	3274.77	5.0	
936.57	3289.86	5.0	
942.07	3297.95	5.0	
946.02	3303.76	5.0	
947.92	3306.6	5.0	
955.68	3315.48	5.0	
958.14	3317.96	5.0	
960.65	3320.22	5.0	
962.83	3322.22	5.0	
968.54	3326.84	5.0	
983.03	3338.45	5.0	
983.54	3338.85	5.0	
984.95	3340.35	5.0	
988.59	3343.02	5.0	
995.79	3347.82	5.0	
997.31	3348.86	5.0	
999.56	3350.32	5.0	
1002.18	3352.04	5.0	
1010.42	3357.86	5.0	
1012.31	3359.36	5.0	
1016.07	3361.9	5.0	
1017.73	3362.95	5.0	
1029.47	3369.575	5.0	
1036.03	3372.26	5.0	
1052.1	3378.275	5.0	
1080.68	3389.45	5.0	
1087.63	3392.42	5.0	
1095.7	3397.1	5.0	
1102.12	3401.54	5.0	
