GISP2-DF_DF
314.57
322.43
339.14
344.97
349.66
352.45
369.5049909
371.46
384.93
388.27
388.99
389.63
390.31
394.31
402.25
406.4
419.62
424.34
425.66
429.97
441.82
457.02
459.74
482.85
485.93
488.79
491.69
496.84
505.79
511.4
515.14
542.01
565.86
572.75
585.87
592.29
594.9
611.23
619.782267428027
635.89
643.53
659.48
666.29
671.04
682.43
701.01
706.27
716.768
718.91
721.68
733.04
735.39
744.19
746.51
750.0
767.61
776.242308626974
788.98
792.08
802.14
803.87
808.42
814.12
817.37
831.48
834.28
837.4
843.07
847.01
847.98
849.55
856.33
887.43
890.19
900.03
904.64
912.5
921.001
923.92
942.07
946.02
960.65
962.83
968.54
974.92
983.03
984.95
988.59
997.31
1016.07
1052.1
1095.7
1102.12
1127.14
1143.85
1166.23
1167.29
1168.95
1170.11
1179.97
1185.55
1210.16
1224.9
1230.85
1237.72
1243.32
1247.78
1254.26
1264.5
1267.65
1270.78
1297.97
1351.34
1367.97
1382.72
1413.65
1465.54
1512.07
