GISP2-WDC_GISP2
32.986515
42.56268
48.951874
56.86232
58.174263
62.889473
64.45509
72.36
77.860825
95.15871
100.42176
108.84022
118.08589
122.36831
148.31145
151.86334
172.38208
179.79022
193.19373
195.50122
197.11057
199.6028
205.98135
215.1133
219.69016
229.98416
234.13678
280.4359
328.7393
340.49
382.0195
409.02805
416.60376
422.4207
436.74564
453.72
481.0212
499.92883
505.50766
513.1111
519.90234
556.72314
583.4454
597.8391
603.07166
607.84094
611.6742
658.6019
662.6424
693.4771
709.3632
736.4555
774.5123
778.85516
816.31683
819.03253
826.52374
834.6909
861.6908
908.1485
926.32556
936.32135
943.8485
949.09143
978.1288
1006.865
1013.7684
1034.6224
1059.6779
1067.5985
1086.9241
1097.0004
1105.5415
1111.3383
1122.6997
1126.7162
1134.4493
1172.0593
1174.0977
1177.3604
1178.68
1193.5428
1197.4214
1206.6372
1209.3448
1218.7396
1219.8457
1223.4629
1228.7557
1236.2808
1240.0011
1243.4819
1245.8032
1251.6637
1254.1646
1274.9316
1279.6178
1287.9242
1289.3114
1292.7815
1295.9474
1308.0812
1313.7845
1315.6045
1318.7502
1321.7092
1324.7045
1326.072
1327.3353
1328.9056
1334.7234
1337.9358
1347.2037
1352.8196
1371.8152
1374.3789
1391.094
1391.6699
1393.7585
1399.1564
1401.5958
1405.7012
1410.0735
1413.7707
1420.3848
1422.425
1427.0214
1431.1085
1438.1018
1438.9336
1439.7402
1447.5363
1449.5311
1459.1161
1461.1528
1463.7163
1470.8768
1477.8827
1484.5295
1491.1395
1511.5239
1518.5491
1520.8927
1540.848
1544.9175
1551.2079
1562.2083
1566.7462
1567.7023
1570.6288
1575.7218
1578.1976
1587.8826
1594.6971
1597.2421
1599.4907
1600.5831
1602.9432
1607.6483
1614.5515
1632.1841
1639.3816
1640.88
1641.1504
1647.937
1648.7588
1651.0708
1653.9196
1663.7769
1668.1849
1669.7464
1678.25
1679.75
1692.25
1694.24
1708.64
1713.915
1715.71
1717.28
1718.666
1725.74
1744.25
1753.92
1787.32
1798.17
1799.765
1805.39
1812.8
1818.88
1821.266
1821.52
1835.425
1838.6
1858.715
1861.91
1865.295
1867.435
1868.255
1869.725
1872.38
1874.615
1879.445
1883.93
1887.525
1904.72
1915.734
1922.77
1963.65
1997.75
2006.76
2022.74
2030.73
2033.89
2050.57
2057.05
2059.5
2066.17
2086.38
2092.92
2109.92
2112.92
2117.06
2125.72
2137.48
2160.05
2162.47
2169.35
2179.13
2183.74
2185.45
2188.78
2202.73
2206.65
2224.844
2229.705
2232.367
2234.17
2239.51
2242.06
2247.62
2252.11
2256.34
2269.62
2274.583
2283.78
2285.24
2291.12
2299.22
2303.13
2305.7
2307.46
2315.01
2317.11
2318.21
2320.62
2324.65
2332.678
2339.05
2341.167
2343.475
2355.18
2382.3
2386.05
2396.69
2401.8
2411.08
2421.67
2425.618
2449.2
2454.18
2454.467
2462.903
2464.255
2469.69
2480.283
2482.037
2485.052
2489.829
2493.25
2507.702
2522.96
2526.51
2532.45
2544.03
2545.84
2549.7
