6.747183260944412675e-01
3.599374153754136274e-01
6.430273195353836124e-02
-7.244958519558442056e-01
-1.278575902670579280e-02
-6.490906518593718699e-01
2.008078276178162924e-01
-7.965444571262338957e-01
-7.143889012978701381e-01
2.384800358461745540e-01
6.057464961738737164e-02
-7.792445730749576749e-02
1.409153447614085453e-01
3.924427217634144371e-01
1.285599860878979261e-01
-1.010126207713692020e-01
-1.601555031590616296e-01
1.466459018661916665e-03
-4.094442790423206274e-02
9.226478193953167525e-03
-2.037187630853667109e-01
-9.067206710985595275e-02
3.358649966207048060e-02
1.479032342354458240e-01
3.130596727061608631e-01
3.017407329164986107e-01
8.073892802831034166e-02
-6.141865324704064433e-01
-2.537623254886240964e-01
1.054382552022972153e-01
2.874850150377417646e-01
2.956944417970552297e-01
-8.430297450610460541e-02
-1.903737468542467393e-01
5.639285163279876834e-01
7.623779425463290682e-01
2.639049154853457257e-01
1.174073350911466335e-01
1.320977057771998142e-01
7.693745961207516804e-02
1.159917249886136953e-01
1.106405112385365319e+00
1.224715456400746971e+00
8.051077293653284839e-01
8.277309893075796010e-02
2.749244592317787728e-01
-1.735576591252271095e-01
7.443476900613181513e-02
2.437853271127687904e-01
3.731480475178277634e-01
6.100015705105975572e-01
2.250892961545386539e-01
-4.376275582695273586e-02
2.255892842217845640e-01
-3.626238261201421009e-01
-1.560043615760245139e-01
5.110640095586704845e-03
1.612995986824483918e-01
3.050921229007661495e-01
3.503959952753550322e-01
6.418537928854836094e-01
8.958730005317719902e-01
9.844700225501158419e-01
1.867539466467740550e-01
-1.033917226752205654e+00
-1.361905722255476459e+00
-1.090203335805119078e+00
-2.079705877027381966e+00
-2.158493027624030169e+00
-2.346010357238965227e+00
-7.198375361871768296e-01
-7.156972819715541265e-03
2.898274699135118344e-16
-6.580502875161737305e-17
6.412224010704126162e-16
-3.586846504728679708e-16
-1.626083375428306281e-15
3.946633831100419250e-15
-5.642408166884918101e-16
1.432610817795827644e-15
-1.521889130388677236e+00
-1.430684103277886365e-01
-1.372262036647661887e+00
4.539281681671859525e-01
-7.590398377982444655e-01
6.147465376814245652e-02
1.074061522043876366e-01
1.007194402824578561e-01
-2.044754822951811712e-01
1.299170035472891338e-01
-2.848912286057009302e-01
-1.060608407559205241e-01
7.673607721300963469e-01
-2.847724385175693859e-02
-1.787365061811439504e-01
-6.685568116697145902e-01
8.740756227206512019e-01
2.506592714045124404e-01
-2.352062291966907498e-02
-1.391349248194199695e-01
-2.149081736537524490e-01
-5.579733341536813329e-01
1.472732325430507749e-01
-1.114907189192158588e-01
7.058033953604020416e-01
-2.899271665474544291e-01
6.364072247228137746e-02
2.618863775227037727e-01
-3.730511544740003904e-01
-2.616031121176656260e-01
-5.666416118450236239e-02
2.521724702503838622e-01
-6.547025861422030024e-01
1.537710852400500927e-01
3.680096277049573206e-01
4.360753314847584661e-01
1.949730201583912415e-01
2.705964798253279180e-01
-2.477069903028424405e-02
-1.027857712848601751e-01
-2.546905553567704872e-01
7.823938079577377191e-01
8.836380539938493150e-01
-1.896703963761292577e-01
-2.345727568047975900e-02
1.169247985984573079e-01
7.151760990436688281e-02
2.012225675993159837e-02
-2.352521636312499831e-01
-4.180413949812091245e-01
7.482357577660709858e-01
4.075793675059392052e-01
-4.917849153884629176e-02
-1.540059539573795933e-02
4.149083121775964250e-02
3.887684105499850801e-02
4.606045628877105530e-02
-3.009577478794559294e-02
-5.174368057438549079e-02
1.490945227832307096e-01
1.614576742686143207e-01
2.073019491792763708e-02
-1.171438959024495921e-02
-3.806503503168970903e-01
-6.257171921522368396e-02
-4.385937715380318069e-01
-5.970130154377707027e-02
-3.970515084091803121e-02
1.380015426060428665e-02
5.999627983184372404e-01
5.380676899434797544e-01
-1.505074778787371115e-01
-9.654812795919563984e-01
-3.751799577273521452e-02
1.611069447248118236e-01
2.588146405700545438e-01
3.379801258614270054e-01
-1.883082739727417743e-01
-6.126135150273167573e-01
1.946299937904615307e-01
4.545436978800534433e-01
-1.553571610623670773e-01
3.077053693470171991e-01
1.189634257921904359e+00
2.934868459356725912e-01
8.699124647212329586e-01
2.054036775056827135e+00
5.981162351565428859e-01
6.881666713180910611e-01
8.015258222526351339e-01
-1.828716722181479293e-01
1.179489946886618373e-01
8.719465168354494367e-01
1.798202088168956880e+00
2.355912742760534750e-01
-1.839208168855655412e+00
-2.460826416462911670e+00
-2.909969236571825491e+00
-2.363659359677940053e+00
-7.730910876841244894e-01
-9.451813883413204276e-02
-1.069017038503244412e-15
-9.285622149469326958e-01
-7.199842859773336601e-01
6.741679330763409306e-01
4.180484807490337379e-02
-1.063294579444623578e-01
2.578799031599393610e-01
5.450009468295357040e-01
8.423100727630636886e-01
1.235814499282748835e-01
-1.179086669857542929e-01
3.619318589069721592e-01
-1.805403829855439096e-02
-1.290996068851920642e-01
2.221040024515831385e-16
1.877049701369000315e-15
-1.532793164702042077e-01
-1.639780232434105145e-01
-6.870165126337692204e-17
4.596832809901245376e-02
5.922222187455192799e-01
-2.184678696673700848e-01
-2.958812164615300944e-01
-5.663273840875829192e-16
-1.226997736466688093e-15
1.026344575730958114e-15
-4.569803634249324263e-17
-6.292123256600118144e-16
-3.711770517315941464e-16
9.005976687358372907e-16
4.418151112706991592e-16
-1.605109309233295723e-15
9.176757600537398953e-17
1.252122577822549694e-15
-1.999769682555519449e-15
-1.908879532865964854e-16
7.710695746401964015e-16
1.476963413475634393e-16
-5.140055451810446207e-16
1.330178360126081224e-15
-1.534632149215083654e-15
-8.623560502971634059e-16
4.210725663543695402e-16
-1.063220276626104127e-15
2.767460063992317557e-15
-8.162454824088712079e-17
-2.223098503640206977e-15
-1.180908537169032974e-15
9.106886781100660293e-16
5.923480608431185664e-16
8.358225035613415323e-16
-8.513072367752450154e-16
-6.778502101040228690e-16
5.845934759172295433e-16
-1.185793945666120426e-15
2.976025700831148532e-16
2.880832284486940543e-15
2.607395581377285205e-16
-8.405713949664587337e-16
-5.783606450738218766e-17
-1.587934118153213312e-16
-3.557850565440825252e-16
-1.720731688284273038e-15
-4.324685535391439572e-17
-6.867420450185199093e-16
-1.204097301827766731e-16
1.748746369554447545e-16
1.137680074738955243e-15
-6.670507353638500900e-16
-6.739282911556262029e-16
-1.624686639532796924e-16
4.725432315081644864e-16
1.736358317081860317e-15
-1.051675049647387721e-15
-6.592671843040174833e-17
-7.638792523545591312e-16
7.904225318371246885e-16
-1.583045379059830249e-15
4.668785080638798242e-16
1.766957982648760421e-16
