#ele-0m
0	0.999787	0.0001
1	0.999624	0.000125495
2	0.999461	0.000250991
3	0.999298	0.000379789
4	0.999133	0.000505284
5	0.998965	0.000637384
6	0.998792	0.000769485
7	0.998615	0.00090819
8	0.998433	0.001046896
9	0.998248	0.001192206
10	0.998059	0.001344122
11	0.997864	0.001499339
12	0.997663	0.00165786
13	0.997456	0.001819683
14	0.997244	0.001988111
15	0.997028	0.002159841
16	0.996809	0.002338177
17	0.996584	0.002519815
18	0.996355	0.002704756
19	0.996122	0.002892999
20	0.995884	0.003084544
21	0.995643	0.003279392
22	0.995398	0.00347424
23	0.995152	0.003672391
24	0.9949	0.003873844
25	0.994646	0.004075297
26	0.994389	0.004280053
27	0.994131	0.004484808
28	0.993871	0.004689564
29	0.993607	0.004897622
30	0.993342	0.00510568
31	0.993075	0.005317041
32	0.992806	0.005528402
33	0.992536	0.005739762
34	0.992263	0.005954425
35	0.991989	0.006169089
36	0.991714	0.006383752
37	0.991437	0.006601717
38	0.991158	0.006819683
39	0.990878	0.007037649
40	0.990597	0.007258917
41	0.990314	0.007483487
42	0.99003	0.007704756
43	0.989744	0.007929326
44	0.989459	0.008153897
45	0.989173	0.00838177
46	0.988885	0.008609643
47	0.988595	0.008840819
48	0.988304	0.009068692
49	0.988011	0.00930317
50	0.987716	0.009534346
51	0.98742	0.009768824
52	0.98712	0.010003303
53	0.986818	0.010241083
54	0.986514	0.010478864
55	0.986208	0.010716645
56	0.985901	0.010957728
57	0.985593	0.011198811
58	0.985284	0.011439894
59	0.984973	0.01168428
60	0.98466	0.011928666
61	0.984347	0.012173052
62	0.984033	0.01242074
63	0.983718	0.012668428
64	0.983401	0.012919419
65	0.983082	0.01317041
66	0.982761	0.0134214
67	0.982439	0.013675694
68	0.982116	0.013929987
69	0.981792	0.01418428
70	0.981469	0.014441876
71	0.981146	0.014699472
72	0.98082	0.014957067
73	0.980492	0.015217966
74	0.980161	0.015478864
75	0.979828	0.015739762
76	0.979494	0.016003963
77	0.97916	0.016268164
78	0.978824	0.016535667
79	0.978486	0.01680317
80	0.978148	0.017070674
81	0.977812	0.017338177
82	0.977474	0.017608983
83	0.977134	0.017879789
84	0.976794	0.018153897
85	0.976452	0.018428005
86	0.976109	0.018702114
87	0.975762	0.018979524
88	0.975414	0.019256935
89	0.975064	0.019534346
90	0.974711	0.019811757
91	0.974354	0.02009247
92	0.973996	0.020376486
93	0.973636	0.020657199
94	0.973277	0.020941215
95	0.972916	0.021225231
96	0.972554	0.02151255
97	0.972192	0.021799868
98	0.97183	0.022087186
99	0.971466	0.022377807
100	0.9711	0.022665125
101	0.970732	0.022959049
102	0.970362	0.02324967
103	0.969991	0.023543593
104	0.969622	0.023837517
105	0.969251	0.024134742
106	0.968878	0.024431968
107	0.968508	0.024729194
108	0.968136	0.02502642
109	0.967761	0.025326948
110	0.967379	0.025627477
111	0.966996	0.025928005
112	0.966612	0.026231836
113	0.966224	0.026535667
114	0.965836	0.026839498
115	0.965446	0.027143329
116	0.965056	0.027450462
117	0.964664	0.027757596
118	0.964272	0.028064729
119	0.963878	0.028371863
120	0.963488	0.028678996
121	0.963098	0.028989432
122	0.962706	0.029296565
123	0.962316	0.029607001
124	0.961925	0.02992074
125	0.961533	0.030231176
126	0.961137	0.030541612
127	0.96074	0.03085535
128	0.960342	0.031169089
129	0.959944	0.031482827
130	0.959545	0.031796565
131	0.959145	0.032110304
132	0.958744	0.032427345
133	0.958342	0.032744386
134	0.957939	0.033058124
135	0.957535	0.033375165
136	0.95713	0.033692206
137	0.956724	0.03401255
138	0.956318	0.03432959
139	0.955915	0.034646631
140	0.955511	0.034966975
141	0.955107	0.035287318
142	0.954701	0.035607662
143	0.954295	0.035928005
144	0.953888	0.036248349
145	0.953478	0.036568692
146	0.953067	0.036889036
147	0.952656	0.037212682
148	0.952247	0.037533025
149	0.951839	0.037856671
150	0.951431	0.038177015
151	0.951025	0.038500661
152	0.950619	0.038824306
153	0.950213	0.039147952
154	0.949805	0.039471598
155	0.949397	0.039795244
156	0.948988	0.04011889
157	0.948581	0.040442536
158	0.948173	0.040769485
159	0.947765	0.041093131
160	0.947357	0.041420079
161	0.946948	0.041743725
162	0.94654	0.042070674
163	0.946131	0.04239432
164	0.945722	0.042721268
165	0.945309	0.043048217
166	0.944895	0.043375165
167	0.944481	0.043702114
168	0.944064	0.044029062
169	0.943646	0.044356011
170	0.943228	0.044682959
171	0.942812	0.04501321
172	0.942396	0.045340159
173	0.94198	0.045667107
174	0.941564	0.045997358
175	0.941148	0.046324306
176	0.940731	0.046654557
177	0.940311	0.046984808
178	0.939891	0.047311757
179	0.939471	0.047642008
180	0.939051	0.047972259
181	0.93863	0.04830251
182	0.93821	0.048632761
183	0.937792	0.048963012
184	0.937373	0.049293263
185	0.936955	0.049623514
186	0.936537	0.049953765
187	0.936119	0.050284016
188	0.935702	0.050614267
189	0.935285	0.050944518
190	0.934869	0.051274769
191	0.934455	0.05160502
192	0.934042	0.051935271
193	0.933629	0.052265522
194	0.933212	0.052595773
195	0.932795	0.052926024
196	0.932378	0.053256275
197	0.93196	0.053586526
198	0.931542	0.053916777
199	0.931123	0.054247028
200	0.930703	0.054577279
201	0.930284	0.05490753
202	0.929865	0.055237781
203	0.929447	0.055568032
204	0.929029	0.055898283
205	0.928613	0.056228534
206	0.928198	0.056558785
207	0.927783	0.056889036
208	0.92737	0.057219287
209	0.926956	0.057549538
210	0.926542	0.057879789
211	0.926128	0.05821004
212	0.925713	0.058540291
213	0.925296	0.058870542
214	0.924878	0.059200793
215	0.924461	0.059531044
216	0.924044	0.059861295
217	0.923627	0.060191546
218	0.923211	0.060521797
219	0.922796	0.060852048
220	0.922381	0.061182299
221	0.921964	0.06151255
222	0.921546	0.061842801
223	0.921128	0.062173052
224	0.920708	0.062503303
225	0.920287	0.062833554
226	0.919867	0.063163804
227	0.919451	0.063494055
228	0.919035	0.063824306
229	0.918619	0.064154557
230	0.918202	0.064484808
231	0.917786	0.064815059
232	0.917367	0.06514531
233	0.916946	0.065475561
234	0.916526	0.065805812
235	0.916106	0.066136063
236	0.915687	0.066466314
237	0.915267	0.066796565
238	0.91485	0.067126816
239	0.914433	0.067457067
240	0.914016	0.067787318
241	0.913598	0.068117569
242	0.913179	0.06844782
243	0.912762	0.068778071
244	0.912345	0.069108322
245	0.911929	0.069438573
246	0.91151	0.069768824
247	0.911092	0.070099075
248	0.910673	0.070429326
249	0.910257	0.070759577
250	0.909841	0.071089828
251	0.909425	0.071420079
252	0.909009	0.07175033
253	0.908593	0.072080581
254	0.908177	0.072410832
255	0.90776	0.072741083
256	0.907343	0.073071334
257	0.906931	0.073401585
258	0.906519	0.073731836
259	0.906105	0.074062087
260	0.905691	0.074392338
261	0.905277	0.074722589
262	0.90486	0.07505284
263	0.904442	0.075383091
264	0.904024	0.075713342
265	0.903604	0.076043593
266	0.903185	0.076373844
267	0.902767	0.076704095
268	0.902349	0.077034346
269	0.901931	0.077364597
270	0.901516	0.077694848
271	0.901101	0.078025099
272	0.900685	0.07835535
273	0.900269	0.078685601
274	0.899852	0.079015852
275	0.899435	0.079346103
276	0.899018	0.079676354
277	0.8986	0.080006605
278	0.89818	0.080336856
279	0.897759	0.080667107
280	0.897337	0.080997358
281	0.896918	0.081327609
282	0.896498	0.08165786
283	0.896079	0.081988111
284	0.895663	0.082318362
285	0.895248	0.082648613
286	0.894831	0.082978864
287	0.894412	0.083309115
288	0.893994	0.083639366
289	0.893577	0.083969617
290	0.89316	0.084299868
291	0.892743	0.084630119
292	0.892327	0.08496037
293	0.89191	0.085290621
294	0.891493	0.085620872
295	0.891075	0.085951123
296	0.890657	0.086281374
297	0.890236	0.086611625
298	0.889814	0.086941876
299	0.889393	0.087272127
300	0.888971	0.087602378
301	0.88855	0.087932629
302	0.888128	0.08826288
303	0.887709	0.088593131
304	0.88729	0.088923382
305	0.886871	0.089253633
306	0.886453	0.089583884
307	0.886035	0.089914135
308	0.885616	0.090244386
309	0.885194	0.090574637
310	0.884772	0.090904888
311	0.88435	0.091235139
312	0.883929	0.09156539
313	0.883507	0.091895641
314	0.883086	0.092225892
315	0.882667	0.092556143
316	0.882247	0.092886394
317	0.881827	0.093216645
318	0.881406	0.093546896
319	0.880985	0.093877147
320	0.880563	0.094207398
321	0.88014	0.094537649
322	0.879717	0.0948679
323	0.879296	0.095198151
324	0.878874	0.095528402
325	0.878453	0.095858653
326	0.878034	0.096188904
327	0.877615	0.096519155
328	0.877195	0.096849406
329	0.876776	0.097179657
330	0.876356	0.097509908
331	0.875937	0.097840159
332	0.875518	0.09817041
333	0.8751	0.098500661
334	0.874682	0.098830911
335	0.874265	0.099161162
336	0.873847	0.099491413
337	0.87343	0.099821664
338	0.873013	0.100151915
339	0.872595	0.100482166
340	0.872176	0.100812417
341	0.871757	0.101142668
342	0.871338	0.101472919
343	0.870919	0.10180317
344	0.8705	0.102133421
345	0.87008	0.102463672
346	0.86966	0.102793923
347	0.86924	0.103124174
348	0.868821	0.103454425
349	0.868403	0.103784676
350	0.867984	0.104114927
351	0.867566	0.104445178
352	0.867147	0.104775429
353	0.866729	0.10510568
354	0.86631	0.105435931
355	0.865892	0.105766182
356	0.865474	0.106096433
357	0.865056	0.106426684
358	0.864638	0.106756935
359	0.86422	0.107087186
360	0.863802	0.107417437
361	0.863385	0.107747688
362	0.862967	0.108077939
363	0.862549	0.10840819
364	0.862132	0.108738441
365	0.861715	0.109068692
366	0.861301	0.109398943
367	0.860888	0.109729194
368	0.860474	0.110059445
369	0.86006	0.110389696
370	0.859646	0.110719947
371	0.859233	0.111050198
372	0.85882	0.111380449
373	0.858408	0.1117107
374	0.857996	0.112040951
375	0.857585	0.112371202
376	0.857175	0.112701453
377	0.856764	0.113031704
378	0.856352	0.113361955
379	0.85594	0.113692206
380	0.855528	0.114022457
381	0.855116	0.114352708
382	0.854706	0.114682959
383	0.854297	0.11501321
384	0.85389	0.115343461
385	0.853484	0.115673712
386	0.853079	0.116003963
387	0.852673	0.116334214
388	0.852266	0.116664465
389	0.851858	0.116994716
390	0.851448	0.117324967
391	0.851037	0.117655218
392	0.850625	0.117985469
393	0.850211	0.11831572
394	0.849796	0.118645971
395	0.849386	0.118976222
396	0.848975	0.119306473
397	0.848565	0.119636724
398	0.848154	0.119966975
399	0.847744	0.120297226
400	0.847333	0.120627477
401	0.846924	0.120957728
402	0.846516	0.121287979
403	0.846108	0.12161823
404	0.8457	0.121948481
405	0.845293	0.122278732
406	0.844888	0.122608983
407	0.844482	0.122939234
408	0.844075	0.123269485
409	0.843667	0.123599736
410	0.843257	0.123929987
411	0.842847	0.124260238
412	0.842437	0.124590489
413	0.842026	0.12492074
414	0.841615	0.125250991
415	0.841204	0.125581242
416	0.840793	0.125911493
417	0.840381	0.126241744
418	0.839971	0.126571995
419	0.83956	0.126902246
420	0.839151	0.127232497
421	0.838741	0.127562748
422	0.838331	0.127892999
423	0.837919	0.12822325
424	0.837509	0.128553501
425	0.837101	0.128883752
426	0.836694	0.129214003
427	0.83629	0.129544254
428	0.835885	0.129874505
429	0.835479	0.130204756
430	0.835072	0.130535007
431	0.834664	0.130865258
432	0.834257	0.131195509
433	0.833851	0.13152576
434	0.833446	0.131856011
435	0.833042	0.132186262
436	0.832639	0.132516513
437	0.832235	0.132846764
438	0.831831	0.133177015
439	0.831427	0.133507266
440	0.831023	0.133837517
441	0.830618	0.134167768
442	0.830213	0.134498018
443	0.829807	0.134828269
444	0.8294	0.13515852
445	0.828992	0.135488771
446	0.828583	0.135819022
447	0.828173	0.136149273
448	0.827765	0.136479524
449	0.827356	0.136809775
450	0.82695	0.137140026
451	0.826544	0.137470277
452	0.826139	0.137800528
453	0.825734	0.138130779
454	0.82533	0.13846103
455	0.824926	0.138791281
456	0.824524	0.139121532
457	0.824124	0.139451783
458	0.823727	0.139782034
459	0.823331	0.140112285
460	0.822935	0.140442536
461	0.82254	0.140772787
462	0.822144	0.141103038
463	0.821749	0.141433289
464	0.821355	0.14176354
465	0.820961	0.142093791
466	0.82057	0.142424042
467	0.820179	0.142754293
468	0.819788	0.143084544
469	0.819399	0.143414795
470	0.81901	0.143745046
471	0.818622	0.144075297
472	0.818233	0.144405548
473	0.817845	0.144735799
474	0.817455	0.14506605
475	0.817064	0.145396301
476	0.816672	0.145726552
477	0.81628	0.146056803
478	0.815886	0.146387054
479	0.81549	0.146717305
480	0.815097	0.147047556
481	0.814706	0.147377807
482	0.81432	0.147708058
483	0.813934	0.148038309
484	0.813549	0.14836856
485	0.813167	0.148698811
486	0.812786	0.149029062
487	0.812406	0.149359313
488	0.812025	0.149689564
489	0.811641	0.150019815
490	0.811258	0.150350066
491	0.810873	0.150680317
492	0.810488	0.151010568
493	0.810103	0.151340819
494	0.809719	0.15167107
495	0.809336	0.152001321
496	0.808954	0.152331572
497	0.808574	0.152661823
498	0.808193	0.152992074
499	0.807813	0.153322325
500	0.807433	0.153652576
501	0.807053	0.153982827
502	0.806674	0.154313078
503	0.806296	0.154643329
504	0.805919	0.15497358
505	0.80554	0.155303831
506	0.80516	0.155634082
507	0.804779	0.155964333
508	0.804399	0.156294584
509	0.804019	0.156624835
510	0.803639	0.156955086
511	0.803258	0.157285337
512	0.802872	0.157615588
513	0.802483	0.157945839
514	0.802092	0.15827609
515	0.801702	0.158606341
516	0.801312	0.158936592
517	0.800924	0.159266843
518	0.800535	0.159597094
519	0.800146	0.159927345
520	0.799759	0.160257596
521	0.799372	0.160587847
522	0.798988	0.160918098
523	0.798603	0.161248349
524	0.798219	0.1615786
525	0.797836	0.161908851
526	0.797451	0.162239102
527	0.797065	0.162569353
528	0.796677	0.162899604
529	0.796289	0.163229855
530	0.795902	0.163560106
531	0.795517	0.163890357
532	0.79513	0.164220608
533	0.794741	0.164550859
534	0.794351	0.16488111
535	0.793961	0.165211361
536	0.79357	0.165541612
537	0.79318	0.165871863
538	0.792789	0.166202114
539	0.792399	0.166532365
540	0.792009	0.166862616
541	0.791622	0.167192867
542	0.791235	0.167523118
543	0.790851	0.167853369
544	0.790464	0.16818362
545	0.790077	0.168513871
546	0.78969	0.168844122
547	0.789306	0.169174373
548	0.788925	0.169504624
549	0.788544	0.169834875
550	0.788162	0.170165125
551	0.787777	0.170495376
552	0.787388	0.170825627
553	0.786997	0.171155878
554	0.786606	0.171486129
555	0.786214	0.17181638
556	0.785823	0.172146631
557	0.785434	0.172476882
558	0.785046	0.172807133
559	0.784659	0.173137384
560	0.784274	0.173467635
561	0.78389	0.173797886
562	0.783507	0.174128137
563	0.783121	0.174458388
564	0.782729	0.174788639
565	0.782336	0.17511889
566	0.781942	0.175449141
567	0.78155	0.175779392
568	0.781161	0.176109643
569	0.780775	0.176439894
570	0.780393	0.176770145
571	0.780013	0.177100396
572	0.779634	0.177430647
573	0.779256	0.177760898
574	0.778876	0.178091149
575	0.778496	0.1784214
576	0.778115	0.178751651
577	0.777732	0.179081902
578	0.777348	0.179412153
579	0.776962	0.179742404
580	0.776577	0.180072655
581	0.776195	0.180402906
582	0.775814	0.180733157
583	0.775434	0.181063408
584	0.775049	0.181393659
585	0.774661	0.18172391
586	0.774272	0.182054161
587	0.773882	0.182384412
588	0.773491	0.182714663
589	0.7731	0.183044914
590	0.772709	0.183375165
591	0.772319	0.183705416
592	0.77193	0.184035667
593	0.771541	0.184365918
594	0.77115	0.184696169
595	0.770757	0.18502642
596	0.770362	0.185356671
597	0.769967	0.185686922
598	0.769572	0.186017173
599	0.769181	0.186347424
600	0.768792	0.186677675
601	0.768406	0.187007926
602	0.76802	0.187338177
603	0.767635	0.187668428
604	0.767249	0.187998679
605	0.76686	0.18832893
606	0.766468	0.188659181
607	0.766073	0.188989432
608	0.765677	0.189319683
609	0.765278	0.189649934
610	0.764879	0.189980185
611	0.764482	0.190310436
612	0.764088	0.190640687
613	0.7637	0.190970938
614	0.763313	0.191301189
615	0.762928	0.19163144
616	0.762543	0.191961691
617	0.762157	0.192291942
618	0.761771	0.192622193
619	0.761384	0.192952444
620	0.760994	0.193282695
621	0.760602	0.193612946
622	0.760212	0.193943197
623	0.759824	0.194273448
624	0.759436	0.194603699
625	0.759046	0.19493395
626	0.758655	0.195264201
627	0.758263	0.195594452
628	0.757869	0.195924703
629	0.757476	0.196254954
630	0.757082	0.196585205
631	0.756688	0.196915456
632	0.756292	0.197245707
633	0.755896	0.197575958
634	0.7555	0.197906209
635	0.755105	0.19823646
636	0.75471	0.198566711
637	0.754316	0.198896962
638	0.753922	0.199227213
639	0.75353	0.199557464
640	0.753137	0.199887715
641	0.752746	0.200217966
642	0.752353	0.200548217
643	0.751961	0.200878468
644	0.751568	0.201208719
645	0.751178	0.20153897
646	0.750788	0.201869221
647	0.750399	0.202199472
648	0.750012	0.202529723
649	0.749624	0.202859974
650	0.749236	0.203190225
651	0.748847	0.203520476
652	0.748461	0.203850727
653	0.748077	0.204180978
654	0.747692	0.204511229
655	0.747305	0.20484148
656	0.746916	0.205171731
657	0.746525	0.205501982
658	0.746133	0.205832232
659	0.745742	0.206162483
660	0.745353	0.206492734
661	0.744966	0.206822985
662	0.744581	0.207153236
663	0.744196	0.207483487
664	0.743811	0.207813738
665	0.743424	0.208143989
666	0.743035	0.20847424
667	0.742645	0.208804491
668	0.742253	0.209134742
669	0.74186	0.209464993
670	0.741466	0.209795244
671	0.741074	0.210125495
672	0.740684	0.210455746
673	0.740296	0.210785997
674	0.739909	0.211116248
675	0.739521	0.211446499
676	0.73913	0.21177675
677	0.738739	0.212107001
678	0.738349	0.212437252
679	0.73796	0.212767503
680	0.737573	0.213097754
681	0.737185	0.213428005
682	0.736796	0.213758256
683	0.736405	0.214088507
684	0.736013	0.214418758
685	0.735619	0.214749009
686	0.735225	0.21507926
687	0.734829	0.215409511
688	0.734433	0.215739762
689	0.734035	0.216070013
690	0.733638	0.216400264
691	0.73324	0.216730515
692	0.732844	0.217060766
693	0.732448	0.217391017
694	0.732053	0.217721268
695	0.73166	0.218051519
696	0.731267	0.21838177
697	0.730874	0.218712021
698	0.73048	0.219042272
699	0.730086	0.219372523
700	0.729692	0.219702774
701	0.729299	0.220033025
702	0.728906	0.220363276
703	0.728514	0.220693527
704	0.728123	0.221023778
705	0.727732	0.221354029
706	0.727341	0.22168428
707	0.726946	0.222014531
708	0.72655	0.222344782
709	0.72615	0.222675033
710	0.725748	0.223005284
711	0.725347	0.223335535
712	0.72495	0.223665786
713	0.724557	0.223996037
714	0.724166	0.224326288
715	0.723777	0.224656539
716	0.723387	0.22498679
717	0.722994	0.225317041
718	0.7226	0.225647292
719	0.722205	0.225977543
720	0.72181	0.226307794
721	0.721416	0.226638045
722	0.721024	0.226968296
723	0.720632	0.227298547
724	0.72024	0.227628798
725	0.719849	0.227959049
726	0.719458	0.2282893
727	0.719067	0.228619551
728	0.718676	0.228949802
729	0.718284	0.229280053
730	0.71789	0.229610304
731	0.717495	0.229940555
732	0.717097	0.230270806
733	0.716699	0.230601057
734	0.7163	0.230931308
735	0.7159	0.231261559
736	0.7155	0.23159181
737	0.7151	0.231922061
738	0.714699	0.232252312
739	0.714298	0.232582563
740	0.713896	0.232912814
741	0.713494	0.233243065
742	0.713091	0.233573316
743	0.712688	0.233903567
744	0.712285	0.234233818
745	0.711882	0.234564069
746	0.71148	0.23489432
747	0.711082	0.235224571
748	0.710688	0.235554822
749	0.710297	0.235885073
750	0.709905	0.236215324
751	0.709514	0.236545575
752	0.709122	0.236875826
753	0.708729	0.237206077
754	0.708336	0.237536328
755	0.707942	0.237866579
756	0.707546	0.23819683
757	0.707147	0.238527081
758	0.706746	0.238857332
759	0.706344	0.239187583
760	0.705942	0.239517834
761	0.705541	0.239848085
762	0.705139	0.240178336
763	0.704739	0.240508587
764	0.704341	0.240838838
765	0.703944	0.241169089
766	0.703548	0.241499339
767	0.703151	0.24182959
768	0.702754	0.242159841
769	0.702357	0.242490092
770	0.70196	0.242820343
771	0.701563	0.243150594
772	0.701168	0.243480845
773	0.700773	0.243811096
774	0.70038	0.244141347
775	0.699989	0.244471598
776	0.699601	0.244801849
777	0.699213	0.2451321
778	0.698827	0.245462351
779	0.69844	0.245792602
780	0.698052	0.246122853
781	0.697664	0.246453104
782	0.697275	0.246783355
783	0.696886	0.247113606
784	0.6965	0.247443857
785	0.696115	0.247774108
786	0.69573	0.248104359
787	0.69534	0.24843461
788	0.694946	0.248764861
789	0.694549	0.249095112
790	0.694152	0.249425363
791	0.693755	0.249755614
792	0.693358	0.250085865
793	0.692961	0.250416116
794	0.692568	0.250746367
795	0.692177	0.251076618
796	0.691787	0.251406869
797	0.691393	0.25173712
798	0.690996	0.252067371
799	0.690597	0.252397622
800	0.690198	0.252727873
801	0.689799	0.253058124
802	0.689401	0.253388375
803	0.689003	0.253718626
804	0.688605	0.254048877
805	0.688208	0.254379128
806	0.687811	0.254709379
807	0.687418	0.25503963
808	0.687026	0.255369881
809	0.686636	0.255700132
810	0.686245	0.256030383
811	0.685855	0.256360634
812	0.685463	0.256690885
813	0.685072	0.257021136
814	0.684679	0.257351387
815	0.684286	0.257681638
816	0.683892	0.258011889
817	0.683499	0.25834214
818	0.683106	0.258672391
819	0.682714	0.259002642
820	0.682324	0.259332893
821	0.681935	0.259663144
822	0.681547	0.259993395
823	0.68116	0.260323646
824	0.680771	0.260653897
825	0.68038	0.260984148
826	0.679985	0.261314399
827	0.679587	0.26164465
828	0.679189	0.261974901
829	0.678789	0.262305152
830	0.67839	0.262635403
831	0.677992	0.262965654
832	0.677594	0.263295905
833	0.677198	0.263626156
834	0.676806	0.263956407
835	0.676417	0.264286658
836	0.676029	0.264616909
837	0.675639	0.26494716
838	0.675244	0.265277411
839	0.674847	0.265607662
840	0.674449	0.265937913
841	0.67405	0.266268164
842	0.67365	0.266598415
843	0.673249	0.266928666
844	0.672851	0.267258917
845	0.672456	0.267589168
846	0.672062	0.267919419
847	0.671671	0.26824967
848	0.67128	0.268579921
849	0.670887	0.268910172
850	0.670493	0.269240423
851	0.670097	0.269570674
852	0.6697	0.269900925
853	0.669304	0.270231176
854	0.668907	0.270561427
855	0.668511	0.270891678
856	0.668115	0.271221929
857	0.667715	0.27155218
858	0.667313	0.271882431
859	0.666911	0.272212682
860	0.66651	0.272542933
861	0.666112	0.272873184
862	0.665715	0.273203435
863	0.665321	0.273533686
864	0.664928	0.273863937
865	0.664536	0.274194188
866	0.664144	0.274524439
867	0.663752	0.27485469
868	0.663357	0.275184941
869	0.662961	0.275515192
870	0.662563	0.275845443
871	0.662164	0.276175694
872	0.661763	0.276505945
873	0.661363	0.276836196
874	0.660964	0.277166446
875	0.660569	0.277496697
876	0.660175	0.277826948
877	0.659779	0.278157199
878	0.659381	0.27848745
879	0.658984	0.278817701
880	0.658591	0.279147952
881	0.658201	0.279478203
882	0.657814	0.279808454
883	0.65743	0.280138705
884	0.657046	0.280468956
885	0.656659	0.280799207
886	0.65627	0.281129458
887	0.655877	0.281459709
888	0.655482	0.28178996
889	0.655085	0.282120211
890	0.654688	0.282450462
891	0.654291	0.282780713
892	0.653894	0.283110964
893	0.653496	0.283441215
894	0.6531	0.283771466
895	0.652705	0.284101717
896	0.65231	0.284431968
897	0.651914	0.284762219
898	0.651517	0.28509247
899	0.651121	0.285422721
900	0.650727	0.285752972
901	0.650335	0.286083223
902	0.649944	0.286413474
903	0.649555	0.286743725
904	0.649164	0.287073976
905	0.64877	0.287404227
906	0.648374	0.287734478
907	0.647977	0.288064729
908	0.64758	0.28839498
909	0.647182	0.288725231
910	0.646785	0.289055482
911	0.646388	0.289385733
912	0.64599	0.289715984
913	0.645593	0.290046235
914	0.645197	0.290376486
915	0.644802	0.290706737
916	0.644407	0.291036988
917	0.644011	0.291367239
918	0.643615	0.29169749
919	0.643218	0.292027741
920	0.642822	0.292357992
921	0.642428	0.292688243
922	0.642033	0.293018494
923	0.64164	0.293348745
924	0.641248	0.293678996
925	0.640856	0.294009247
926	0.640463	0.294339498
927	0.640066	0.294669749
928	0.639667	0.295
929	0.639264	0.295330251
930	0.638862	0.295660502
931	0.638458	0.295990753
932	0.638054	0.296321004
933	0.63765	0.296651255
934	0.637245	0.296981506
935	0.636841	0.297311757
936	0.636439	0.297642008
937	0.636038	0.297972259
938	0.63564	0.29830251
939	0.63524	0.298632761
940	0.634838	0.298963012
941	0.634434	0.299293263
942	0.634027	0.299623514
943	0.633618	0.299953765
944	0.633208	0.300284016
945	0.632797	0.300614267
946	0.63239	0.300944518
947	0.631986	0.301274769
948	0.631587	0.30160502
949	0.631191	0.301935271
950	0.630793	0.302265522
951	0.630394	0.302595773
952	0.629994	0.302926024
953	0.629594	0.303256275
954	0.629196	0.303586526
955	0.628799	0.303916777
956	0.628404	0.304247028
957	0.62801	0.304577279
958	0.627615	0.30490753
959	0.627219	0.305237781
960	0.626824	0.305568032
961	0.626428	0.305898283
962	0.626032	0.306228534
963	0.625636	0.306558785
964	0.625241	0.306889036
965	0.624846	0.307219287
966	0.624449	0.307549538
967	0.62405	0.307879789
968	0.623648	0.30821004
969	0.623246	0.308540291
970	0.622846	0.308870542
971	0.622448	0.309200793
972	0.622052	0.309531044
973	0.621659	0.309861295
974	0.621266	0.310191546
975	0.620872	0.310521797
976	0.620478	0.310852048
977	0.620084	0.311182299
978	0.619689	0.31151255
979	0.619295	0.311842801
980	0.618899	0.312173052
981	0.618502	0.312503303
982	0.618105	0.312833554
983	0.617707	0.313163804
984	0.617311	0.313494055
985	0.616916	0.313824306
986	0.616521	0.314154557
987	0.616125	0.314484808
988	0.615727	0.314815059
989	0.615327	0.31514531
990	0.614928	0.315475561
991	0.614529	0.315805812
992	0.61413	0.316136063
993	0.613733	0.316466314
994	0.613336	0.316796565
995	0.612941	0.317126816
996	0.612545	0.317457067
997	0.612147	0.317787318
998	0.611745	0.318117569
999	0.611343	0.31844782
1000	0.610941	0.318778071
1001	0.61054	0.319108322
1002	0.610141	0.319438573
1003	0.609743	0.319768824
1004	0.609344	0.320099075
1005	0.608944	0.320429326
1006	0.608543	0.320759577
1007	0.60814	0.321089828
1008	0.607734	0.321420079
1009	0.607327	0.32175033
1010	0.60692	0.322080581
1011	0.606513	0.322410832
1012	0.606106	0.322741083
1013	0.605699	0.323071334
1014	0.605295	0.323401585
1015	0.604894	0.323731836
1016	0.604495	0.324062087
1017	0.604098	0.324392338
1018	0.6037	0.324722589
1019	0.603301	0.32505284
1020	0.602901	0.325383091
1021	0.602499	0.325713342
1022	0.602096	0.326043593
1023	0.601693	0.326373844
1024	0.60129	0.326704095
1025	0.600889	0.327034346
1026	0.600491	0.327364597
1027	0.600094	0.327694848
1028	0.599697	0.328025099
1029	0.5993	0.32835535
1030	0.5989	0.328685601
1031	0.5985	0.329015852
1032	0.5981	0.329346103
1033	0.597701	0.329676354
1034	0.597304	0.330006605
1035	0.596908	0.330336856
1036	0.596512	0.330667107
1037	0.596116	0.330997358
1038	0.59572	0.331327609
1039	0.595323	0.33165786
1040	0.594927	0.331988111
1041	0.594533	0.332318362
1042	0.594138	0.332648613
1043	0.593746	0.332978864
1044	0.593354	0.333309115
1045	0.592965	0.333639366
1046	0.592577	0.333969617
1047	0.592188	0.334299868
1048	0.591797	0.334630119
1049	0.591402	0.33496037
1050	0.591005	0.335290621
1051	0.590607	0.335620872
1052	0.59021	0.335951123
1053	0.589815	0.336281374
1054	0.589423	0.336611625
1055	0.589034	0.336941876
1056	0.588648	0.337272127
1057	0.588261	0.337602378
1058	0.587873	0.337932629
1059	0.587484	0.33826288
1060	0.587095	0.338593131
1061	0.586707	0.338923382
1062	0.586319	0.339253633
1063	0.585931	0.339583884
1064	0.585545	0.339914135
1065	0.585161	0.340244386
1066	0.584778	0.340574637
1067	0.584394	0.340904888
1068	0.584008	0.341235139
1069	0.583619	0.34156539
1070	0.583227	0.341895641
1071	0.582832	0.342225892
1072	0.582435	0.342556143
1073	0.582036	0.342886394
1074	0.581638	0.343216645
1075	0.581243	0.343546896
1076	0.58085	0.343877147
1077	0.580456	0.344207398
1078	0.580058	0.344537649
1079	0.57966	0.3448679
1080	0.579262	0.345198151
1081	0.578867	0.345528402
1082	0.578473	0.345858653
1083	0.578082	0.346188904
1084	0.577692	0.346519155
1085	0.577303	0.346849406
1086	0.576915	0.347179657
1087	0.576526	0.347509908
1088	0.576138	0.347840159
1089	0.575748	0.34817041
1090	0.575357	0.348500661
1091	0.574964	0.348830911
1092	0.57457	0.349161162
1093	0.574175	0.349491413
1094	0.573781	0.349821664
1095	0.57339	0.350151915
1096	0.573002	0.350482166
1097	0.572616	0.350812417
1098	0.572233	0.351142668
1099	0.571851	0.351472919
1100	0.571469	0.35180317
1101	0.571086	0.352133421
1102	0.570703	0.352463672
1103	0.570319	0.352793923
1104	0.569932	0.353124174
1105	0.569542	0.353454425
1106	0.569151	0.353784676
1107	0.568762	0.354114927
1108	0.568373	0.354445178
1109	0.567984	0.354775429
1110	0.567593	0.35510568
1111	0.567202	0.355435931
1112	0.566811	0.355766182
1113	0.566421	0.356096433
1114	0.56603	0.356426684
1115	0.565639	0.356756935
1116	0.565247	0.357087186
1117	0.564856	0.357417437
1118	0.564467	0.357747688
1119	0.564078	0.358077939
1120	0.563688	0.35840819
1121	0.563297	0.358738441
1122	0.562906	0.359068692
1123	0.562515	0.359398943
1124	0.562125	0.359729194
1125	0.561736	0.360059445
1126	0.561346	0.360389696
1127	0.560954	0.360719947
1128	0.56056	0.361050198
1129	0.560165	0.361380449
1130	0.559771	0.3617107
1131	0.559376	0.362040951
1132	0.55898	0.362371202
1133	0.558584	0.362701453
1134	0.558188	0.363031704
1135	0.557794	0.363361955
1136	0.557399	0.363692206
1137	0.557002	0.364022457
1138	0.556602	0.364352708
1139	0.556203	0.364682959
1140	0.555804	0.36501321
1141	0.555406	0.365343461
1142	0.555007	0.365673712
1143	0.554607	0.366003963
1144	0.554206	0.366334214
1145	0.553805	0.366664465
1146	0.553402	0.366994716
1147	0.552997	0.367324967
1148	0.552591	0.367655218
1149	0.552187	0.367985469
1150	0.551783	0.36831572
1151	0.55138	0.368645971
1152	0.550977	0.368976222
1153	0.550574	0.369306473
1154	0.550173	0.369636724
1155	0.549772	0.369966975
1156	0.549372	0.370297226
1157	0.54897	0.370627477
1158	0.548567	0.370957728
1159	0.548164	0.371287979
1160	0.547761	0.37161823
1161	0.547358	0.371948481
1162	0.546955	0.372278732
1163	0.546554	0.372608983
1164	0.546154	0.372939234
1165	0.545757	0.373269485
1166	0.545362	0.373599736
1167	0.544966	0.373929987
1168	0.544569	0.374260238
1169	0.544169	0.374590489
1170	0.543766	0.37492074
1171	0.543361	0.375250991
1172	0.542954	0.375581242
1173	0.542548	0.375911493
1174	0.542141	0.376241744
1175	0.541734	0.376571995
1176	0.541328	0.376902246
1177	0.540924	0.377232497
1178	0.54052	0.377562748
1179	0.540115	0.377892999
1180	0.53971	0.37822325
1181	0.539305	0.378553501
1182	0.538901	0.378883752
1183	0.538497	0.379214003
1184	0.538094	0.379544254
1185	0.537692	0.379874505
1186	0.537289	0.380204756
1187	0.536886	0.380535007
1188	0.536481	0.380865258
1189	0.536075	0.381195509
1190	0.535668	0.38152576
1191	0.535261	0.381856011
1192	0.534856	0.382186262
1193	0.534453	0.382516513
1194	0.534051	0.382846764
1195	0.533649	0.383177015
1196	0.533247	0.383507266
1197	0.532842	0.383837517
1198	0.532436	0.384167768
1199	0.532029	0.384498018
1200	0.53162	0.384828269
1201	0.531215	0.38515852
1202	0.530813	0.385488771
1203	0.530413	0.385819022
1204	0.530015	0.386149273
1205	0.529617	0.386479524
1206	0.529216	0.386809775
1207	0.528812	0.387140026
1208	0.528404	0.387470277
1209	0.527996	0.387800528
1210	0.527588	0.388130779
1211	0.527181	0.38846103
1212	0.526776	0.388791281
1213	0.526374	0.389121532
1214	0.525972	0.389451783
1215	0.52557	0.389782034
1216	0.525169	0.390112285
1217	0.524766	0.390442536
1218	0.524363	0.390772787
1219	0.523962	0.391103038
1220	0.523562	0.391433289
1221	0.523164	0.39176354
1222	0.522767	0.392093791
1223	0.522369	0.392424042
1224	0.52197	0.392754293
1225	0.521568	0.393084544
1226	0.521165	0.393414795
1227	0.520761	0.393745046
1228	0.520357	0.394075297
1229	0.519951	0.394405548
1230	0.519545	0.394735799
1231	0.519139	0.39506605
1232	0.518735	0.395396301
1233	0.518333	0.395726552
1234	0.517931	0.396056803
1235	0.517528	0.396387054
1236	0.517124	0.396717305
1237	0.51672	0.397047556
1238	0.516315	0.397377807
1239	0.515908	0.397708058
1240	0.515501	0.398038309
1241	0.515094	0.39836856
1242	0.514687	0.398698811
1243	0.514282	0.399029062
1244	0.513878	0.399359313
1245	0.513473	0.399689564
1246	0.513067	0.400019815
1247	0.512659	0.400350066
1248	0.512249	0.400680317
1249	0.511838	0.401010568
1250	0.511427	0.401340819
1251	0.511015	0.40167107
1252	0.510603	0.402001321
1253	0.510191	0.402331572
1254	0.50978	0.402661823
1255	0.509373	0.402992074
1256	0.508965	0.403322325
1257	0.508558	0.403652576
1258	0.50815	0.403982827
1259	0.507742	0.404313078
1260	0.507335	0.404643329
1261	0.506926	0.40497358
1262	0.506516	0.405303831
1263	0.506104	0.405634082
1264	0.505695	0.405964333
1265	0.505287	0.406294584
1266	0.50488	0.406624835
1267	0.504471	0.406955086
1268	0.504062	0.407285337
1269	0.503655	0.407615588
1270	0.503249	0.407945839
1271	0.502844	0.40827609
1272	0.502439	0.408606341
1273	0.502034	0.408936592
1274	0.501629	0.409266843
1275	0.501223	0.409597094
1276	0.500814	0.409927345
1277	0.500402	0.410257596
1278	0.499987	0.410587847
1279	0.499572	0.410918098
1280	0.499159	0.411248349
1281	0.498746	0.4115786
1282	0.498335	0.411908851
1283	0.497925	0.412239102
1284	0.497515	0.412569353
1285	0.497107	0.412899604
1286	0.496698	0.413229855
1287	0.496287	0.413560106
1288	0.495876	0.413890357
1289	0.495464	0.414220608
1290	0.495052	0.414550859
1291	0.494639	0.41488111
1292	0.494226	0.415211361
1293	0.493814	0.415541612
1294	0.493403	0.415871863
1295	0.492994	0.416202114
1296	0.492586	0.416532365
1297	0.492178	0.416862616
1298	0.49177	0.417192867
1299	0.491361	0.417523118
1300	0.49095	0.417853369
1301	0.490538	0.41818362
1302	0.490129	0.418513871
1303	0.48972	0.418844122
1304	0.489311	0.419174373
1305	0.488903	0.419504624
1306	0.488497	0.419834875
1307	0.488091	0.420165125
1308	0.487685	0.420495376
1309	0.487278	0.420825627
1310	0.486871	0.421155878
1311	0.486463	0.421486129
1312	0.486057	0.42181638
1313	0.485652	0.422146631
1314	0.485249	0.422476882
1315	0.484847	0.422807133
1316	0.484444	0.423137384
1317	0.484039	0.423467635
1318	0.483632	0.423797886
1319	0.483227	0.424128137
1320	0.482826	0.424458388
1321	0.482424	0.424788639
1322	0.48202	0.42511889
1323	0.481615	0.425449141
1324	0.481211	0.425779392
1325	0.480809	0.426109643
1326	0.480408	0.426439894
1327	0.480006	0.426770145
1328	0.479604	0.427100396
1329	0.479202	0.427430647
1330	0.4788	0.427760898
1331	0.478399	0.428091149
1332	0.477998	0.4284214
1333	0.477599	0.428751651
1334	0.4772	0.429081902
1335	0.476801	0.429412153
1336	0.476401	0.429742404
1337	0.475999	0.430072655
1338	0.475598	0.430402906
1339	0.475199	0.430733157
1340	0.474804	0.431063408
1341	0.474409	0.431393659
1342	0.47401	0.43172391
1343	0.47361	0.432054161
1344	0.473212	0.432384412
1345	0.472817	0.432714663
1346	0.472423	0.433044914
1347	0.472026	0.433375165
1348	0.471626	0.433705416
1349	0.471227	0.434035667
1350	0.470829	0.434365918
1351	0.470431	0.434696169
1352	0.470035	0.43502642
1353	0.469638	0.435356671
1354	0.469241	0.435686922
1355	0.468842	0.436017173
1356	0.468443	0.436347424
1357	0.468044	0.436677675
1358	0.467644	0.437007926
1359	0.467243	0.437338177
1360	0.46684	0.437668428
1361	0.466436	0.437998679
1362	0.466034	0.43832893
1363	0.465633	0.438659181
1364	0.465233	0.438989432
1365	0.464833	0.439319683
1366	0.464434	0.439649934
1367	0.464034	0.439980185
1368	0.463632	0.440310436
1369	0.463229	0.440640687
1370	0.462825	0.440970938
1371	0.462421	0.441301189
1372	0.462018	0.44163144
1373	0.461615	0.441961691
1374	0.461212	0.442291942
1375	0.460808	0.442622193
1376	0.460402	0.442952444
1377	0.459994	0.443282695
1378	0.459586	0.443612946
1379	0.459179	0.443943197
1380	0.458775	0.444273448
1381	0.458373	0.444603699
1382	0.457972	0.44493395
1383	0.457572	0.445264201
1384	0.457171	0.445594452
1385	0.456769	0.445924703
1386	0.456367	0.446254954
1387	0.455967	0.446585205
1388	0.455568	0.446915456
1389	0.455171	0.447245707
1390	0.454775	0.447575958
1391	0.454379	0.447906209
1392	0.453983	0.44823646
1393	0.453586	0.448566711
1394	0.453187	0.448896962
1395	0.452786	0.449227213
1396	0.452384	0.449557464
1397	0.45198	0.449887715
1398	0.451575	0.450217966
1399	0.451171	0.450548217
1400	0.450766	0.450878468
1401	0.450361	0.451208719
1402	0.449955	0.45153897
1403	0.449551	0.451869221
1404	0.449148	0.452199472
1405	0.448746	0.452529723
1406	0.448345	0.452859974
1407	0.447942	0.453190225
1408	0.447537	0.453520476
1409	0.447133	0.453850727
1410	0.446728	0.454180978
1411	0.446322	0.454511229
1412	0.445914	0.45484148
1413	0.445506	0.455171731
1414	0.4451	0.455501982
1415	0.444696	0.455832232
1416	0.444291	0.456162483
1417	0.443883	0.456492734
1418	0.443475	0.456822985
1419	0.443068	0.457153236
1420	0.442664	0.457483487
1421	0.44226	0.457813738
1422	0.441853	0.458143989
1423	0.441445	0.45847424
1424	0.441039	0.458804491
1425	0.440636	0.459134742
1426	0.440233	0.459464993
1427	0.439829	0.459795244
1428	0.439423	0.460125495
1429	0.439015	0.460455746
1430	0.438608	0.460785997
1431	0.438201	0.461116248
1432	0.437796	0.461446499
1433	0.437394	0.46177675
1434	0.436991	0.462107001
1435	0.436589	0.462437252
1436	0.436187	0.462767503
1437	0.435783	0.463097754
1438	0.435379	0.463428005
1439	0.434974	0.463758256
1440	0.434567	0.464088507
1441	0.434159	0.464418758
1442	0.433751	0.464749009
1443	0.433343	0.46507926
1444	0.432935	0.465409511
1445	0.432529	0.465739762
1446	0.432123	0.466070013
1447	0.431715	0.466400264
1448	0.431307	0.466730515
1449	0.430898	0.467060766
1450	0.43049	0.467391017
1451	0.430082	0.467721268
1452	0.429675	0.468051519
1453	0.429268	0.46838177
1454	0.428862	0.468712021
1455	0.428456	0.469042272
1456	0.42805	0.469372523
1457	0.427646	0.469702774
1458	0.427243	0.470033025
1459	0.426839	0.470363276
1460	0.426434	0.470693527
1461	0.426027	0.471023778
1462	0.425618	0.471354029
1463	0.425207	0.47168428
1464	0.4248	0.472014531
1465	0.424396	0.472344782
1466	0.423994	0.472675033
1467	0.423594	0.473005284
1468	0.423194	0.473335535
1469	0.422791	0.473665786
1470	0.422385	0.473996037
1471	0.421978	0.474326288
1472	0.421572	0.474656539
1473	0.421168	0.47498679
1474	0.420763	0.475317041
1475	0.420359	0.475647292
1476	0.419955	0.475977543
1477	0.419551	0.476307794
1478	0.419147	0.476638045
1479	0.418743	0.476968296
1480	0.418338	0.477298547
1481	0.417932	0.477628798
1482	0.417524	0.477959049
1483	0.417116	0.4782893
1484	0.416707	0.478619551
1485	0.416298	0.478949802
1486	0.415889	0.479280053
1487	0.415482	0.479610304
1488	0.415075	0.479940555
1489	0.414666	0.480270806
1490	0.414257	0.480601057
1491	0.413848	0.480931308
1492	0.413441	0.481261559
1493	0.413035	0.48159181
1494	0.412629	0.481922061
1495	0.412222	0.482252312
1496	0.411815	0.482582563
1497	0.411409	0.482912814
1498	0.411004	0.483243065
1499	0.4106	0.483573316
1500	0.410198	0.483903567
1501	0.409797	0.484233818
1502	0.409398	0.484564069
1503	0.408998	0.48489432
1504	0.408598	0.485224571
1505	0.408195	0.485554822
1506	0.407794	0.485885073
1507	0.407394	0.486215324
1508	0.406994	0.486545575
1509	0.406591	0.486875826
1510	0.406185	0.487206077
1511	0.405781	0.487536328
1512	0.405378	0.487866579
1513	0.404977	0.48819683
1514	0.404577	0.488527081
1515	0.404178	0.488857332
1516	0.403779	0.489187583
1517	0.403379	0.489517834
1518	0.402979	0.489848085
1519	0.402576	0.490178336
1520	0.402171	0.490508587
1521	0.401764	0.490838838
1522	0.401357	0.491169089
1523	0.40095	0.491499339
1524	0.400545	0.49182959
1525	0.40014	0.492159841
1526	0.399734	0.492490092
1527	0.399326	0.492820343
1528	0.398916	0.493150594
1529	0.398508	0.493480845
1530	0.398102	0.493811096
1531	0.397698	0.494141347
1532	0.397295	0.494471598
1533	0.396893	0.494801849
1534	0.396489	0.4951321
1535	0.396084	0.495462351
1536	0.39568	0.495792602
1537	0.395276	0.496122853
1538	0.394873	0.496453104
1539	0.39447	0.496783355
1540	0.394067	0.497113606
1541	0.393661	0.497443857
1542	0.393253	0.497774108
1543	0.392845	0.498104359
1544	0.392438	0.49843461
1545	0.392032	0.498764861
1546	0.391627	0.499095112
1547	0.391222	0.499425363
1548	0.390818	0.499755614
1549	0.390414	0.500085865
1550	0.39001	0.500416116
1551	0.389608	0.500746367
1552	0.389206	0.501076618
1553	0.388806	0.501406869
1554	0.388408	0.50173712
1555	0.38801	0.502067371
1556	0.387614	0.502397622
1557	0.387219	0.502727873
1558	0.386823	0.503058124
1559	0.386426	0.503388375
1560	0.386026	0.503718626
1561	0.385627	0.504048877
1562	0.385229	0.504379128
1563	0.384832	0.504709379
1564	0.384439	0.50503963
1565	0.384047	0.505369881
1566	0.383656	0.505700132
1567	0.383263	0.506030383
1568	0.382869	0.506360634
1569	0.382475	0.506690885
1570	0.382081	0.507021136
1571	0.381687	0.507351387
1572	0.381292	0.507681638
1573	0.380896	0.508011889
1574	0.3805	0.50834214
1575	0.380103	0.508672391
1576	0.379704	0.509002642
1577	0.379305	0.509332893
1578	0.378905	0.509663144
1579	0.378506	0.509993395
1580	0.378107	0.510323646
1581	0.377712	0.510653897
1582	0.37732	0.510984148
1583	0.376928	0.511314399
1584	0.376532	0.51164465
1585	0.376133	0.511974901
1586	0.375732	0.512305152
1587	0.375331	0.512635403
1588	0.374929	0.512965654
1589	0.374526	0.513295905
1590	0.374122	0.513626156
1591	0.373719	0.513956407
1592	0.37332	0.514286658
1593	0.372923	0.514616909
1594	0.372527	0.51494716
1595	0.37213	0.515277411
1596	0.371734	0.515607662
1597	0.371337	0.515937913
1598	0.370941	0.516268164
1599	0.370542	0.516598415
1600	0.370142	0.516928666
1601	0.369742	0.517258917
1602	0.369342	0.517589168
1603	0.368942	0.517919419
1604	0.368543	0.51824967
1605	0.368145	0.518579921
1606	0.367746	0.518910172
1607	0.367346	0.519240423
1608	0.366946	0.519570674
1609	0.366544	0.519900925
1610	0.366142	0.520231176
1611	0.365742	0.520561427
1612	0.365343	0.520891678
1613	0.364945	0.521221929
1614	0.364546	0.52155218
1615	0.364147	0.521882431
1616	0.363749	0.522212682
1617	0.363352	0.522542933
1618	0.362954	0.522873184
1619	0.362553	0.523203435
1620	0.362151	0.523533686
1621	0.361749	0.523863937
1622	0.361347	0.524194188
1623	0.360947	0.524524439
1624	0.360545	0.52485469
1625	0.360144	0.525184941
1626	0.359743	0.525515192
1627	0.359344	0.525845443
1628	0.358945	0.526175694
1629	0.358541	0.526505945
1630	0.358134	0.526836196
1631	0.357726	0.527166446
1632	0.357318	0.527496697
1633	0.356911	0.527826948
1634	0.356505	0.528157199
1635	0.356101	0.52848745
1636	0.355696	0.528817701
1637	0.35529	0.529147952
1638	0.354882	0.529478203
1639	0.354473	0.529808454
1640	0.354064	0.530138705
1641	0.353654	0.530468956
1642	0.353244	0.530799207
1643	0.352834	0.531129458
1644	0.352425	0.531459709
1645	0.352016	0.53178996
1646	0.351609	0.532120211
1647	0.351203	0.532450462
1648	0.350798	0.532780713
1649	0.350393	0.533110964
1650	0.349986	0.533441215
1651	0.349578	0.533771466
1652	0.349169	0.534101717
1653	0.34876	0.534431968
1654	0.348351	0.534762219
1655	0.347943	0.53509247
1656	0.347535	0.535422721
1657	0.347128	0.535752972
1658	0.346721	0.536083223
1659	0.346315	0.536413474
1660	0.345909	0.536743725
1661	0.345503	0.537073976
1662	0.345096	0.537404227
1663	0.344689	0.537734478
1664	0.344281	0.538064729
1665	0.343874	0.53839498
1666	0.343466	0.538725231
1667	0.343057	0.539055482
1668	0.342647	0.539385733
1669	0.342236	0.539715984
1670	0.341824	0.540046235
1671	0.341413	0.540376486
1672	0.341003	0.540706737
1673	0.340595	0.541036988
1674	0.340186	0.541367239
1675	0.339777	0.54169749
1676	0.33937	0.542027741
1677	0.338965	0.542357992
1678	0.33856	0.542688243
1679	0.338153	0.543018494
1680	0.337743	0.543348745
1681	0.337334	0.543678996
1682	0.336924	0.544009247
1683	0.336516	0.544339498
1684	0.336108	0.544669749
1685	0.335701	0.545
1686	0.335294	0.545330251
1687	0.334888	0.545660502
1688	0.334482	0.545990753
1689	0.334076	0.546321004
1690	0.33367	0.546651255
1691	0.333262	0.546981506
1692	0.332854	0.547311757
1693	0.332445	0.547642008
1694	0.332035	0.547972259
1695	0.331625	0.54830251
1696	0.331217	0.548632761
1697	0.330811	0.548963012
1698	0.330406	0.549293263
1699	0.330001	0.549623514
1700	0.329595	0.549953765
1701	0.329187	0.550284016
1702	0.328777	0.550614267
1703	0.328366	0.550944518
1704	0.327956	0.551274769
1705	0.327547	0.55160502
1706	0.327138	0.551935271
1707	0.32673	0.552265522
1708	0.326322	0.552595773
1709	0.325913	0.552926024
1710	0.325504	0.553256275
1711	0.325096	0.553586526
1712	0.32469	0.553916777
1713	0.324284	0.554247028
1714	0.323878	0.554577279
1715	0.323473	0.55490753
1716	0.323067	0.555237781
1717	0.322661	0.555568032
1718	0.322255	0.555898283
1719	0.321847	0.556228534
1720	0.321439	0.556558785
1721	0.321032	0.556889036
1722	0.320627	0.557219287
1723	0.320222	0.557549538
1724	0.319817	0.557879789
1725	0.319411	0.55821004
1726	0.319006	0.558540291
1727	0.318602	0.558870542
1728	0.318197	0.559200793
1729	0.317791	0.559531044
1730	0.317384	0.559861295
1731	0.316979	0.560191546
1732	0.316576	0.560521797
1733	0.316174	0.560852048
1734	0.315773	0.561182299
1735	0.31537	0.56151255
1736	0.314967	0.561842801
1737	0.314562	0.562173052
1738	0.314156	0.562503303
1739	0.313748	0.562833554
1740	0.313338	0.563163804
1741	0.312928	0.563494055
1742	0.312519	0.563824306
1743	0.31211	0.564154557
1744	0.311702	0.564484808
1745	0.311295	0.564815059
1746	0.310886	0.56514531
1747	0.310477	0.565475561
1748	0.310067	0.565805812
1749	0.309656	0.566136063
1750	0.309246	0.566466314
1751	0.308839	0.566796565
1752	0.308432	0.567126816
1753	0.308025	0.567457067
1754	0.307618	0.567787318
1755	0.30721	0.568117569
1756	0.306802	0.56844782
1757	0.306394	0.568778071
1758	0.305985	0.569108322
1759	0.305578	0.569438573
1760	0.305171	0.569768824
1761	0.304764	0.570099075
1762	0.304357	0.570429326
1763	0.303951	0.570759577
1764	0.303545	0.571089828
1765	0.30314	0.571420079
1766	0.302734	0.57175033
1767	0.302326	0.572080581
1768	0.301918	0.572410832
1769	0.301509	0.572741083
1770	0.301101	0.573071334
1771	0.300694	0.573401585
1772	0.300289	0.573731836
1773	0.299884	0.574062087
1774	0.299478	0.574392338
1775	0.299072	0.574722589
1776	0.298665	0.57505284
1777	0.298257	0.575383091
1778	0.29785	0.575713342
1779	0.297443	0.576043593
1780	0.297037	0.576373844
1781	0.296633	0.576704095
1782	0.296231	0.577034346
1783	0.29583	0.577364597
1784	0.295431	0.577694848
1785	0.295033	0.578025099
1786	0.294637	0.57835535
1787	0.294241	0.578685601
1788	0.293847	0.579015852
1789	0.293452	0.579346103
1790	0.293058	0.579676354
1791	0.292665	0.580006605
1792	0.292274	0.580336856
1793	0.291884	0.580667107
1794	0.291494	0.580997358
1795	0.291104	0.581327609
1796	0.290714	0.58165786
1797	0.290324	0.581988111
1798	0.289935	0.582318362
1799	0.289548	0.582648613
1800	0.289162	0.582978864
1801	0.288777	0.583309115
1802	0.288393	0.583639366
1803	0.288011	0.583969617
1804	0.28763	0.584299868
1805	0.287249	0.584630119
1806	0.286867	0.58496037
1807	0.286488	0.585290621
1808	0.286113	0.585620872
1809	0.285738	0.585951123
1810	0.285363	0.586281374
1811	0.284983	0.586611625
1812	0.284604	0.586941876
1813	0.284229	0.587272127
1814	0.283861	0.587602378
1815	0.283492	0.587932629
1816	0.283121	0.58826288
1817	0.282748	0.588593131
1818	0.282377	0.588923382
1819	0.282008	0.589253633
1820	0.281638	0.589583884
1821	0.281271	0.589914135
1822	0.280907	0.590244386
1823	0.280543	0.590574637
1824	0.28018	0.590904888
1825	0.279816	0.591235139
1826	0.279451	0.59156539
1827	0.279083	0.591895641
1828	0.278715	0.592225892
1829	0.27835	0.592556143
1830	0.277986	0.592886394
1831	0.277624	0.593216645
1832	0.277257	0.593546896
1833	0.27689	0.593877147
1834	0.276527	0.594207398
1835	0.276167	0.594537649
1836	0.27581	0.5948679
1837	0.275456	0.595198151
1838	0.275102	0.595528402
1839	0.274742	0.595858653
1840	0.27438	0.596188904
1841	0.274018	0.596519155
1842	0.273658	0.596849406
1843	0.273301	0.597179657
1844	0.272944	0.597509908
1845	0.272587	0.597840159
1846	0.272227	0.59817041
1847	0.271866	0.598500661
1848	0.271506	0.598830911
1849	0.271146	0.599161162
1850	0.270785	0.599491413
1851	0.270427	0.599821664
1852	0.270067	0.600151915
1853	0.269706	0.600482166
1854	0.269349	0.600812417
1855	0.268992	0.601142668
1856	0.268635	0.601472919
1857	0.268275	0.60180317
1858	0.267915	0.602133421
1859	0.267558	0.602463672
1860	0.267204	0.602793923
1861	0.266843	0.603124174
1862	0.266479	0.603454425
1863	0.266117	0.603784676
1864	0.265755	0.604114927
1865	0.265392	0.604445178
1866	0.265031	0.604775429
1867	0.264667	0.60510568
1868	0.264304	0.605435931
1869	0.263945	0.605766182
1870	0.263583	0.606096433
1871	0.263222	0.606426684
1872	0.262862	0.606756935
1873	0.262501	0.607087186
1874	0.262136	0.607417437
1875	0.261773	0.607747688
1876	0.261412	0.608077939
1877	0.261053	0.60840819
1878	0.260695	0.608738441
1879	0.260335	0.609068692
1880	0.259975	0.609398943
1881	0.259611	0.609729194
1882	0.259244	0.610059445
1883	0.258877	0.610389696
1884	0.258514	0.610719947
1885	0.25815	0.611050198
1886	0.257784	0.611380449
1887	0.25742	0.6117107
1888	0.257057	0.612040951
1889	0.256694	0.612371202
1890	0.256331	0.612701453
1891	0.255968	0.613031704
1892	0.255606	0.613361955
1893	0.255241	0.613692206
1894	0.254874	0.614022457
1895	0.254508	0.614352708
1896	0.254146	0.614682959
1897	0.253785	0.61501321
1898	0.253426	0.615343461
1899	0.253064	0.615673712
1900	0.252701	0.616003963
1901	0.252336	0.616334214
1902	0.251974	0.616664465
1903	0.251613	0.616994716
1904	0.251251	0.617324967
1905	0.250892	0.617655218
1906	0.250533	0.617985469
1907	0.250175	0.61831572
1908	0.249818	0.618645971
1909	0.249463	0.618976222
1910	0.249113	0.619306473
1911	0.248757	0.619636724
1912	0.248398	0.619966975
1913	0.248041	0.620297226
1914	0.247688	0.620627477
1915	0.24734	0.620957728
1916	0.246989	0.621287979
1917	0.246638	0.62161823
1918	0.246288	0.621948481
1919	0.245938	0.622278732
1920	0.24559	0.622608983
1921	0.245238	0.622939234
1922	0.244885	0.623269485
1923	0.244534	0.623599736
1924	0.244184	0.623929987
1925	0.243836	0.624260238
1926	0.243489	0.624590489
1927	0.243141	0.62492074
1928	0.242793	0.625250991
1929	0.242444	0.625581242
1930	0.242096	0.625911493
1931	0.241744	0.626241744
1932	0.241391	0.626571995
1933	0.241041	0.626902246
1934	0.240694	0.627232497
1935	0.240347	0.627562748
1936	0.239996	0.627892999
1937	0.239637	0.62822325
1938	0.239275	0.628553501
1939	0.23892	0.628883752
1940	0.238564	0.629214003
1941	0.238208	0.629544254
1942	0.237851	0.629874505
1943	0.237496	0.630204756
1944	0.237143	0.630535007
1945	0.236789	0.630865258
1946	0.236432	0.631195509
1947	0.236079	0.63152576
1948	0.235727	0.631856011
1949	0.235376	0.632186262
1950	0.235022	0.632516513
1951	0.234665	0.632846764
1952	0.234306	0.633177015
1953	0.233948	0.633507266
1954	0.233593	0.633837517
1955	0.233241	0.634167768
1956	0.232887	0.634498018
1957	0.232532	0.634828269
1958	0.232177	0.63515852
1959	0.231827	0.635488771
1960	0.231483	0.635819022
1961	0.231135	0.636149273
1962	0.230786	0.636479524
1963	0.230436	0.636809775
1964	0.230088	0.637140026
1965	0.229742	0.637470277
1966	0.229397	0.637800528
1967	0.229052	0.638130779
1968	0.228705	0.63846103
1969	0.228355	0.638791281
1970	0.228005	0.639121532
1971	0.227654	0.639451783
1972	0.227303	0.639782034
1973	0.226952	0.640112285
1974	0.226598	0.640442536
1975	0.226244	0.640772787
1976	0.22589	0.641103038
1977	0.225538	0.641433289
1978	0.225183	0.64176354
1979	0.224828	0.642093791
1980	0.224473	0.642424042
1981	0.22412	0.642754293
1982	0.223771	0.643084544
1983	0.223421	0.643414795
1984	0.223071	0.643745046
1985	0.222718	0.644075297
1986	0.222366	0.644405548
1987	0.222015	0.644735799
1988	0.221667	0.64506605
1989	0.221319	0.645396301
1990	0.220972	0.645726552
1991	0.220626	0.646056803
1992	0.220279	0.646387054
1993	0.219929	0.646717305
1994	0.219578	0.647047556
1995	0.219228	0.647377807
1996	0.218878	0.647708058
1997	0.218527	0.648038309
1998	0.218177	0.64836856
1999	0.217829	0.648698811
2000	0.217483	0.649029062
2001	0.217135	0.649359313
2002	0.216785	0.649689564
2003	0.216437	0.650019815
2004	0.216089	0.650350066
2005	0.215741	0.650680317
2006	0.215393	0.651010568
2007	0.215046	0.651340819
2008	0.214701	0.65167107
2009	0.214358	0.652001321
2010	0.214017	0.652331572
2011	0.213674	0.652661823
2012	0.213328	0.652992074
2013	0.212983	0.653322325
2014	0.21264	0.653652576
2015	0.212297	0.653982827
2016	0.211953	0.654313078
2017	0.211609	0.654643329
2018	0.211263	0.65497358
2019	0.210915	0.655303831
2020	0.210566	0.655634082
2021	0.210214	0.655964333
2022	0.209862	0.656294584
2023	0.209509	0.656624835
2024	0.209158	0.656955086
2025	0.208809	0.657285337
2026	0.208461	0.657615588
2027	0.208111	0.657945839
2028	0.207763	0.65827609
2029	0.207415	0.658606341
2030	0.207068	0.658936592
2031	0.20672	0.659266843
2032	0.206371	0.659597094
2033	0.206023	0.659927345
2034	0.205677	0.660257596
2035	0.205335	0.660587847
2036	0.204993	0.660918098
2037	0.204651	0.661248349
2038	0.204311	0.6615786
2039	0.203975	0.661908851
2040	0.20364	0.662239102
2041	0.203304	0.662569353
2042	0.202967	0.662899604
2043	0.202629	0.663229855
2044	0.20229	0.663560106
2045	0.20195	0.663890357
2046	0.201608	0.664220608
2047	0.201266	0.664550859
2048	0.200922	0.66488111
2049	0.200576	0.665211361
2050	0.200234	0.665541612
2051	0.199895	0.665871863
2052	0.199556	0.666202114
2053	0.199216	0.666532365
2054	0.198875	0.666862616
2055	0.198535	0.667192867
2056	0.198194	0.667523118
2057	0.197852	0.667853369
2058	0.19751	0.66818362
2059	0.197168	0.668513871
2060	0.196824	0.668844122
2061	0.196478	0.669174373
2062	0.19613	0.669504624
2063	0.195782	0.669834875
2064	0.195434	0.670165125
2065	0.195084	0.670495376
2066	0.194731	0.670825627
2067	0.194375	0.671155878
2068	0.194023	0.671486129
2069	0.193675	0.67181638
2070	0.193331	0.672146631
2071	0.192986	0.672476882
2072	0.19264	0.672807133
2073	0.192295	0.673137384
2074	0.191953	0.673467635
2075	0.191612	0.673797886
2076	0.191269	0.674128137
2077	0.190924	0.674458388
2078	0.190581	0.674788639
2079	0.190242	0.67511889
2080	0.189905	0.675449141
2081	0.189567	0.675779392
2082	0.189224	0.676109643
2083	0.188878	0.676439894
2084	0.188529	0.676770145
2085	0.18818	0.677100396
2086	0.187829	0.677430647
2087	0.187477	0.677760898
2088	0.187128	0.678091149
2089	0.186783	0.6784214
2090	0.18644	0.678751651
2091	0.186098	0.679081902
2092	0.185756	0.679412153
2093	0.185412	0.679742404
2094	0.185067	0.680072655
2095	0.184722	0.680402906
2096	0.184375	0.680733157
2097	0.184027	0.681063408
2098	0.18368	0.681393659
2099	0.183333	0.68172391
2100	0.182985	0.682054161
2101	0.182636	0.682384412
2102	0.18229	0.682714663
2103	0.181944	0.683044914
2104	0.181598	0.683375165
2105	0.18125	0.683705416
2106	0.180899	0.684035667
2107	0.180545	0.684365918
2108	0.180193	0.684696169
2109	0.179844	0.68502642
2110	0.179495	0.685356671
2111	0.179148	0.685686922
2112	0.178801	0.686017173
2113	0.178452	0.686347424
2114	0.178101	0.686677675
2115	0.177751	0.687007926
2116	0.177401	0.687338177
2117	0.17705	0.687668428
2118	0.176702	0.687998679
2119	0.176355	0.68832893
2120	0.176008	0.688659181
2121	0.175661	0.688989432
2122	0.175315	0.689319683
2123	0.174972	0.689649934
2124	0.174631	0.689980185
2125	0.174288	0.690310436
2126	0.173946	0.690640687
2127	0.173605	0.690970938
2128	0.173264	0.691301189
2129	0.172923	0.69163144
2130	0.172583	0.691961691
2131	0.172244	0.692291942
2132	0.171907	0.692622193
2133	0.171572	0.692952444
2134	0.171238	0.693282695
2135	0.170907	0.693612946
2136	0.170576	0.693943197
2137	0.170245	0.694273448
2138	0.169914	0.694603699
2139	0.169584	0.69493395
2140	0.169253	0.695264201
2141	0.16892	0.695594452
2142	0.168585	0.695924703
2143	0.168252	0.696254954
2144	0.16792	0.696585205
2145	0.167589	0.696915456
2146	0.167257	0.697245707
2147	0.166925	0.697575958
2148	0.166591	0.697906209
2149	0.166259	0.69823646
2150	0.165931	0.698566711
2151	0.165601	0.698896962
2152	0.165268	0.699227213
2153	0.164934	0.699557464
2154	0.164601	0.699887715
2155	0.164271	0.700217966
2156	0.163942	0.700548217
2157	0.163612	0.700878468
2158	0.163281	0.701208719
2159	0.162949	0.70153897
2160	0.162618	0.701869221
2161	0.162288	0.702199472
2162	0.161957	0.702529723
2163	0.161626	0.702859974
2164	0.161293	0.703190225
2165	0.160961	0.703520476
2166	0.160629	0.703850727
2167	0.160298	0.704180978
2168	0.159969	0.704511229
2169	0.159642	0.70484148
2170	0.159313	0.705171731
2171	0.15898	0.705501982
2172	0.158645	0.705832232
2173	0.158312	0.706162483
2174	0.157981	0.706492734
2175	0.157653	0.706822985
2176	0.157323	0.707153236
2177	0.156989	0.707483487
2178	0.156655	0.707813738
2179	0.156322	0.708143989
2180	0.155991	0.70847424
2181	0.155662	0.708804491
2182	0.155334	0.709134742
2183	0.155007	0.709464993
2184	0.154679	0.709795244
2185	0.154351	0.710125495
2186	0.154023	0.710455746
2187	0.153694	0.710785997
2188	0.153364	0.711116248
2189	0.153033	0.711446499
2190	0.152703	0.71177675
2191	0.152374	0.712107001
2192	0.152047	0.712437252
2193	0.151722	0.712767503
2194	0.1514	0.713097754
2195	0.15108	0.713428005
2196	0.150757	0.713758256
2197	0.150434	0.714088507
2198	0.150112	0.714418758
2199	0.149792	0.714749009
2200	0.149474	0.71507926
2201	0.149159	0.715409511
2202	0.148846	0.715739762
2203	0.148531	0.716070013
2204	0.148216	0.716400264
2205	0.147902	0.716730515
2206	0.147585	0.717060766
2207	0.147271	0.717391017
2208	0.146964	0.717721268
2209	0.146653	0.718051519
2210	0.146344	0.71838177
2211	0.146038	0.718712021
2212	0.145734	0.719042272
2213	0.145432	0.719372523
2214	0.145127	0.719702774
2215	0.144822	0.720033025
2216	0.14452	0.720363276
2217	0.14422	0.720693527
2218	0.143921	0.721023778
2219	0.143623	0.721354029
2220	0.143327	0.72168428
2221	0.143028	0.722014531
2222	0.142726	0.722344782
2223	0.142421	0.722675033
2224	0.142116	0.723005284
2225	0.141811	0.723335535
2226	0.141502	0.723665786
2227	0.141195	0.723996037
2228	0.140893	0.724326288
2229	0.140594	0.724656539
2230	0.140295	0.72498679
2231	0.139998	0.725317041
2232	0.139704	0.725647292
2233	0.13941	0.725977543
2234	0.139115	0.726307794
2235	0.138818	0.726638045
2236	0.13852	0.726968296
2237	0.138223	0.727298547
2238	0.137927	0.727628798
2239	0.137627	0.727959049
2240	0.137329	0.7282893
2241	0.137031	0.728619551
2242	0.136734	0.728949802
2243	0.136436	0.729280053
2244	0.13614	0.729610304
2245	0.135844	0.729940555
2246	0.135546	0.730270806
2247	0.135247	0.730601057
2248	0.134946	0.730931308
2249	0.134645	0.731261559
2250	0.134341	0.73159181
2251	0.134034	0.731922061
2252	0.133728	0.732252312
2253	0.133422	0.732582563
2254	0.133117	0.732912814
2255	0.132814	0.733243065
2256	0.13251	0.733573316
2257	0.132205	0.733903567
2258	0.1319	0.734233818
2259	0.131596	0.734564069
2260	0.131292	0.73489432
2261	0.130989	0.735224571
2262	0.130687	0.735554822
2263	0.130386	0.735885073
2264	0.130086	0.736215324
2265	0.129786	0.736545575
2266	0.129484	0.736875826
2267	0.129179	0.737206077
2268	0.128873	0.737536328
2269	0.128566	0.737866579
2270	0.128265	0.73819683
2271	0.127961	0.738527081
2272	0.127655	0.738857332
2273	0.127348	0.739187583
2274	0.127041	0.739517834
2275	0.126734	0.739848085
2276	0.126425	0.740178336
2277	0.126117	0.740508587
2278	0.125807	0.740838838
2279	0.125498	0.741169089
2280	0.12519	0.741499339
2281	0.124883	0.74182959
2282	0.124577	0.742159841
2283	0.124273	0.742490092
2284	0.123971	0.742820343
2285	0.123673	0.743150594
2286	0.123378	0.743480845
2287	0.123085	0.743811096
2288	0.122794	0.744141347
2289	0.122504	0.744471598
2290	0.122217	0.744801849
2291	0.121936	0.7451321
2292	0.121659	0.745462351
2293	0.121384	0.745792602
2294	0.121108	0.746122853
2295	0.120832	0.746453104
2296	0.120555	0.746783355
2297	0.120275	0.747113606
2298	0.119996	0.747443857
2299	0.119719	0.747774108
2300	0.119446	0.748104359
2301	0.119177	0.74843461
2302	0.11891	0.748764861
2303	0.118644	0.749095112
2304	0.118378	0.749425363
2305	0.118111	0.749755614
2306	0.117843	0.750085865
2307	0.117576	0.750416116
2308	0.117313	0.750746367
2309	0.117052	0.751076618
2310	0.11679	0.751406869
2311	0.116523	0.75173712
2312	0.11626	0.752067371
2313	0.115998	0.752397622
2314	0.115736	0.752727873
2315	0.115473	0.753058124
2316	0.115207	0.753388375
2317	0.114941	0.753718626
2318	0.114675	0.754048877
2319	0.114412	0.754379128
2320	0.114146	0.754709379
2321	0.113881	0.75503963
2322	0.113614	0.755369881
2323	0.113349	0.755700132
2324	0.113085	0.756030383
2325	0.112826	0.756360634
2326	0.112563	0.756690885
2327	0.112303	0.757021136
2328	0.112046	0.757351387
2329	0.111786	0.757681638
2330	0.111527	0.758011889
2331	0.111269	0.75834214
2332	0.111009	0.758672391
2333	0.11075	0.759002642
2334	0.110491	0.759332893
2335	0.110232	0.759663144
2336	0.109977	0.759993395
2337	0.109723	0.760323646
2338	0.109471	0.760653897
2339	0.109219	0.760984148
2340	0.108969	0.761314399
2341	0.108717	0.76164465
2342	0.108466	0.761974901
2343	0.108214	0.762305152
2344	0.107966	0.762635403
2345	0.107718	0.762965654
2346	0.107474	0.763295905
2347	0.107229	0.763626156
2348	0.106986	0.763956407
2349	0.106741	0.764286658
2350	0.106496	0.764616909
2351	0.10625	0.76494716
2352	0.106007	0.765277411
2353	0.105763	0.765607662
2354	0.105518	0.765937913
2355	0.10527	0.766268164
2356	0.105025	0.766598415
2357	0.10478	0.766928666
2358	0.104536	0.767258917
2359	0.10429	0.767589168
2360	0.104044	0.767919419
2361	0.1038	0.76824967
2362	0.103558	0.768579921
2363	0.103316	0.768910172
2364	0.103072	0.769240423
2365	0.102826	0.769570674
2366	0.10258	0.769900925
2367	0.102333	0.770231176
2368	0.102086	0.770561427
2369	0.101839	0.770891678
2370	0.101592	0.771221929
2371	0.101344	0.77155218
2372	0.101094	0.771882431
2373	0.100847	0.772212682
2374	0.100598	0.772542933
2375	0.100349	0.772873184
2376	0.100099	0.773203435
2377	0.099849	0.773533686
2378	0.099598	0.773863937
2379	0.099348	0.774194188
2380	0.099099	0.774524439
2381	0.098849	0.77485469
2382	0.0986	0.775184941
2383	0.09835	0.775515192
2384	0.0981	0.775845443
2385	0.09785	0.776175694
2386	0.097601	0.776505945
2387	0.097349	0.776836196
2388	0.0971	0.777166446
2389	0.096856	0.777496697
2390	0.096615	0.777826948
2391	0.096374	0.778157199
2392	0.096131	0.77848745
2393	0.095888	0.778817701
2394	0.09565	0.779147952
2395	0.095413	0.779478203
2396	0.095178	0.779808454
2397	0.094943	0.780138705
2398	0.094711	0.780468956
2399	0.094479	0.780799207
2400	0.094245	0.781129458
2401	0.094009	0.781459709
2402	0.093775	0.78178996
2403	0.093545	0.782120211
2404	0.093317	0.782450462
2405	0.093091	0.782780713
2406	0.092865	0.783110964
2407	0.092638	0.783441215
2408	0.092408	0.783771466
2409	0.092178	0.784101717
2410	0.091947	0.784431968
2411	0.091716	0.784762219
2412	0.091488	0.78509247
2413	0.091263	0.785422721
2414	0.091038	0.785752972
2415	0.09081	0.786083223
2416	0.090583	0.786413474
2417	0.090354	0.786743725
2418	0.090126	0.787073976
2419	0.089898	0.787404227
2420	0.089669	0.787734478
2421	0.089439	0.788064729
2422	0.089211	0.78839498
2423	0.088988	0.788725231
2424	0.088765	0.789055482
2425	0.088541	0.789385733
2426	0.088319	0.789715984
2427	0.088098	0.790046235
2428	0.087875	0.790376486
2429	0.087651	0.790706737
2430	0.087428	0.791036988
2431	0.087209	0.791367239
2432	0.086987	0.79169749
2433	0.086765	0.792027741
2434	0.086542	0.792357992
2435	0.08632	0.792688243
2436	0.086098	0.793018494
2437	0.085876	0.793348745
2438	0.085654	0.793678996
2439	0.085431	0.794009247
2440	0.085208	0.794339498
2441	0.084986	0.794669749
2442	0.084764	0.795
2443	0.084542	0.795330251
2444	0.084317	0.795660502
2445	0.084096	0.795990753
2446	0.083872	0.796321004
2447	0.083649	0.796651255
2448	0.083429	0.796981506
2449	0.083212	0.797311757
2450	0.082998	0.797642008
2451	0.082784	0.797972259
2452	0.082571	0.79830251
2453	0.08236	0.798632761
2454	0.082151	0.798963012
2455	0.081942	0.799293263
2456	0.081732	0.799623514
2457	0.081521	0.799953765
2458	0.081309	0.800284016
2459	0.081098	0.800614267
2460	0.080886	0.800944518
2461	0.080674	0.801274769
2462	0.080462	0.80160502
2463	0.080251	0.801935271
2464	0.08004	0.802265522
2465	0.079828	0.802595773
2466	0.079616	0.802926024
2467	0.079405	0.803256275
2468	0.079194	0.803586526
2469	0.078982	0.803916777
2470	0.078771	0.804247028
2471	0.07856	0.804577279
2472	0.07835	0.80490753
2473	0.078138	0.805237781
2474	0.077926	0.805568032
2475	0.077715	0.805898283
2476	0.077504	0.806228534
2477	0.077294	0.806558785
2478	0.077084	0.806889036
2479	0.076875	0.807219287
2480	0.076665	0.807549538
2481	0.076456	0.807879789
2482	0.076247	0.80821004
2483	0.076038	0.808540291
2484	0.07583	0.808870542
2485	0.075623	0.809200793
2486	0.075414	0.809531044
2487	0.075205	0.809861295
2488	0.074996	0.810191546
2489	0.074786	0.810521797
2490	0.074575	0.810852048
2491	0.074365	0.811182299
2492	0.074155	0.81151255
2493	0.073946	0.811842801
2494	0.073738	0.812173052
2495	0.073533	0.812503303
2496	0.07333	0.812833554
2497	0.073129	0.813163804
2498	0.072932	0.813494055
2499	0.072738	0.813824306
2500	0.072548	0.814154557
2501	0.072361	0.814484808
2502	0.072175	0.814815059
2503	0.071994	0.81514531
2504	0.071816	0.815475561
2505	0.071641	0.815805812
2506	0.071471	0.816136063
2507	0.071304	0.816466314
2508	0.071144	0.816796565
2509	0.070989	0.817126816
2510	0.070833	0.817457067
2511	0.070677	0.817787318
2512	0.070519	0.818117569
2513	0.070363	0.81844782
2514	0.070206	0.818778071
2515	0.070047	0.819108322
2516	0.069888	0.819438573
2517	0.06973	0.819768824
2518	0.069571	0.820099075
2519	0.06941	0.820429326
2520	0.069249	0.820759577
2521	0.069091	0.821089828
2522	0.068936	0.821420079
2523	0.06878	0.82175033
2524	0.068626	0.822080581
2525	0.068472	0.822410832
2526	0.068319	0.822741083
2527	0.06817	0.823071334
2528	0.068023	0.823401585
2529	0.067878	0.823731836
2530	0.067734	0.824062087
2531	0.06759	0.824392338
2532	0.067447	0.824722589
2533	0.067303	0.82505284
2534	0.06716	0.825383091
2535	0.067016	0.825713342
2536	0.06687	0.826043593
2537	0.066725	0.826373844
2538	0.06658	0.826704095
2539	0.066432	0.827034346
2540	0.066287	0.827364597
2541	0.066144	0.827694848
2542	0.066002	0.828025099
2543	0.065859	0.82835535
2544	0.065719	0.828685601
2545	0.065578	0.829015852
2546	0.065436	0.829346103
2547	0.065297	0.829676354
2548	0.065156	0.830006605
2549	0.065012	0.830336856
2550	0.064867	0.830667107
2551	0.064722	0.830997358
2552	0.064577	0.831327609
2553	0.064432	0.83165786
2554	0.064293	0.831988111
2555	0.064155	0.832318362
2556	0.064021	0.832648613
2557	0.063886	0.832978864
2558	0.063749	0.833309115
2559	0.063611	0.833639366
2560	0.063473	0.833969617
2561	0.063333	0.834299868
2562	0.063194	0.834630119
2563	0.063053	0.83496037
2564	0.062911	0.835290621
2565	0.062769	0.835620872
2566	0.062628	0.835951123
2567	0.062486	0.836281374
2568	0.06235	0.836611625
2569	0.062213	0.836941876
2570	0.062077	0.837272127
2571	0.06194	0.837602378
2572	0.061803	0.837932629
2573	0.061664	0.83826288
2574	0.061526	0.838593131
2575	0.061392	0.838923382
2576	0.061261	0.839253633
2577	0.061132	0.839583884
2578	0.061005	0.839914135
2579	0.060877	0.840244386
2580	0.060749	0.840574637
2581	0.060621	0.840904888
2582	0.060493	0.841235139
2583	0.060366	0.84156539
2584	0.060237	0.841895641
2585	0.060108	0.842225892
2586	0.059977	0.842556143
2587	0.059847	0.842886394
2588	0.059717	0.843216645
2589	0.059587	0.843546896
2590	0.059458	0.843877147
2591	0.05933	0.844207398
2592	0.059201	0.844537649
2593	0.059072	0.8448679
2594	0.058944	0.845198151
2595	0.058815	0.845528402
2596	0.058687	0.845858653
2597	0.058558	0.846188904
2598	0.05843	0.846519155
2599	0.058301	0.846849406
2600	0.058174	0.847179657
2601	0.058046	0.847509908
2602	0.057919	0.847840159
2603	0.057792	0.84817041
2604	0.057667	0.848500661
2605	0.057542	0.848830911
2606	0.057416	0.849161162
2607	0.057291	0.849491413
2608	0.057166	0.849821664
2609	0.057043	0.850151915
2610	0.05692	0.850482166
2611	0.056798	0.850812417
2612	0.056677	0.851142668
2613	0.056558	0.851472919
2614	0.05644	0.85180317
2615	0.056325	0.852133421
2616	0.05621	0.852463672
2617	0.056097	0.852793923
2618	0.055984	0.853124174
2619	0.055872	0.853454425
2620	0.055763	0.853784676
2621	0.055653	0.854114927
2622	0.055545	0.854445178
2623	0.055437	0.854775429
2624	0.05533	0.85510568
2625	0.055224	0.855435931
2626	0.055119	0.855766182
2627	0.055015	0.856096433
2628	0.054912	0.856426684
2629	0.054812	0.856756935
2630	0.054713	0.857087186
2631	0.054616	0.857417437
2632	0.05452	0.857747688
2633	0.054424	0.858077939
2634	0.054327	0.85840819
2635	0.054233	0.858738441
2636	0.054143	0.859068692
2637	0.054057	0.859398943
2638	0.053977	0.859729194
2639	0.053904	0.860059445
2640	0.053838	0.860389696
2641	0.053775	0.860719947
2642	0.053718	0.861050198
2643	0.053662	0.861380449
2644	0.053606	0.8617107
2645	0.05355	0.862040951
2646	0.053497	0.862371202
2647	0.053447	0.862701453
2648	0.053397	0.863031704
2649	0.053348	0.863361955
2650	0.053297	0.863692206
2651	0.053246	0.864022457
2652	0.053194	0.864352708
2653	0.053141	0.864682959
2654	0.053086	0.86501321
2655	0.05303	0.865343461
2656	0.052976	0.865673712
2657	0.052925	0.866003963
2658	0.052874	0.866334214
2659	0.052823	0.866664465
2660	0.052773	0.866994716
2661	0.052726	0.867324967
2662	0.052682	0.867655218
2663	0.052639	0.867985469
2664	0.052593	0.86831572
2665	0.052545	0.868645971
2666	0.052497	0.868976222
2667	0.052455	0.869306473
2668	0.052417	0.869636724
2669	0.052379	0.869966975
2670	0.05234	0.870297226
2671	0.052302	0.870627477
2672	0.052262	0.870957728
2673	0.052218	0.871287979
2674	0.052177	0.87161823
2675	0.052139	0.871948481
2676	0.052103	0.872278732
2677	0.05207	0.872608983
2678	0.052036	0.872939234
2679	0.052002	0.873269485
2680	0.051964	0.873599736
2681	0.051926	0.873929987
2682	0.051884	0.874260238
2683	0.05184	0.874590489
2684	0.0518	0.87492074
2685	0.051762	0.875250991
2686	0.051728	0.875581242
2687	0.051692	0.875911493
2688	0.051654	0.876241744
2689	0.051615	0.876571995
2690	0.051577	0.876902246
2691	0.051545	0.877232497
2692	0.051513	0.877562748
2693	0.051481	0.877892999
2694	0.051448	0.87822325
2695	0.051415	0.878553501
2696	0.051383	0.878883752
2697	0.05135	0.879214003
2698	0.051317	0.879544254
2699	0.051283	0.879874505
2700	0.051252	0.880204756
2701	0.051222	0.880535007
2702	0.051193	0.880865258
2703	0.051164	0.881195509
2704	0.051135	0.88152576
2705	0.051107	0.881856011
2706	0.051081	0.882186262
2707	0.051058	0.882516513
2708	0.051037	0.882846764
2709	0.051018	0.883177015
2710	0.051	0.883507266
2711	0.050983	0.883837517
2712	0.050967	0.884167768
2713	0.050951	0.884498018
2714	0.050936	0.884828269
2715	0.050923	0.88515852
2716	0.050908	0.885488771
2717	0.050895	0.885819022
2718	0.050884	0.886149273
2719	0.050874	0.886479524
2720	0.050864	0.886809775
2721	0.050856	0.887140026
2722	0.050848	0.887470277
2723	0.050842	0.887800528
2724	0.050837	0.888130779
2725	0.050834	0.88846103
2726	0.050832	0.888791281
2727	0.050831	0.889121532
2728	0.050832	0.889451783
2729	0.050836	0.889782034
2730	0.050842	0.890112285
2731	0.050847	0.890442536
2732	0.050853	0.890772787
2733	0.050861	0.891103038
2734	0.05087	0.891433289
2735	0.050879	0.89176354
2736	0.050889	0.892093791
2737	0.050897	0.892424042
2738	0.050907	0.892754293
2739	0.050917	0.893084544
2740	0.050927	0.893414795
2741	0.050938	0.893745046
2742	0.05095	0.894075297
2743	0.050965	0.894405548
2744	0.050982	0.894735799
2745	0.051	0.89506605
2746	0.051018	0.895396301
2747	0.051038	0.895726552
2748	0.051061	0.896056803
2749	0.051084	0.896387054
2750	0.051109	0.896717305
2751	0.051138	0.897047556
2752	0.051171	0.897377807
2753	0.051208	0.897708058
2754	0.051249	0.898038309
2755	0.051293	0.89836856
2756	0.051336	0.898698811
2757	0.051378	0.899029062
2758	0.051421	0.899359313
2759	0.051467	0.899689564
2760	0.051513	0.900019815
2761	0.051559	0.900350066
2762	0.051609	0.900680317
2763	0.05166	0.901010568
2764	0.051712	0.901340819
2765	0.051765	0.90167107
2766	0.051816	0.902001321
2767	0.05187	0.902331572
2768	0.051925	0.902661823
2769	0.051977	0.902992074
2770	0.052029	0.903322325
2771	0.052083	0.903652576
2772	0.052135	0.903982827
2773	0.052186	0.904313078
2774	0.05224	0.904643329
2775	0.052297	0.90497358
2776	0.052349	0.905303831
2777	0.0524	0.905634082
2778	0.052449	0.905964333
2779	0.052501	0.906294584
2780	0.052559	0.906624835
2781	0.052621	0.906955086
2782	0.052686	0.907285337
2783	0.052752	0.907615588
2784	0.052816	0.907945839
2785	0.052883	0.90827609
2786	0.052948	0.908606341
2787	0.053013	0.908936592
2788	0.053079	0.909266843
2789	0.053145	0.909597094
2790	0.05321	0.909927345
2791	0.053275	0.910257596
2792	0.05334	0.910587847
2793	0.053406	0.910918098
2794	0.053472	0.911248349
2795	0.05354	0.9115786
2796	0.053608	0.911908851
2797	0.053677	0.912239102
2798	0.053746	0.912569353
2799	0.053817	0.912899604
2800	0.053888	0.913229855
2801	0.053961	0.913560106
2802	0.054036	0.913890357
2803	0.054112	0.914220608
2804	0.054188	0.914550859
2805	0.054265	0.91488111
2806	0.054343	0.915211361
2807	0.054423	0.915541612
2808	0.054503	0.915871863
2809	0.054583	0.916202114
2810	0.054665	0.916532365
2811	0.05475	0.916862616
2812	0.05484	0.917192867
2813	0.054931	0.917523118
2814	0.055026	0.917853369
2815	0.055125	0.91818362
2816	0.055227	0.918513871
2817	0.055332	0.918844122
2818	0.05544	0.919174373
2819	0.055547	0.919504624
2820	0.055653	0.919834875
2821	0.055763	0.920165125
2822	0.055874	0.920495376
2823	0.055986	0.920825627
2824	0.056103	0.921155878
2825	0.056219	0.921486129
2826	0.056335	0.92181638
2827	0.056448	0.922146631
2828	0.056562	0.922476882
2829	0.056676	0.922807133
2830	0.056788	0.923137384
2831	0.056902	0.923467635
2832	0.05702	0.923797886
2833	0.057142	0.924128137
2834	0.057267	0.924458388
2835	0.057391	0.924788639
2836	0.057514	0.92511889
2837	0.057636	0.925449141
2838	0.057759	0.925779392
2839	0.057883	0.926109643
2840	0.058007	0.926439894
2841	0.058132	0.926770145
2842	0.058257	0.927100396
2843	0.058384	0.927430647
2844	0.058515	0.927760898
2845	0.058649	0.928091149
2846	0.058787	0.9284214
2847	0.058928	0.928751651
2848	0.05907	0.929081902
2849	0.059213	0.929412153
2850	0.059356	0.929742404
2851	0.059498	0.930072655
2852	0.059639	0.930402906
2853	0.059781	0.930733157
2854	0.059923	0.931063408
2855	0.060068	0.931393659
2856	0.060214	0.93172391
2857	0.060361	0.932054161
2858	0.06051	0.932384412
2859	0.06066	0.932714663
2860	0.060811	0.933044914
2861	0.060965	0.933375165
2862	0.06112	0.933705416
2863	0.061278	0.934035667
2864	0.061435	0.934365918
2865	0.061594	0.934696169
2866	0.061752	0.93502642
2867	0.061911	0.935356671
2868	0.062071	0.935686922
2869	0.062232	0.936017173
2870	0.062393	0.936347424
2871	0.062554	0.936677675
2872	0.062717	0.937007926
2873	0.06288	0.937338177
2874	0.063044	0.937668428
2875	0.063208	0.937998679
2876	0.063373	0.93832893
2877	0.06354	0.938659181
2878	0.063707	0.938989432
2879	0.063876	0.939319683
2880	0.064047	0.939649934
2881	0.06422	0.939980185
2882	0.064394	0.940310436
2883	0.06457	0.940640687
2884	0.064747	0.940970938
2885	0.064926	0.941301189
2886	0.065106	0.94163144
2887	0.065288	0.941961691
2888	0.065471	0.942291942
2889	0.065657	0.942622193
2890	0.065845	0.942952444
2891	0.066036	0.943282695
2892	0.066229	0.943612946
2893	0.066426	0.943943197
2894	0.066627	0.944273448
2895	0.066833	0.944603699
2896	0.067044	0.94493395
2897	0.067261	0.945264201
2898	0.067483	0.945594452
2899	0.06771	0.945924703
2900	0.067942	0.946254954
2901	0.068176	0.946585205
2902	0.068411	0.946915456
2903	0.068646	0.947245707
2904	0.068882	0.947575958
2905	0.069118	0.947906209
2906	0.069356	0.94823646
2907	0.069599	0.948566711
2908	0.069842	0.948896962
2909	0.070086	0.949227213
2910	0.070331	0.949557464
2911	0.070576	0.949887715
2912	0.070822	0.950217966
2913	0.07107	0.950548217
2914	0.071321	0.950878468
2915	0.071573	0.951208719
2916	0.071825	0.95153897
2917	0.072078	0.951869221
2918	0.07233	0.952199472
2919	0.072581	0.952529723
2920	0.072835	0.952859974
2921	0.073091	0.953190225
2922	0.07335	0.953520476
2923	0.073611	0.953850727
2924	0.073872	0.954180978
2925	0.074136	0.954511229
2926	0.074401	0.95484148
2927	0.074668	0.955171731
2928	0.074939	0.955501982
2929	0.075211	0.955832232
2930	0.075487	0.956162483
2931	0.075764	0.956492734
2932	0.07604	0.956822985
2933	0.076319	0.957153236
2934	0.076597	0.957483487
2935	0.076875	0.957813738
2936	0.077156	0.958143989
2937	0.077441	0.95847424
2938	0.077729	0.958804491
2939	0.078021	0.959134742
2940	0.078313	0.959464993
2941	0.078605	0.959795244
2942	0.078899	0.960125495
2943	0.079192	0.960455746
2944	0.079485	0.960785997
2945	0.079782	0.961116248
2946	0.080082	0.961446499
2947	0.080386	0.96177675
2948	0.080693	0.962107001
2949	0.080999	0.962437252
2950	0.081303	0.962767503
2951	0.081604	0.963097754
2952	0.081906	0.963428005
2953	0.082211	0.963758256
2954	0.082519	0.964088507
2955	0.082829	0.964418758
2956	0.083139	0.964749009
2957	0.08345	0.96507926
2958	0.083761	0.965409511
2959	0.084071	0.965739762
2960	0.084381	0.966070013
2961	0.084694	0.966400264
2962	0.08501	0.966730515
2963	0.085328	0.967060766
2964	0.085646	0.967391017
2965	0.085964	0.967721268
2966	0.086283	0.968051519
2967	0.086607	0.96838177
2968	0.086933	0.968712021
2969	0.087263	0.969042272
2970	0.087593	0.969372523
2971	0.087922	0.969702774
2972	0.088252	0.970033025
2973	0.088583	0.970363276
2974	0.088915	0.970693527
2975	0.089247	0.971023778
2976	0.08958	0.971354029
2977	0.089914	0.97168428
2978	0.090249	0.972014531
2979	0.090585	0.972344782
2980	0.090923	0.972675033
2981	0.091263	0.973005284
2982	0.091603	0.973335535
2983	0.091944	0.973665786
2984	0.092287	0.973996037
2985	0.092631	0.974326288
2986	0.092976	0.974656539
2987	0.093324	0.97498679
2988	0.093673	0.975317041
2989	0.094023	0.975647292
2990	0.094374	0.975977543
2991	0.094728	0.976307794
2992	0.095082	0.976638045
2993	0.095439	0.976968296
2994	0.095798	0.977298547
2995	0.096158	0.977628798
2996	0.096519	0.977959049
2997	0.096882	0.9782893
2998	0.097248	0.978619551
2999	0.097615	0.978949802
3000	0.097984	0.979280053
3001	0.098353	0.979610304
3002	0.098726	0.979940555
3003	0.099101	0.980270806
3004	0.099478	0.980601057
3005	0.099857	0.980931308
3006	0.100238	0.981261559
3007	0.100621	0.98159181
3008	0.101006	0.981922061
3009	0.101394	0.982252312
3010	0.101783	0.982582563
3011	0.102175	0.982912814
3012	0.102568	0.983243065
3013	0.102963	0.983573316
3014	0.103361	0.983903567
3015	0.103761	0.984233818
3016	0.104163	0.984564069
3017	0.104568	0.98489432
3018	0.104975	0.985224571
3019	0.105383	0.985554822
3020	0.105792	0.985885073
3021	0.106202	0.986215324
3022	0.106614	0.986545575
3023	0.107028	0.986875826
3024	0.107443	0.987206077
3025	0.107862	0.987536328
3026	0.108282	0.987866579
3027	0.108705	0.98819683
3028	0.109129	0.988527081