#0	-51	1
8.79	64.91	1
9.86	85.96	1
11.34	113.27	1
12.46	133.47	0.53
12.78	139.96	1
18.83	254.13	1
19.82	276.22	1
21.34	307.61	1
22.43	328.1	1
23.39	349.12	1
29.92	490.3	2
35.06	603.92	2
37.66	663.26	2
38.05	672.75	2
38.37	680.22	2
38.8	691.14	1
40	719.44	2
42.48	777.8	2
48.07	910.35	2
49.62	956	2
53.28	1045	2
58.05	1175.01	1
61.66	1267.27	2.2
65.45	1373.98	2.4
66.7	1408.43	2.5
68.27	1455.22	2.6
70.3	1514.57	2.8
74.85	1645.3	3.1
76.09	1683.39	3.1
78.2	1742.91	3.3
79.45	1779.12	3.4
80.35	1806.3	3.4
83.92	1918.25	3.7
85.62	1969.17	3.8
86.65	1995.16	3.9
88.34	2048.17	4
91.87	2161.03	4.2
93.04	2196.63	4.3
98.59	2375.01	4.7
99.95	2418.45	4.8
101.56	2468.95	4.9
103.44	2529.87	5.2
107.79	2670.88	6
115.72	2947.66	7.6
121.09	3121.07	8.7
123.21	3202.82	9.1
126.23	3309.88	9.8
127.53	3355.54	10
131.67	3499.88	10.9
132.25	3518.88	11
134.74	3603.76	11.5
136.55	3667	11.9
140.84	3816.01	12.7
141.16	3827.44	12.8
142.44	3872.32	13.1
143.95	3923.9	13.4
145.78	3987.76	13.776
152.48	4221.87	15.1
154.91	4305.1	15.6
156.21	4351.87	15.9
156.77	4371.9	16
157.73	4405.88	16.2
158.89	4444.18	16.4
161.13	4522.74	16.9
164.31	4632.83	17.5
165.23	4665.44	17.7
170.8	4859.17	18.9
173.93	4964.03	19.5
176.83	5066.89	20.1
177.75	5100.11	20.3
181.71	5240.17	21.1
184.03	5322.03	21.6
185.09	5360.86	21.8
188.03	5466.47	22.447
190.59	5555.98	23
191.79	5598.24	23.2
192.25	5615.05	23.3
193.63	5662.83	23.6
199.99	5885.86	24.9
200.99	5918.87	25.1
202.53	5975.5	25.4
204.91	6060.1	25.9
206.73	6124.94	26.3
207.87	6163.99	26.599
209.25	6213.28	26.8
211.03	6281.99	27.2
211.89	6311.37	27.4
212.25	6325.5	27.5
213.17	6355.95	27.7
215.61	6448.8	28.2
216.47	6479.78	28.4
218.37	6552.12	28.8
221.17	6652.74	29.4
221.41	6661.7	29.5
227.75	6893.23	30.8
235.47	7176.43	32.5
237.27	7240.11	32.9
240.47	7356.91	33.6
241.91	7411.99	33.9
246.25	7571.86	34.8
252.19	7792.22	36.1
254.03	7859.07	36.5
254.33	7870.23	36.6
262.55	8176.91	38.4
263.83	8227.93	38.7
264.39	8249.6	38.8
264.87	8266.85	38.9
266.31	8320.43	39.2
267.41	8361.86	39.5
269.45	8439.58	39.9
272.39	8551.39	40.6
274.03	8612.66	41
280.67	8860.23	42.4
282.87	8941.2	42.9
286.37	9063.7	43.6
287.53	9098.28	43.8
288.41	9132.28	44
290.31	9205.35	44.4
293.19	9312.59	45.1
293.73	9331.22	45.2
294.29	9351.12	45.3
296.89	9446.23	45.9
301.45	9605.66	46.8
303.53	9680.43	47.2
304.73	9724.6	47.5
305.49	9753.31	47.7
306.43	9788.57	47.9
307.81	9836.78	48.2
311.93	9983.09	49
312.89	10018.42	49.2
314.07	10062.15	49.5
314.61	10079.73	49.6
315.53	10114.05	49.8
318.97	10236.07	50.5
320.25	10277.23	50.723
321.53	10323.25	51
322.43	10355.47	51.2
323.29	10386.07	51.4
323.69	10400.8	51.5
324.59	10431.32	51.7
325.63	10467.49	51.9
326.45	10496.37	52
330.53	10640.32	52.9
332.89	10727.04	53.4
337.85	10909.18	54.5
339.23	10956.08	54.7
339.93	10982.78	54.9
342.75	11087.71	57.271
343.03	11098.35	57.5
343.89	11130.12	58.312
344.67	11157.45	59.045
344.85	11164.58	59.2
345.07	11172.57	59.4
345.47	11186.94	59.8
346.49	11224.41	60.8
348.55	11297.65	62.665
349.79	11342.15	63.8
350.47	11364.54	64.4
351.67	11410.8	65.58
352.47	11438.18	66.3
352.65	11443.73	66.4
365.21	11885.96	77.8
369.57	12063.11	82.311
371.55	12135.7	84.2
371.73	12143.97	84.4
372.3	12164.1	84.91
376.85	12341.28	89.5
379.55	12452.79	92.379
380.81	12508.2	93.8
385.01	12688.94	98.4
388.31	12847.05	102.5
389.11	12883.52	103.4
389.75	12915.58	104.258
390.37	12947.67	105.1
394.33	13135.75	109.9
399.73	13380.88	116.2
402.35	13508.66	119.5
404.45	13616.56	122.3
406.46	13705.64	124.6
407.8	13770.52	126.252
408.44	13800.6	127
410.02	13884.14	129.2
414.06	14079.63	134.2
417.95	14274.68	139.2
419.68	14354.46	141.246
422.21	14476.78	144.4
424.41	14581.78	145.8
425.14	14613.47	146.1
425.59	14637.93	146.4
427.59	14733.38	147.3
427.86	14749.79	147.5
428.78	14792.04	147.9
430.06	14849.17	148.5
430.83	14883.37	148.8
431.18	14901.61	149
431.78	14931.4	149.3
432.29	14953.32	149.5
432.92	14978.25	149.8
433.6	15009.86	150.1
434.35	15048.89	150.5
435.23	15091.58	150.9
436.67	15160.48	151.6
437.16	15184.17	151.817
437.45	15197.41	152
441.9	15416.51	154.2
452.55	15950.28	159.5
455.46	16133.24	161.3
455.98	16163.56	161.6
457.2	16233.91	162.3
458.66	16328.18	163.3
459.03	16352.89	163.5
459.83	16405.1	164.1
464.53	16664.84	166.684
464.81	16682.84	166.8
472.67	17177.3	171.8
482.92	17839.24	178.4
484.42	17940.52	179.4
485.07	17985.97	179.9
485.42	18005.2	180.1
485.96	18045.75	180.5
488.82	18257.11	182.6
489.08	18275.8	182.8
491.7	18458.85	184.6
492.55	18516.92	185.2
493.14	18558.35	185.6
493.39	18576.47	185.8
496.95	18810.43	188.1
500.15	19052	190.5
504.06	19345.9	193.5
505.75	19481.81	194.8
506.33	19528.09	195.3
511.51	19945.33	199.5
515.06	20226.66	202.3
515.29	20238.79	202.4
515.5	20255.79	202.6
515.81	20279.61	202.8
517.21	20389.8	203.9
519.6	20583.58	205.8
523.73	20882.6	208.8
523.93	20896.1	209
525.14	20989.13	209.9
526.36	21084.51	210.851
528.69	21267.62	212.7
531.08	21445.55	214.5
532.12	21530.72	215.3
536.09	21831.2	218.3
539.54	22079.92	220.8
542.1	22274.29	222.729
544.2	22434.14	224.314
545.21	22501.84	225
548.78	22764.59	227.659
550.42	22881.24	228.8
551.02	22923.37	229.2
554.98	23200.5	232
557.89	23405.38	234.1
559.11	23495.66	235
559.79	23542.9	235.4
560.24	23577.58	235.8
562.19	23714.46	237.146
563.02	23772.73	237.7
564.82	23910.91	239.1
565.9	23985.12	239.9
571.65	24435.85	244.4
572.6	24519.62	245.2
572.82	24539.47	245.4
572.97	24549.16	245.5
573.74	24608.04	246.1
575.87	24785.9	247.9
576.44	24836.45	248.4
577.18	24896.49	249
577.91	24954.82	249.582
578.55	25006.38	250.1
579.65	25104.75	251.075
580.4	25157.87	251.6
580.58	25173.36	251.7
580.8	25192.07	251.9
582.09	25300.56	253
582.23	25316.09	253.2
582.65	25343.79	253.4
583.26	25393.32	253.9
583.76	25436.45	254.4
585.42	25569.9	255.7
586.02	25620.44	256.2
586.85	25691.93	256.9
588.03	25788.89	257.9
588.11	25798.77	258
589.26	25896.77	259
589.63	25927.95	259.3
589.97	25955.38	259.6
590.12	25964.08	259.608
590.41	25994.39	259.939
590.87	26035.88	260.4
592.45	26164.7	261.67
594	26293.36	262.9
594.91	26368.32	263.7
596.46	26501.89	265
598.05	26630.67	266.3
599.76	26778.39	267.8
601.89	26965.94	269.7
602.06	26978.27	269.8
603.07	27078.31	270.8
603.43	27111.9	271.1
609.46	27625.26	276.3
610.86	27732.58	277.3
611.42	27782.81	277.8
612.99	27915.97	279.2
615.03	28085.56	280.9
616.68	28216.5	282.2
618.18	28333.6	283.3
619.2	28418.63	284.2
619.88	28484.39	284.839
621.67	28632.91	286.3
623.93	28792.8	287.9
626.03	28942.11	289.4
626.42	28977.63	289.8
627.29	29043.7	290.4
636.03	29670.93	296.7
636.57	29708.45	297.1
643.66	30205.16	302.1
646.85	30437.91	304.4
647.13	30459	304.6
656.23	31092	310.9
659.63	31324.14	356.2
661.91	31504.26	353.5
666.43	31925.67	346.7
671.19	32426.42	332.9
671.95	32504.9	330.5
672.38	32546.55	329
674.21	32722.1	329.11
675.11	32792.19	337.519
681.39	33280	412.2
681.76	33311.92	417.684
681.95	33325.79	419.979
682.73	33385.79	430.158
692.39	34170.25	527.375
694.81	34380.32	522
698.63	34723.35	515.8
699.3	34761.96	514.804
700.07	34830.04	513
701.25	34921.71	510.6
701.43	34939.86	510.1
702.61	35027.14	507.286
703.24	35073.9	505.51
706.43	35311	496.8
707.94	35429.07	491.7
709.11	35512.21	488
711.79	35704.46	475.354
712.92	35776.14	470.186
714.39	35880.85	462.7
715.11	35928.22	459.478
715.92	35975.78	456.5
716.31	36012.08	454.392
716.73	36041.42	452.7
717.05	36061	451.6
717.44	36088.38	449.9
718.47	36157.88	445.8
719.13	36202.6	443.24
721.93	36398.63	431.737
724.43	36571.22	422.178
727.4	36763.13	411.487
727.9	36799.22	409.878
728.61	36848.77	407.7
729.68	36927.96	403.9
733.37	37193.95	389.105
733.61	37212.05	387.995
733.81	37225.18	387.2
734.4	37268.7	384.63
734.97	37306.32	382.4
735.63	37367.14	378.886
737.53	37508.05	370.195
744.11	38013.52	336.348
744.47	38046.74	334
746.01	38168.96	325.504
746.27	38187.91	324.209
746.75	38226.48	321.652
750.22	38459.92	319.792
751.55	38550.71	322.4
751.97	38573.36	323.136
752.19	38588.58	323.7
753.16	38655.75	326.3
755.51	38836.12	333.8
756.93	38934.64	337.964
758.31	39016.4	341.7
759.15	39069.28	344.4
760.44	39144.28	348.4
762.38	39269.5	355.1
763.76	39349.88	359.4
767.55	39587.54	371.654
767.89	39612.3	372.9
768.09	39621.71	373.371
769.04	39693.13	376.913
772.97	39963.57	388.9
775.39	40154.57	395.8
776.61	40251.05	399.1
778.97	40414.5	397.25
784.22	40883.3	385.5
786.14	41035.19	383.7
787.8	41171.41	382.2
789.43	41290.95	380.605
791.17	41419.78	378.9
792.49	41509.05	377.8
796.07	41790.55	367.045
799.67	42053.15	353.185
800.59	42125.43	349.2
800.91	42153.55	347.6
801.51	42196.3	345.2
801.91	42235.4	343.2
802.43	42274.8	341.22
804.17	42404.45	335.2
805.88	42557.37	328.3
807.55	42693	321.9
808.71	42785.26	316.674
810.91	42967.79	306.6
812.14	43069.47	301.053
814.41	43255.79	290.3
815.09	43310.47	287.3
816.03	43392.95	282.505
817.31	43495.79	276.721
817.61	43522.53	275.347
818.55	43598.63	271
819.1	43635.32	269.7
821.02	43774	273.2
826.47	44202.58	289.158
827.63	44321.94	293.8
829.11	44438.53	298.7
830.92	44584.58	305.4
831.73	44641.16	308
832.67	44723.74	311.774
834.61	44882.39	317.8
836.74	45065.58	323.9
837.69	45143.5	326.6
842.17	45511.79	339.6
843.43	45618.44	342.844
844.48	45713.06	345.806
844.82	45744.22	346.7
846.4	45879.63	350.7
847.25	45951.61	352.961
848.43	46056.06	355.8
849.81	46175.37	358.837
852.62	46423.16	364.8
854.95	46631	369.4
855.54	46684.42	370.6
856.53	46776.58	372.4
857.96	46895.95	374.8
858.99	46978.11	376.5
860.61	47112.95	379.4
861.33	47171.42	380.942
863.11	47309.1	382.8
864.06	47379.5	381.5
864.99	47458.65	380.2
865.41	47491.85	379.7
866.93	47596.4	378.5
867.63	47657.15	378.1
867.87	47671.55	378
874.21	48085.55	378.9
875.67	48203.9	380.59
877.06	48287.05	382.105
878.73	48409.56	384.7
879.79	48492.06	386.1
880.4	48534.76	386.6
883.54	48776.94	386.4
885.19	48937.13	382.4
886.58	49067.71	377.3
886.89	49096.57	376.143
887.76	49161.43	371.457
889.94	49359.71	355.7
890.59	49428.07	351.1
896.68	49940.44	355.3
897.95	50041	359.5
903.16	50417.94	375.294
905.03	50550.38	382.3
906.76	50688.18	388.818
909.22	50894.67	399.367
911.25	51071.4	408.9
912.91	51220.47	416.947
916.21	51526.13	433.713
919.19	51772.47	447.8
920.23	51861.86	452.886
921.41	51963.87	458.587
922.64	52055.93	463.593
924.26	52197.2	470.92
924.44	52206.86	471.486
925.13	52268.36	474.536
927.44	52452.73	483.4
929.41	52608.57	489.857
929.81	52642.07	491.2
931.81	52825.21	498.121
934.96	53075.14	505.6
936.43	53204.21	508.5
936.97	53255.43	509.443
939.85	53551.64	513.7
941.97	53776.69	515.3
942.24	53811.21	515.5
942.46	53837.79	515.7
943.19	53921.71	516.2
944.38	54044.71	516.671
946.46	54249.86	518.086
946.65	54273.64	518.3
948.38	54443.93	520.5
951.08	54663	510.5
955.57	55008.8	489.8
956.05	55042.4	487.9
958.45	55218.71	477.629
961	55392.17	467.883
961.79	55444.58	465
962.06	55463.92	463.908
963.19	55553.27	459.373
968.95	56040.78	435.7
974.53	56592.67	412.133
976.43	56737.2	407.18
979.43	56987.4	397
982.55	57227.2	385.3
983.67	57323.7	380.23
983.99	57346.5	379
985.39	57471.11	372.5
986.43	57548	368.7
989.06	57751.22	358.5
991.01	57880.11	351.989
993.86	58103.11	340.289
996.18	58301.44	329.856
997.69	58422.87	322.513
998.7	58501	317.4
1000.01	58595.63	322.526
1002.63	58788.78	353.456
1008.66	59218.56	422.812
1010.27	59360.78	441.744
1010.89	59398.6	435.08
1012.76	59554.44	387.668
1016.45	59824.56	324
1018.19	59945.11	328.711
1024.89	60521.83	402.566
1026.06	60666.33	425.266
1028.27	60903.67	456.067
1029.85	61125.8	475.7
1035.67	61901.2	502
1039.28	62383	511.5
1042.66	62792.6	521.9
1046.49	63317.75	530.4