GISP2-WDC_WDC
32.8605
40.51221
46.520927
53.504562
54.63793
58.76677
60.387596
67.195496
72.32765
87.714836
92.52818
100.36193
110.11141
114.122025
139.13867
142.9016
161.3911
168.86447
182.4468
184.4517
186.08789
188.44862
195.27843
204.47789
208.98703
219.5321
223.3735
273.30545
325.79785
339.32147
384.58832
415.2302
423.63483
430.09735
445.66556
464.6175
494.9882
516.13995
523.8711
532.62585
541.5256
583.7495
617.11816
634.4791
641.0939
647.3098
651.82104
706.1496
711.0414
747.6102
765.3596
797.70056
845.0722
850.7544
895.47485
898.281
907.58826
918.50946
953.14465
1014.35
1036.5322
1047.6678
1057.2742
1063.4779
1099.0508
1134.6841
1143.7947
1169.2605
1199.9718
1209.9526
1235.8513
1249.2334
1260.5596
1267.1173
1280.9817
1285.8025
1294.44
1340.209
1342.311
1346.7474
1348.7806
1367.8608
1372.5912
1383.9052
1387.3987
1399.3167
1400.7417
1405.4438
1412.2874
1421.5566
1426.5817
1431.0598
1434.3589
1441.3757
1444.9421
1470.1508
1475.128
1483.6672
1485.402
1489.2604
1492.1675
1505.6804
1512.7621
1514.4993
1518.0548
1521.0889
1524.5852
1525.9884
1527.4376
1529.1527
1535.4938
1539.0977
1548.2094
1554.0112
1575.0378
1577.8958
1598.4486
1599.1343
1601.5929
1607.8668
1610.6289
1614.9518
1620.3909
1624.0302
1631.0186
1633.3071
1638.6599
1642.8187
1651.1687
1652.2106
1652.9776
1661.9109
1664.009
1675.0134
1677.2319
1679.8356
1688.2185
1696.102
1702.9175
1710.247
1732.9995
1741.2334
1744.1572
1767.887
1772.3011
1779.4103
1792.0568
1797.9344
1799.2473
1802.5488
1808.8797
1812.3367
1824.3344
1833.0627
1836.374
1839.4126
1840.8528
1844.0886
1850.3136
1860.8394
1885.8536
1896.5767
1896.608
1899.2363
1910.1329
1911.303
1914.6776
1919.1562
1937.6983
1945.5554
1948.5415
1965.488
1970.13
2012.5
2019.071
2068.34
2082.951
2086.525
2089.552
2092.7200000000003
2111.2490000000003
2145.37
2164.1528
2219.809
2240.15
2245.205
2263.204
2288.38
2308.71
2316.33
2317.14
2361.136
2370.02
2417.87
2424.095
2430.265
2434.0
2435.6
2437.65
2441.83
2444.685
2451.02
2457.645
2462.05
2482.73
2497.12
2506.97
2567.25
2617.32
2634.3540000000003
2670.087
2687.3808
2694.11
2732.95
2742.86
2749.08
2768.1
2806.62
2822.2
2851.69
2856.77
2863.15
2872.32
2893.14
2928.33
2931.28
2939.56
2953.05
2960.7
2964.32
2969.13
2987.25
2991.1330000000003
3006.318
3010.469
3012.89
3016.45
3027.63
3033.15
3044.28
3053.262
3057.95
3079.07
3083.92
3100.16
3102.68
3109.92
3118.82
3123.9
3127.5
3130.11
3142.5
3144.96
3146.5
3149.45
3154.24
3162.931
3169.04
3170.992
3173.17
3184.42
3228.32
3231.9
3244.07
3249.64
3260.32
3271.39
3274.77
3297.95
3303.76
3304.13
3320.22
3322.22
3326.84
3338.45
3340.35
3343.02
3346.06
3348.86
3361.9
3378.275
3380.67
3385.29
3394.59
3397.1
3401.54
