GISP2-EDML_GISP2
1575.712
1597.2
1640.88
1653.88
1663.79
1669.73
1678.25
1679.75
1692.25
1694.24
1708.64
1713.915
1715.71
1717.28
1718.666
1725.74
1744.25
1753.92
1787.32
1798.17
1799.765
1805.39
1812.8
1818.88
1821.266
1821.52
1835.425
1838.6
1858.715
1861.91
1865.295
1867.435
1868.255
1869.725
1872.38
1874.615
1879.445
1883.93
1887.525
1904.72
1915.734
1922.77
1963.65
1997.75
2006.76
2022.74
2030.73
2033.89
2050.57
2057.05
2059.5
2066.17
2086.38
2092.92
2109.92
2112.92
2117.06
2125.72
2137.48
2160.05
2162.47
2169.35
2179.13
2183.74
2185.45
2188.78
2202.73
2206.65
2217.63
2224.844
2229.705
2232.367
2234.17
2239.51
2242.06
2247.62
2252.11
2256.34
2269.62
2274.583
2283.78
2285.24
2291.12
2299.22
2303.13
2305.7
2307.46
2315.01
2317.11
2318.21
2320.35
2320.62
2324.65
2332.678
2339.05
2341.167
2343.475
2355.18
2362.96
2382.3
2386.05
2396.69
2401.8
2411.08
2421.67
2425.618
2449.2
2454.18
2454.467
2462.903
2464.255
2469.69
2473.9
2480.283
2482.037
2485.052
2489.829
2493.25
2507.702
2522.96
2526.51
2532.45
2544.03
2545.84
2549.7
2557.1
2564.501
2566.1
2576.369
2578.57
2591.095
2591.64
2593.03
2593.868
2602.63
2607.9
2621.88
2632.4
2636.28
2640.711
2644.83
2647.67
2651.9
2658.324
2660.27
2662.279
2673.537
2678.7
2698.934
2708.23
2717.206
2728.1
2738.6
2741.53
2756.88
