GRIP-EDC_EDC
312.765
320.949
338.556
344.807
349.927
352.845
357.038
370.087
371.943
384.131
387.279
388.03
388.708
389.357
393.008
400.284
404.1392063126317
417.1
421.883
423.062
427.105
433.2355505766063
438.08
440.2
451.532
454.0
499.209065483871
502.75
526.45
553.32
561.376
569.95
571.93
583.32
586.28
588.0
593.45
606.98
626.54
632.28
636.42
661.85
666.38
671.93
679.52
689.12
691.11
699.02
701.27
702.592
704.155
710.0
726.31
737.48
748.08
748.96
750.33
754.28
759.56
773.55
775.02
777.48
777.65
780.58
785.82
789.4
790.56
791.88
798.503
826.0
828.55
837.56
841.62
848.95
856.76
859.49
876.66
880.53
893.62
895.59
913.91
915.695
919.18
923.37
927.11
975.658
992.95
1000.676
1026.781
1055.94
1057.974
1078.96
1079.72
1081.27
1082.29
1092.32
1097.96
1118.45
1120.9
1134.95
1140.57
1147.1
1152.77
1163.2
1173.03
1176.06
1178.96
1205.68
1254.6
1271.19
1285.88
1303.14
1314.14
1318.1
1358.88
1371.1
1377.0
1402.62
1411.22
