TALDICE-EDML_EDML
611.253
623.5
650.25
659.52
667.038
671.266
700.181
703.395
725.831
731.464
734.77
741.235
754.712
761.6928700000001
784.903
793.21
795.517
803.859
825.99
859.64
916.58
925.15
936.7
939.69
949.176425
955.6
976.47578
1024.19
1033.57
1039.0
1051.37
1051.81
1069.723
1076.937
1085.66
1089.4315
1094.12
1103.4
1109.62
1123.98
1135.22
1138.0
1146.8
1160.14
1160.95
1170.19
1174.5
1190.58
1194.68
1199.6
1206.06
1211.398
1220.12
1222.02
1233.75
1239.18
1247.97
1249.78
1254.95325
1257.131
1262.29
1263.7
1265.776
1268.423
1269.4
1272.27
1276.3
1286.83
1291.82
1295.108
1307.595
1311.084
1313.08
1316.039
1326.04
1342.33
1349.534
1350.59
1354.57
1372.717
1376.915
1390.02
1391.454
1393.78
1400.141
1408.04
1412.4
1413.7
1415.64
1429.11
1431.27
1432.5
1435.08
1439.07
1446.28
1451.14
1452.63
1454.356
1462.987
1468.91
1497.9
1503.6
1507.33
1520.42
1536.6
1547.79
1551.53
1568.3
1575.51
1580.8
1587.05
1593.61
1596.69
1599.96
1609.93
1628.15
1628.87
1630.61
1635.13
1644.02
1645.949
1647.9
1648.907
1652.25
1662.732
1665.239
1670.14
1672.313
