GISP2-NEEM_NEEM
35.54782997897393
37.7984419764508
40.2335371306919
43.32243819980623
46.86258245193024
49.77920756446564
52.28463391526307
56.49377772795496
57.42877973163726
61.20711168831169
62.81321990723562
69.81969049481958
74.00638438779774
75.01660322580645
76.53058
80.19016
82.43237669404517
90.13249493472584
96.2658336920061
100.97560492021276
101.88871892730496
110.73906958424509
114.60875015706806
118.41514768201873
130.20593076056338
137.4055967836419
141.09377776824036
149.11671735383894
165.3654015068493
168.4701540965698
177.12375961904763
179.30578880208333
182.942124099777
188.86856766050053
193.54548428069
195.61326663540447
197.2188929157595
199.26257475190843
201.29615560327872
210.50610342672417
213.0768457327586
214.06802087326943
230.48437436640117
231.75752136752135
233.79907706341464
248.38417861421547
250.59612405997697
253.21031801540832
255.564548
260.9405155611907
265.65064339766315
272.42834886761614
283.2643466555463
286.02956466610306
289.65598196416266
297.9442195422535
298.8350524773203
308.6575471229947
309.5318426628011
329.28077237724085
332.98240357752286
339.6168196994992
341.87523216348285
346.3339156703911
347.8430112405757
350.3735477176148
370.7658240179461
374.26905724374177
377.2038398901099
382.02348454517886
385.6065621011014
394.70129413659794
396.3155936
398.6567081022187
405.118391772242
1356.746
1370.02
1396.43
1404.23
1410.3
1413.86
1418.955
1429.08
1430.56
1441.43
1445.007
1446.08
1447.056
1447.92
1452.02
1462.369
1467.49
1484.035
1489.466
1490.348
1493.302
1497.556
1510.686
1525.84
1528.84
1532.52
1535.29
1539.73
1550.3
1561.195
1585.4
1610.41
1619.62
1624.3
1641.23
1642.78
1647.55
1665.98
1678.65
1683.32
1688.83
1712.05
1717.88
1724.05
1728.47
1730.51
1740.05
1742.65
1749.58
1754.19
1757.3
1759.0
1760.4
1764.63
1766.64
1771.08
1774.76
1777.73
1786.92
1790.006
1796.74
1797.81
1801.8
1807.0
1809.58
1812.9
1818.48
1819.87
1820.59
1821.96
1822.12
1824.74
1829.657
1833.48
1834.824
1836.231
1843.675
1849.1
1863.15
1865.65
1876.39
1882.7
1889.52
1891.996
1908.0
1911.415
1918.79
1919.82
1927.3
1933.35
1938.82
1941.25
1952.0
1965.61
1969.0
1974.18
1984.52
1987.28
1992.32
2006.134
2015.15
2015.44
2016.979
2022.73
2026.18
2037.425
2046.0
2049.4
2057.0
2063.43
2069.7
2071.54
2073.3
2084.04
2088.2
2118.662
2134.9
2163.48
2179.96
