#Includes EDML-EDC links from Ruth et al. 2007 and Severi et al. 2007, original file with interpolated EDC96 depths to EDC99
##Includes AICC2012 EDML-EDC based off of Severi 2007 and Ruth 2007
depth1	depth2	age_unc	comment
8.17	17.19	10.0	
12.16	24.94	10.0	
23.051	46.1	10.0	
29.64	59.11	10.0	
37.94	75.38	10.0	
39.05	77.67	10.0	
41.24	82.32	10.0	
60.28	117.725	10.0	
64.045	125.243	10.0	
65.151	127.65	10.0	
67.034	130.917	10.0	
68.977	134.69	10.0	
73.39	143.59	10.0	
74.685	146.22	10.0	
75.591	148.233	10.0	
76.647	150.413	10.0	
77.813	152.857	10.0	
78.699	154.75	10.0	
79.277	155.98	10.0	
83.67	164.4	10.0	
84.059	165.22	10.0	
84.866	167.01	10.0	
95.764	190.64	10.0	
96.84	192.75	10.0	
126.33	256.47	10.0	
126.61	257.09	10.0	
130.54	265.78	10.0	
133.61	272.31	10.0	
135.38	276.3	10.0	
139.762	285.7	10.0	
140.04	286.3	10.0	
141.3	289.31	10.0	
142.826	292.44	10.0	
144.66	296.29	10.0	
156.535	322.34	10.0	
159.99	329.71	10.0	
163.976	338.1	10.0	
169.29	349.69	10.0	
175.91	363.66	10.0	
208.58	429.16	10.0	
209.73	431.26	10.0	
213.771	438.98	10.0	
215.749	442.63	10.0	
218.812	448.28	10.0	
232.57	473.98	10.0	
234.427	477.15	10.0	
243.13	493.58	10.0	
251.22	508.32	10.0	
253.766	512.77	10.0	
259.31	523.07	10.0	
264.03	531.88	10.0	
270.42	543.65	10.0	
283.0	565.03	10.0	
290.034	576.69	10.0	
291.224	578.33	10.0	
293.996	582.64	10.0	
304.28	598.31	10.0	
305.579	600.41	10.0	
310.94	608.42	10.0	
312.701	611.2	10.0	
317.34	618.14	10.0	
321.034	623.49	10.0	
321.95	624.94	10.0	
322.375	625.58	10.0	
325.17	629.89	10.0	
338.56	650.26	10.0	
339.278	651.35	10.0	
343.61	657.72	10.0	
349.921	667.05	10.0	
350.634	668.07	10.0	
352.81	671.25	10.0	
371.933	703.31	10.0	
377.042	712.255	10.0	
387.31	731.47	10.0	
388.69	733.62	10.0	
389.33	734.75	10.0	
393.0	741.25	10.0	
397.821	750.2	10.0	
400.397	754.72	10.0	
404.14	761.69	10.0	
421.895	793.2	10.0	
425.962	801.47	10.0	
427.872	805.33	10.0	
428.18	806.03	10.0	
429.229	808.23	10.0	
431.95	813.77	10.0	
438.09	825.99	10.0	
447.22	845.35	10.0	
450.49	852.35	10.0	
451.51	854.43	10.0	
453.97	859.65	10.0	
460.39	873.07	10.0	
463.49	879.86	10.0	
464.96	882.82	10.0	
471.6	896.77	10.0	
481.5	916.59	10.0	
494.7	940.82	10.0	
499.206	949.18	10.0	
500.895	952.25	10.0	
502.553	955.21	10.0	
502.723	955.6	10.0	
503.023	956.11	10.0	
504.362	958.25	10.0	
505.99	961.37	10.0	
510.047	968.87	10.0	
512.544	972.71	10.0	
514.782	976.48	10.0	
521.51	988.3	10.0	
528.28	1001.4	10.0	
532.32	1008.8	10.0	
540.36	1024.18	10.0	
541.44	1026.45	10.0	
541.95	1027.58	10.0	
546.42	1037.16	10.0	
547.34	1038.99	10.0	
552.23	1049.49	10.0	
553.11	1051.35	10.0	
553.32	1051.81	10.0	
556.72	1059.06	10.0	
557.67	1061.17	10.0	
561.36	1069.71	10.0	
564.39	1076.93	10.0	
566.111	1080.95	10.0	
567.524	1084.13	10.0	
568.21	1085.66	10.0	
569.942	1089.42	10.0	
573.255	1097.16	10.0	
576.02	1103.61	10.0	
578.96	1109.62	10.0	
585.638	1122.95	10.0	
586.979	1125.78	10.0	
587.52	1126.79	10.0	
590.636	1132.84	10.0	
593.44	1137.99	10.0	
595.02	1140.6	10.0	
598.841	1146.8	10.0	
606.979	1160.14	10.0	
615.99	1174.51	10.0	
617.35	1176.38	10.0	
620.575	1181.29	10.0	
626.5	1190.6	10.0	
627.004	1191.33	10.0	
629.134	1194.68	10.0	
630.12	1196.25	10.0	
632.23	1199.56	10.0	
634.589	1203.16	10.0	
636.359	1206.07	10.0	
637.437	1207.67	10.0	
638.941	1210.25	10.0	
644.762	1220.1	10.0	
645.919	1221.99	10.0	
653.216	1233.79	10.0	
660.782	1246.35	10.0	
661.84	1247.97	10.0	
666.342	1254.95	10.0	
670.994	1262.27	10.0	
673.176	1265.77	10.0	
674.849	1268.42	10.0	
675.397	1269.4	10.0	
677.14	1272.26	10.0	
679.525	1276.31	10.0	
682.588	1281.54	10.0	
684.035	1283.81	10.0	
689.074	1291.84	10.0	
691.08	1295.08	10.0	
691.592	1295.79	10.0	
692.778	1297.64	10.0	
695.574	1302.36	10.0	
697.254	1304.84	10.0	
699.004	1307.64	10.0	
699.674	1308.58	10.0	
700.63	1309.97	10.0	
701.28	1311.09	10.0	
702.541	1313.07	10.0	
711.676	1329.22	10.0	
717.444	1339.69	10.0	
718.601	1341.79	10.0	
719.03	1342.5	10.0	
723.82	1350.59	10.0	
726.28	1354.56	10.0	
727.238	1356.1	10.0	
728.038	1357.33	10.0	
728.532	1358.12	10.0	
729.816	1360.17	10.0	
732.848	1364.97	10.0	
737.46	1372.71	10.0	
739.13	1375.14	10.0	
746.004	1386.56	10.0	
746.434	1387.27	10.0	
748.122	1389.99	10.0	
750.29	1393.78	10.0	
753.397	1398.6	10.0	
754.297	1400.11	10.0	
756.335	1403.4	10.0	
762.22	1411.98	10.0	
775.04	1431.26	10.0	
777.67	1435.08	10.0	
780.59	1439.06	10.0	
791.88	1454.37	10.0	
797.39	1461.66	10.0	
818.41	1491.92	10.0	
822.07	1497.9	10.0	
843.53	1528.64	10.0	
859.7	1551.82	10.0	
862.52	1555.78	10.0	
871.41	1568.31	10.0	
874.22	1572.18	10.0	
877.448	1576.65	10.0	
880.523	1580.79	10.0	
913.034	1627.04	10.0	
914.42	1628.86	10.0	
927.113	1645.95	10.0	
929.197	1648.9	10.0	
963.982	1699.12	10.0	
1019.41	1775.2	10.0	
1041.9	1809.65	10.0	
1055.94	1831.68	10.0	
1057.51	1833.97	10.0	
1070.21	1853.65	10.0	
1070.4	1853.91	10.0	
1078.68	1866.24	10.0	
1078.96	1866.61	10.0	
1079.72	1867.5	10.0	
1081.27	1869.47	10.0	
1082.29	1870.94	10.0	
1087.94	1877.84	10.0	
1097.96	1890.59	10.0	
1098.63	1891.46	10.0	
1176.08	1987.55	10.0	
1271.19	2080.2	10.0	
1279.13	2088.84	10.0	
1285.88	2096.05	10.0	
1287.94	2098.38	10.0	
1342.71	2145.57	10.0	
1373.89	2171.7	10.0	
1426.86	2211.32	10.0	
1429.11	2213.01	10.0	
1432.47	2215.23	10.0	
1510.78	2273.06	10.0	
1538.61	2294.09	10.0	
786.08	1446.28	10.0	
787.141	1448.085	10.0	
790.521	1452.64	10.0	
798.5	1462.99	10.0	
807.92	1476.21	10.0	
808.67	1477.26	10.0	
812.38	1482.14	10.0	
825.982	1503.605	10.0	
828.544	1507.32	10.0	
837.56	1520.33	10.0	
841.592	1526.11	10.0	
848.299	1536.595	10.0	
856.76	1547.79	10.0	
859.498	1551.535	10.0	
866.501	1561.39	10.0	
884.755	1587.055	10.0	
900.91	1609.94	10.0	
919.166	1635.11	10.0	
939.558	1662.74	10.0	
946.1	1672.32	10.0	
952.62	1682.03	10.0	
956.36	1687.65	10.0	
958.68	1691.25	10.0	
959.918	1693.09	10.0	
961.22	1695.04	10.0	
970.64	1708.9	10.0	
983.21	1725.89	10.0	
992.958	1738.425	10.0	
1003.54	1752.5	10.0	
1006.66	1756.755	10.0	
1013.72	1766.86	10.0	
1032.29	1794.41	10.0	
1038.55	1804.265	10.0	
1040.49	1807.305	10.0	
1052.65	1826.88	10.0	
1064.65	1844.48	10.0	
1091.59	1882.38	10.0	
1095.46	1887.34	10.0	
1105.22	1900.84	10.0	
1109.96	1908.295	10.0	
1116.89	1918.785	10.0	
1134.94	1942.745	10.0	
1140.54	1949.805	10.0	
1178.95	1990.03	10.0	
1206.55	2014.25	10.0	
1224.87	2031.815	10.0	
1238.71	2046.12	10.0	
1253.38	2061.52	10.0	
1260.88	2069.47	10.0	
1262.85	2071.465	10.0	
1264.8	2073.625	10.0	
1267.42	2076.335	10.0	
1289.01	2099.515	10.0	
1291.56862745098	2102.3	10.0	
1303.14	2113.65	10.0	
1310.97	2119.775	10.0	
1316.27	2123.97	10.0	
1325.71	2131.875	10.0	
1339.71	2143.285	10.0	
1353.24	2154.37	10.0	
1360.62	2160.59	10.0	
1368.09	2166.7	10.0	
1371.09	2169.28	10.0	
1378.44	2175.46	10.0	
1397.73	2190.715	10.0	
1411.92	2200.905	10.0	
1451.0	2227.555	10.0	
1466.29	2239.285	10.0	
1470.48	2242.33	10.0	
1480.96	2250.04	10.0	
1487.05	2254.79	10.0	
1489.16	2256.295	10.0	
1494.57	2260.14	10.0	
1520.34	2281.315	10.0	
1546.54	2299.225	10.0	
1565.82	2309.85	10.0	
1580.77	2318.87	10.0	
1598.87	2330.245	10.0	
1607.23	2334.04	10.0	
1631.14	2343.345	10.0	
1683.93	2366.1	10.0	
234.27	477.15	10.0	
