GRIP-EDML_EDML
611.253
623.5
650.25
659.52
667.038
671.266
677.51
700.181
703.395
725.831
731.464
732.625
733.65
734.77
741.235
754.712
761.6928700000001
784.903
793.21
795.517
803.859
816.3
825.99
829.82
830.26
854.42
859.64
949.176425
955.6
997.8
1051.81
1069.723
1089.4315
1094.12
1118.46
1123.98
1127.7
1138.0
1160.14
1190.58
1199.6
1206.06
1247.97
1254.95325
1263.7
1276.3
1291.82
1295.108
1302.36
1307.595
1311.084
1313.08
1316.039
1326.04
1354.57
1372.717
1376.915
1390.02
1391.454
1393.78
1400.141
1408.04
1412.4
1429.11
1431.27
1434.82
1435.08
1439.07
1446.28
1451.14
1452.63
1454.356
1462.987
1473.06
1503.6
1507.33
1520.42
1526.13
1536.6
1547.79
1551.53
1575.51
1580.8
1581.04
1599.96
1602.8
1628.15
1630.61
1635.13
1640.66
1645.949
1716.11
1738.45
1748.47
1786.1
1831.68
1834.761
1866.616
1867.559
1869.48
1870.929
1883.31
1890.6
1921.26
1924.74
1942.77
1949.86
1957.88
1965.07
1976.43
1985.05
1987.54
1990.07
2004.51
2013.5
2062.88
2080.22
2096.08
2111.56
2122.25
2125.55
2159.16
2169.3
2174.2
2193.45
2194.67
2200.41
