GRIP-NG2_GRIP
13.003
17.342
26.359
30.646
36.097
37.898
38.927
53.107
54.399
57.067
58.685
61.048
61.855
62.981
64.752
64.988
65.804
67.4
70.407
72.653
74.3
80.314
83.614
87.591
92.141
95.916
100.978
102.196
103.144
103.356
106.1
107.069
109.132
110.928
112.673
114.835
118.886
124.727
125.6
131.206
134.31
139.391
143.16
144.614
144.776
149.3
153.8
158.0
160.7
163.757
165.061
167.686
168.151
168.872
169.528
169.745
171.665
176.97
181.014
181.404
181.863
182.684
183.477
187.381
189.386
191.346
193.3
197.3
197.6
203.705
205.972
209.317
215.003
215.453
215.618
219.584
220.428
224.544
226.54
234.153
236.2
236.631
238.201
238.424
240.607
243.095
244.3
245.395
247.2
247.45
247.677
251.558
252.47
253.195
254.761
256.2
258.55
260.493
263.8
264.0
264.691
269.491
271.761
272.4
280.838
285.4
288.256
290.683
293.118
295.639
296.994
297.55
303.8
309.7
312.65
318.861
319.878
320.9
330.415
331.887
333.916
335.449
335.72
337.617
339.8
342.655
353.8
354.451
356.867
360.803
362.057
362.265
365.493
369.3
371.955
373.945
374.469
384.097
388.054
388.822
389.65
394.233
397.603
401.101
404.85
408.521
413.372
415.0
415.2
420.366
427.328
429.12
432.498
437.478
439.988
442.165
452.311
453.674
455.433
455.838
464.496
469.393
472.229
474.3
476.993
479.365
484.195
488.013
493.063
495.187
498.43
507.068
507.65
509.797
513.471
517.78
520.8
521.4
524.4
525.155
525.446
526.8
528.3
534.143
538.909
540.017
542.415
547.05
548.136
549.339
551.87
551.98
552.336
553.461
558.065
559.163
559.8
562.659
563.687
563.857
564.024
564.631
564.8
566.801
567.165
569.37
572.3
575.514
576.897
586.204
587.095
590.956
594.4
595.1
599.644
600.005
600.902
610.017
613.552
614.106
615.562
617.527
619.715
621.388
621.954
628.838
630.215
637.003
641.713
643.27
647.748
649.093
650.224
651.475
657.364
659.364
660.357
660.999
661.847
662.354
662.93
666.545
668.586
668.865
670.876
671.05
671.341
672.559
675.427
679.06
680.862
684.75
686.322
686.55
687.6
688.1
688.372
691.964
694.466
696.666
699.655
701.889
702.629
706.328
708.556
709.681
710.602
711.737
717.804
720.354
721.847
722.472
722.932
725.604
728.689
729.523
730.054
736.527
737.28
739.728
740.531
741.016
743.424
745.06
751.995
752.836
758.26
764.078
768.423
1460.029
1460.314
1460.771
1461.446
1461.741
1465.38
1467.339
1467.713
1469.113
1469.637
1470.514
1474.384
1474.803
1476.004
1476.512
1477.551
1480.062
1480.723
1483.665
1484.822
1486.612
1488.498
1489.309
1489.677
1491.386
1492.823
1494.453
1496.02
1496.46
1497.089
1497.875
1498.562
1499.965
1500.755
1502.978
1503.2745
1505.063
1505.682
1506.19
1506.759
1507.353
1508.402
1509.238
1510.343
1510.77
1512.179
1514.736
1515.417
1516.076
1516.792
1517.287
1519.377
1519.717
1521.072
1522.093
1525.311
1528.585
1529.472
1531.273
1532.805
1534.333
1535.577
1536.464
1537.873
1539.0525
1541.405
1544.169
1544.888
1546.086
1547.066
1548.124
1549.089
1549.828
1553.043
1556.84
1565.482
1568.322
1569.01
1570.574
1571.599
1572.716
1575.657
1575.845
1581.884
1582.771
1583.863
1585.0795
1588.857
1591.454
1592.965
1593.195
1593.606
1596.267
1597.178
1598.9
1599.467
1600.751
1601.213
1603.025
1604.748
1605.694
1607.202
1607.38
1609.156
1609.435
1609.565
1610.739
1611.405
1611.736
1612.372
1613.454
1614.064
1614.686
1615.619
1615.825
1616.125
1616.486
1616.821
1616.973
1617.201
1617.481
1618.466
1618.985
1619.709
1620.031
1620.366
1620.808
1621.569
1621.972
1622.299
1622.973
1623.553
1624.449
1625.651
1625.816
1626.516
1627.543
1628.029
1628.338
1633.481
1634.636
1636.505
1637.1
1639.5365
1640.521
1641.69
1645.339
1646.133
1647.815
1652.898
1657.5155
1659.829
1660.462
1661.219
1661.702
1662.378
1663.325
1665.33
1666.9955
1668.483
1669.26
1670.131
1673.107
1673.501
1676.25
1676.545
1677.337
1678.13
1678.816
1679.975
1680.369
1681.628
1682.139
1683.012
1684.632
1687.271
1689.134
1696.1355
1697.69
1698.208
1699.546
1701.589
1703.137
1704.203
1705.074
1706.584
1708.951
1710.171
1710.953
1711.774
1712.438
1714.47
1717.198
1718.537
1719.855
1720.576
1721.672
1722.902
1724.264
1725.4
1726.675
1727.586
1728.708
1729.813
1730.729
1733.961
1734.935
1736.485
1737.255
1738.837
1741.723
1742.295
1743.074
1743.617
1745.166
1746.981
1749.324
1749.86
1750.351
1750.88
1751.496
1753.7615
1754.605
1755.48
1756.53
1758.71
1760.193
1761.4495
1764.346
1769.5
1771.622
1775.8215
1778.339
1778.62
1793.372
1796.7195
1814.55
1816.575
1818.225
1840.777
1845.559
1846.601
1852.61
1867.33
1869.385
1872.493
1874.755
1882.23
1926.337
1939.263
1940.372
1955.952
1960.033
1973.03
1978.578
1985.34
1997.8225
2001.127
2018.919
2020.432
2022.532
2023.14
2024.819
2025.84
2026.638
2027.532
2028.261
2035.253
2043.406
2044.51
2048.236
2055.9885
2068.054
2069.764
2079.365
2080.41
2087.83
2088.208
2092.237
2094.09
2094.825
2095.385
2096.109
2096.587
2096.916
2097.746
2098.329
2116.21
2117.105
2125.671
2129.88
2131.4025
2132.205
2133.858
2135.061
2136.022
2138.67
2139.281
2140.202
2140.4815
2140.958
2142.902
2143.399
2145.43
2145.812
2148.487
2150.044
2159.12
2162.175
2164.674
2167.324
2169.916
2172.18
2172.476
2174.287
2175.9
2176.3
2177.607
2178.324
2179.623
2180.105
2180.366
2182.291
2183.165
2184.888
2185.337
2186.45
2187.467
2190.004
2193.328
2194.278
2196.4105
2196.647
2197.548
2197.994
2198.237
2198.41
2199.15
2199.661
2200.507
2202.29
2206.8
2207.53
2223.9335
2227.075
2233.015
2236.198
2236.819
2238.904
2241.555
2249.72
2250.53
2252.045
2253.538
2254.437
2257.942
2259.05
2260.753
2261.311
2261.669
2265.9775
2268.522
2268.822
2269.322
2269.9295
2270.598
2272.289
2281.245
2281.586
2282.2
2282.596
2283.667
2284.178
2286.7815
2287.047
2288.397
2289.153
2289.469
2291.0565
2294.724
2295.471
2296.328
2298.217
2298.735
2299.092
2301.311
2301.78
2303.274
2303.741
2304.638
2304.894
2306.013
2306.902
2307.503
2309.126
2309.612
2310.726
2311.667
2313.787
2315.757
2317.941
2318.729
2320.159
2320.513
2320.791
2321.738
2322.547
2328.032
2333.075
2334.375
2337.948
2339.026
2344.218
2345.535
2347.3655
2349.339
2350.146
2351.03
2351.189
2351.554
2361.537
2362.511
2363.259
2364.398
2366.043
2366.6385
2369.449
2370.81
2373.607
2373.974
2375.862
2376.822
2378.356
2379.026
2379.332
2380.072
2381.159
2381.417
2382.789
2383.571
2385.928
2386.638
2386.987
2387.87
2388.396
2388.998
2390.604
2390.854
2393.0
2394.434
2395.006
2395.323
2396.845
2397.623
2398.678
2399.705
2402.586
2403.766
2405.096
2405.467
2406.454
2407.168
2407.865
2410.514
2411.37
2411.964
2413.206
2414.584
2415.0035
2415.906
2416.594
2420.1325
2420.448
2429.538
2431.0025
2433.037
2434.323
2434.762
2435.433
2437.069
2437.429
2441.592
2442.257
2447.875
2449.123
2449.785
2450.069
2450.9
2452.296
2452.551
2453.106
2454.474
2456.052
2456.454
2458.0
2458.236
2459.907
2460.485
2461.5965
2462.102
2465.426
2466.153
2467.749
2469.483
2470.346
2472.687
2474.861
2475.174
2476.001
2478.222
2478.42
2479.176
2493.81
2504.25
2510.03
2527.27
2534.436
2547.08
2549.772
2551.894
2552.669
2556.769
2564.67
2565.175
2566.5625
2567.46
2568.652
2569.207
2572.167
2575.009
2575.693
2576.28
2576.472
2576.822
2579.686
2580.65
2580.85
2581.306
2581.924
2584.706
2592.72
2593.658
2594.65
2596.194
2599.147
2602.312
2604.511
2604.73
2607.846
2608.54
2612.385
2612.846
2614.303
2615.81
2616.735
2619.745
2621.56
2623.96
2624.591
2625.431
2626.732
2628.775
2630.636
2632.624
2633.347
2633.973
2634.717
2638.955
2644.714
2646.247
2647.61
2650.176
2650.789
2664.033
2666.751
2668.238
2672.177
2672.833
2674.373
2678.965
2679.721
2684.6975
2687.143
2688.271
2691.299
2691.678
2692.515
2694.724
2695.896
2698.299
2698.776
2701.827
2703.6115
2704.475
2705.861
2706.539
2707.464
2709.082
2710.77
2711.863
2713.041
2714.767
2715.703
2716.077
2718.675
2732.72
2738.9
2741.75
2751.498
2753.15
2753.24
2753.96
