GRIP-NG2_NG2
14.1
17.61
25.15
28.46
32.95
34.529
35.48
47.853
49.04
51.3
52.66
54.66
55.33
56.272
58.02
58.219
58.7
60.31
62.81
64.73
66.22
71.254
73.942
77.392
81.04
84.31
88.43
89.46
90.18
90.294
92.86
93.595
95.526
97.06
98.722
100.48
103.91
108.908
109.606
114.35
116.91
121.07
124.28
125.61
125.8
129.56
133.37
136.72
138.94
141.57
142.9
145.04
145.3
146.1
146.58
146.86
148.51
152.74
156.27
156.55
157.0
157.79
158.55
161.73
163.45
165.11
166.78
170.4
170.61
175.79
177.74
180.47
185.31
185.71
185.86
189.12
189.994
193.644
195.25
201.5
203.3
203.62
204.83
205.01
206.93
209.13
210.2
211.23
212.57
212.74
213.02
216.07
216.82
217.35
218.591
219.82
221.82
223.491
226.4
226.59
227.09
231.09
233.1
233.6
240.8
244.65
247.14
249.259
251.27
253.51
254.576
255.18
260.45
265.48
268.1
273.28
274.1
275.03
283.05
284.4
286.08
287.42
287.59
289.2
291.0
293.5
303.05
303.65
305.72
309.13
310.116
310.33
313.0
316.06
318.374
320.2
320.7
329.01
332.491
333.21
333.9
337.675
340.55
343.6
346.75
349.9
353.98
355.5
355.6
360.072
366.37
367.92
370.93
375.3
377.325
379.12
387.83
388.96
390.35
390.75
398.28
402.57
405.189
406.92
409.137
411.12
415.289
418.6
423.1
424.83
427.7
435.47
435.9
437.94
441.16
444.85
447.4
448.1
450.8
451.47
451.74
452.97
454.15
459.35
463.6
464.593
466.76
470.8
471.71
472.8
474.94
475.1
475.36
476.4
480.4
481.3
481.9
484.44
485.56
485.7
485.82
486.35
486.5
488.25
488.58
490.52
493.07
495.9
497.03
505.27
506.11
509.64
512.67
513.22
517.33
517.64
518.39
526.64
529.77
530.24
531.46
533.33
535.27
536.96
537.49
543.73
544.86
550.86
555.15
556.51
560.52
561.61
562.6
563.78
569.05
570.68
571.66
572.13
572.95
573.37
573.86
577.16
578.92
579.16
581.1
581.26
581.55
582.53
585.19
588.53
590.1
593.7
595.07
595.28
596.24
596.7
597.04
600.32
602.56
604.64
607.38
609.29
610.0
613.42
615.46
616.51
617.36
618.33
623.99
626.2
627.6
628.18
628.61
630.83
633.79
634.54
635.07
640.93
641.64
643.97
644.67
645.15
647.38
648.83
655.01
655.88
661.03
666.38
670.28
1347.301
1347.572
1347.982
1348.622
1348.91
1352.313
1354.108
1354.471
1355.647
1356.152
1356.942
1360.44
1360.809
1361.85
1362.292
1363.283
1365.587
1366.183
1368.942
1369.947
1371.582
1373.277
1374.067
1374.411
1375.911
1377.255
1378.674
1380.094
1380.564
1381.106
1381.892
1382.516
1383.761
1384.466
1386.425
1386.7155
1388.287
1388.887
1389.313
1389.81
1390.366
1391.359
1392.143
1393.092
1393.478
1394.674
1397.144
1397.728
1398.341
1398.991
1399.381
1401.406
1401.735
1402.992
1403.983
1406.929
1409.82
1410.627
1412.266
1413.64
1414.993
1416.066
1416.837
1418.076
1419.081
1421.185
1423.593
1424.195
1425.268
1426.16
1427.027
1427.862
1428.496
1431.246
1434.5
1441.926
1444.479
1445.091
1446.405
1447.28
1448.17
1450.593
1450.749
1455.97
1456.768
1457.7
1458.6945
1461.967
1464.205
1465.562
1465.768
1466.13
1468.415
1469.15
1470.6335
1471.126
1472.231
1472.639
1474.171
1475.59
1476.458
1477.841
1477.998
1479.487
1479.7155
1479.873
1480.91
1481.502
1481.764
1482.282
1483.132
1483.722
1484.243
1485.0855
1485.262
1485.496
1485.813
1486.093
1486.196
1486.374
1486.619
1487.396
1487.852
1488.447
1488.766
1489.03
1489.416
1490.08
1490.432
1490.74
1491.298
1491.813
1492.63
1493.636
1493.801
1494.431
1495.381
1495.785
1496.112
1500.734
1501.85
1503.499
1504.02
1506.119
1507.008
1508.0495
1511.357
1512.004
1513.462
1517.98
1522.213
1524.185
1524.77
1525.454
1525.862
1526.497
1527.3185
1529.0265
1530.4895
1531.793
1532.38
1533.16
1535.687
1536.035
1538.371
1538.676
1539.366
1540.037
1540.676
1541.622
1541.958
1543.069
1543.528
1544.236
1545.612
1547.86
1549.426
1555.4865
1556.83
1557.272
1558.465
1560.159
1561.495
1562.416
1563.139
1564.5
1566.528
1567.573
1568.246
1568.989
1569.543
1571.39
1573.661
1574.903
1575.999
1576.651
1577.573
1578.605
1579.77
1580.71
1581.848
1582.623
1583.582
1584.505
1585.306
1588.09
1588.937
1590.265
1590.85
1592.197
1594.59
1595.07
1595.798
1596.278
1597.519
1599.069
1601.074
1601.546
1602.033
1602.444
1602.962
1604.986
1605.737
1606.5435
1607.468
1609.45
1610.802
1611.983
1614.724
1619.5565
1621.541
1625.576
1627.9585
1628.21
1642.658
1645.845
1662.4
1664.1
1665.5
1687.765
1692.631
1693.678
1699.819
1714.184
1716.152
1719.126
1721.322
1728.5885
1770.805
1782.658
1783.702
1798.346
1802.266
1814.919
1820.387
1827.205
1840.237
1843.683
1862.5795
1864.021
1866.205
1866.87
1868.553
1869.52
1870.388
1871.387
1872.2355
1880.003
1888.696
1889.859
1894.009
1902.8545
1916.796
1918.953
1929.871
1931.064
1939.5265
1939.939
1944.445
1946.539
1947.337
1947.944
1948.724
1949.234
1949.5835
1950.451
1951.089
1971.809
1972.687
1983.491
1987.977
1989.8955
1990.753
1992.606
1994.006
1995.096
1998.139
1998.849
1999.886
2000.2065
2000.714
2002.885
2003.453
2005.777
2006.221
2009.218
2011.0035
2022.25
2026.2
2029.203
2032.331
2035.427
2038.0405
2038.371
2040.443
2042.284
2042.696
2044.165
2044.994
2046.471
2047.001
2047.323
2049.481
2050.45
2052.446
2052.908
2054.1845
2055.353
2058.248
2062.011
2063.098
2065.538
2065.773
2066.838
2067.3665
2067.612
2067.834
2068.672
2069.25
2070.243
2072.476
2077.955
2079.0
2100.0335
2103.95
2111.575
2115.397
2116.162
2118.626
2121.8605
2132.213
2133.26
2135.1255
2136.945
2138.056
2142.367
2143.688
2145.732
2146.355
2146.731
2151.793
2154.835
2155.211
2155.833
2156.5425
2157.268
2159.484
2170.989
2171.42
2172.078
2172.48
2173.9
2174.5
2177.672
2177.9875
2179.632
2180.49
2180.88
2182.7775
2187.18
2188.12
2189.201
2191.394
2191.9755
2192.381
2194.988
2195.53
2197.293
2197.832
2198.886
2199.2005
2200.506
2201.5525
2202.257
2204.1445
2204.705
2206.042
2207.158
2209.653
2211.915
2214.506
2215.501
2217.244
2217.6545
2218.013
2219.163
2220.143
2227.22
2234.049
2235.831
2240.784
2242.201
2248.961
2250.598
2252.8785
2255.362
2256.41
2257.55
2257.802
2258.248
2271.1335
2272.36
2273.315
2274.745
2276.933
2277.663
2281.339
2282.965
2286.507
2286.951
2289.4085
2290.628
2292.5
2293.357
2293.725
2294.649
2296.074
2296.381
2298.074
2299.053
2301.87
2302.7535
2303.185
2304.245
2304.869
2305.62
2307.609
2307.913
2310.57
2312.348
2313.065
2313.462
2315.322
2316.29
2317.63
2318.905
2322.556
2324.016
2325.637
2326.099
2327.373
2328.224
2329.09
2332.32
2333.376
2334.129
2335.663
2337.391
2337.9165
2339.087
2339.931
2344.596
2344.9825
2357.412
2359.4525
2362.161
2363.884
2364.511
2365.411
2367.833
2368.274
2374.309
2375.238
2382.6545
2384.398
2385.2285
2385.561
2386.634
2388.477
2388.804
2389.487
2391.313
2393.347
2393.86
2395.84
2396.131
2398.326
2399.16
2400.6905
2401.352
2405.864
2406.915
2408.997
2411.292
2412.478
2415.564
2418.614
2419.05
2420.128
2423.371
2423.668
2424.802
2445.9
2461.16
2469.74
2494.16
2504.758
2521.258
2525.141
2528.0115
2529.072
2534.335
2547.214
2547.982
2550.0345
2551.443
2553.099
2554.031
2558.372
2562.875
2563.835
2564.7
2564.927
2565.483
2570.066
2571.597
2571.915
2572.627
2573.557
2577.792
2592.5
2593.968
2595.62
2598.085
2603.173
2608.471
2612.22
2612.55
2618.071
2619.1615
2625.855
2626.65
2629.089
2631.83
2633.466
2638.549
2641.57
2645.8
2646.883
2648.216
2650.663
2653.99
2656.945
2660.251
2661.48
2662.533
2663.835
2670.875
2680.405
2683.214
2685.505
2690.016
2691.1905
2717.448
2722.939
2725.858
2733.489
2734.662
2737.747
2746.247
2747.845
2756.8625
2761.348
2763.211
2768.408
2769.11
2770.786
2775.087
2777.41
2782.028
2782.841
2788.931
2793.0085
2794.846
2797.874
2799.174
2801.179
2803.898
2806.74
2808.66
2811.0665
2815.099
2817.089
2817.738
2823.58
2852.02
2864.73
2870.35
2891.259
2897.2
2898.54
2905.02
