#LID values from Kaden model run. Model provided in ages, so depth was interpolated from GICC05. # See code in /Python Code under ngrip_lid_kaden_model.ipynb
depth	LID	rel_unc	comment
69.35	68.8070068847537	0.2	
73.6	68.9792009228629	0.2	
77.6	69.138429203208	0.2	
81.75	69.2553649324612	0.2	
85.65	69.3092237752702	0.2	
89.55	69.288531873698	0.2	
93.475	69.2440492734532	0.2	
97.425	69.1781442924688	0.2	
101.4	69.0911335183168	0.2	
105.275	68.9997607827067	0.2	
109.1	68.8985186622875	0.2	
112.875	68.7979473788012	0.2	
116.7	68.7144582040081	0.2	
120.425	68.6578632921295	0.2	
124.05	68.6223688605289	0.2	
128.175	68.6020326556482	0.2	
131.875	68.593517685412	0.2	
135.725	68.596276632233	0.2	
139.4	68.6130769332793	0.2	
143.175	68.6446385863952	0.2	
146.925	68.6863347191037	0.2	
150.7	68.7395795577849	0.2	
154.325	68.8133650480513	0.2	
157.725	68.8920342581789	0.2	
161.375	68.9658017155932	0.2	
165.125	69.0161040997584	0.2	
168.625	69.0473267948438	0.2	
172.0	69.0530783008993	0.2	
175.6	69.0351870082284	0.2	
179.225	69.0065527965732	0.2	
182.825	68.9780148106704	0.2	
186.55	68.9492197947816	0.2	
190.175	68.9229185370888	0.2	
193.975	68.9051060615645	0.2	
197.35	68.886502687505	0.2	
200.75	68.8524225832086	0.2	
204.3	68.8016172790255	0.2	
207.85	68.7532837863278	0.2	
211.475	68.7052340788861	0.2	
215.075	68.6598800044897	0.2	
218.675	68.6237532728632	0.2	
222.2	68.5996602395005	0.2	
225.8	68.5938386243947	0.2	
229.375	68.6155901912133	0.2	
232.975	68.6639530325724	0.2	
236.375	68.7233583668918	0.2	
239.975	68.7870510770602	0.2	
243.35	68.8369567379269	0.2	
247.0	68.8538842978337	0.2	
250.6	68.8248670948275	0.2	
254.2	68.7555951352059	0.2	
257.725	68.6615032674384	0.2	
261.175	68.5683951923498	0.2	
264.525	68.4974621762935	0.2	
268.1	68.4528034735716	0.2	
271.55	68.4385365440911	0.2	
274.975	68.4443853686326	0.2	
278.7	68.4614898278897	0.2	
282.225	68.4890088284865	0.2	
285.55	68.5288298659358	0.2	
289.225	68.580100141373	0.2	
292.7	68.6429494004955	0.2	
296.25	68.7014907257736	0.2	
299.7	68.7577875302839	0.2	
303.275	68.8057608725926	0.2	
306.7	68.8369070310478	0.2	
310.125	68.8454081745837	0.2	
313.55	68.8247891304856	0.2	
316.975	68.7864091584037	0.2	
320.4	68.746684976481	0.2	
323.775	68.7177158354361	0.2	
327.225	68.7076740265499	0.2	
330.775	68.7265280216645	0.2	
334.05	68.782746005961	0.2	
337.425	68.853768999021	0.2	
340.7	68.9080384674225	0.2	
344.125	68.9161139923252	0.2	
347.675	68.8775459253947	0.2	
351.0	68.7966424074739	0.2	
354.04	68.6652960471103	0.2	
357.49	68.479990853478	0.2	
360.91	68.2824662756902	0.2	
364.34	68.1038772621421	0.2	
367.72	67.9313179379683	0.2	
370.57	67.7853754018179	0.2	
373.97	67.6873353879636	0.2	
377.78	67.6391031017375	0.2	
381.49	67.6394337118882	0.2	
384.6	67.6785342819809	0.2	
388.47	67.7915227580273	0.2	
391.47	67.9343041327382	0.2	
395.05	68.0794849156101	0.2	
398.38	68.2055786210903	0.2	
401.53	68.3077938920462	0.2	
405.18	68.4032207228789	0.2	
408.51	68.4876620215006	0.2	
411.73	68.561722745788	0.2	
414.83	68.630219256016	0.2	
418.06	68.6857957309442	0.2	
421.46	68.7031568542013	0.2	
424.47	68.5924187282959	0.2	
427.77	68.4322330776529	0.2	
431.03	68.2502189516256	0.2	
434.32	68.0827273634187	0.2	
437.76	67.9577236014102	0.2	
440.88	67.8949023758088	0.2	
444.21	67.9060866214239	0.2	
447.57	67.9782783179394	0.2	
450.97	68.0851107060512	0.2	
454.01	68.2418412781239	0.2	
457.23	68.3826988569247	0.2	
460.43	68.4985529353	0.2	
463.51	68.5915023686592	0.2	
466.55	68.6681658532904	0.2	
469.85	68.738497359762	0.2	
472.87	68.7979517012786	0.2	
476.1	68.7812936213167	0.2	
479.35	68.7142376682688	0.2	
482.6	68.6349554720531	0.2	
485.8	68.5602661111986	0.2	
489.17	68.5012141379091	0.2	
492.12	68.4622568751688	0.2	
495.41	68.4466908808707	0.2	
498.71	68.4376605868762	0.2	
501.78	68.4041599920085	0.2	
505.33	68.3239647179594	0.2	
508.48	68.2158426591981	0.2	
511.93	68.095786339498	0.2	
514.9	67.985659327726	0.2	
517.85	67.8874915314526	0.2	
520.77	67.8113575219905	0.2	
524.12	67.7512252570443	0.2	
527.42	67.6996962780066	0.2	
530.64	67.6596775760037	0.2	
533.83	67.675093327392	0.2	
537.17	67.6848660855061	0.2	
540.47	67.6856801147983	0.2	
543.62	67.6892718281221	0.2	
546.74	67.7228881555726	0.2	
549.87	67.8011935561698	0.2	
552.82	67.9095262668908	0.2	
555.91	68.0031758719006	0.2	
558.87	68.0759725583608	0.2	
562.1	68.1262502698363	0.2	
564.9	68.1484311317601	0.2	
567.71	68.1656876440539	0.2	
570.64	68.1933138068931	0.2	
573.67	68.2333743917607	0.2	
576.95	68.2300555770302	0.2	
579.97	68.2240846488753	0.2	
583.19	68.2221183776965	0.2	
586.34	68.2730019680014	0.2	
589.48	68.2910180988619	0.2	
592.26	68.2850621577564	0.2	
595.5	68.2460028186368	0.2	
598.44	68.1473455810304	0.2	
601.36	68.0378990340322	0.2	
604.69	67.9410406416206	0.2	
607.89	67.8616381548948	0.2	
610.92	67.8144902112886	0.2	
613.93	67.7907263568013	0.2	
616.92	67.8443960927095	0.2	
619.98	67.9287522942533	0.2	
622.86	67.9981979459924	0.2	
625.87	68.0364054333166	0.2	
628.99	68.041816085887	0.2	
632.01	68.0203085030287	0.2	
634.92	67.985874639509	0.2	
637.89	67.950462808057	0.2	
640.99	67.9066042618636	0.2	
644.05	67.7928428856479	0.2	
647.02	67.6808407514984	0.2	
650.0	67.6101805740889	0.2	
653.05	67.6148455367004	0.2	
656.12	67.6431944077019	0.2	
659.08	67.7144046562201	0.2	
662.09	67.8398783770033	0.2	
664.95	67.9978982921303	0.2	
667.95	68.1611621841888	0.2	
670.98	68.322132913336	0.2	
674.26	68.4658285869484	0.2	
677.07	68.5698020233621	0.2	
680.06	68.628102369472	0.2	
682.84	68.6555394413799	0.2	
685.65	68.6711215463345	0.2	
688.47	68.6536699545056	0.2	
691.68	68.5532711373586	0.2	
694.49	68.4531215412461	0.2	
697.32	68.3607855064441	0.2	
700.63	68.2928048231129	0.2	
704.11	68.2512489806363	0.2	
706.92	68.2318529558557	0.2	
710.13	68.2264676446729	0.2	
713.11	68.2239212342862	0.2	
715.86	68.2007401782922	0.2	
718.63	68.1896093973284	0.2	
721.41	68.1856123817765	0.2	
724.12	68.1643638183446	0.2	
726.81	68.1244564579112	0.2	
729.63	68.0251923683136	0.2	
732.59	67.9273544381546	0.2	
735.13	67.8489294550678	0.2	
738.22	67.78966103245	0.2	
740.98	67.7799840115254	0.2	
744.0	67.8297494435729	0.2	
746.65	67.8704788379552	0.2	
749.44	67.8913566874189	0.2	
752.45	67.8906510248717	0.2	
755.34	67.8771604027627	0.2	
758.01	67.8536703273008	0.2	
760.81	67.819068976307	0.2	
763.36	67.7779155131035	0.2	
765.89	67.7296249927591	0.2	
768.33	67.6745807741671	0.2	
770.94	67.627528142904	0.2	
773.61	67.5953509185386	0.2	
776.64	67.5816136819986	0.2	
779.48	67.5793433721052	0.2	
782.39	67.5903781247681	0.2	
784.91	67.6141195034351	0.2	
787.9	67.6492867911336	0.2	
790.63	67.6885748852376	0.2	
793.03	67.7278571623838	0.2	
795.69	67.7634073531018	0.2	
798.64	67.7844579723318	0.2	
800.95	67.7798534094214	0.2	
804.14	67.7392369408685	0.2	
807.06	67.6756342923732	0.2	
809.86	67.6065021871006	0.2	
812.37	67.5463663624225	0.2	
814.86	67.5073659647064	0.2	
817.78	67.4849328056907	0.2	
820.2	67.4747202929324	0.2	
822.79	67.469069374003	0.2	
825.43	67.4671606233366	0.2	
827.85	67.4723547458952	0.2	
830.52	67.4876030404075	0.2	
833.42	67.5157728981515	0.2	
835.93	67.5613491729694	0.2	
838.83	67.6252373110661	0.2	
841.59	67.6942642042383	0.2	
844.2	67.7614723896859	0.2	
846.81	67.8126290043205	0.2	
850.05	67.8503369383651	0.2	
852.79	67.8676521753714	0.2	
855.68	67.8652025975543	0.2	
858.5	67.8515170812665	0.2	
861.14	67.8400335605967	0.2	
863.91	67.8410061007357	0.2	
866.83	67.8631473807533	0.2	
869.41	67.9237973425634	0.2	
872.14	68.0299846441862	0.2	
874.64	68.1449327885354	0.2	
877.24	68.2517730515968	0.2	
879.73	68.3327342187099	0.2	
882.13	68.3641002307757	0.2	
885.06	68.3425823191464	0.2	
887.67	68.2760296847056	0.2	
890.47	68.1807588034072	0.2	
893.0	68.0482432031964	0.2	
895.73	67.8860728228285	0.2	
898.46	67.7329114380368	0.2	
901.2	67.610543460289	0.2	
903.83	67.517278197232	0.2	
906.5	67.5199480501784	0.2	
909.22	67.5463886828072	0.2	
911.77	67.5952080665241	0.2	
914.42	67.6545466898866	0.2	
917.03	67.7220494394286	0.2	
919.58	67.7854313830252	0.2	
922.16	67.8398418699417	0.2	
924.65	67.8653913173159	0.2	
927.19	67.8541674385495	0.2	
929.55	67.8032725901243	0.2	
931.99	67.7217151421886	0.2	
934.79	67.6048785061671	0.2	
937.22	67.4617218287163	0.2	
939.77	67.3222841199242	0.2	
942.18	67.1885333569233	0.2	
944.93	67.0720415344097	0.2	
947.43	66.9797303949727	0.2	
950.12	66.9251120821302	0.2	
953.03	66.9300484107453	0.2	
955.55	66.9692963371918	0.2	
958.09	67.0281317296918	0.2	
960.18	67.1074014639062	0.2	
962.78	67.2120999609885	0.2	
965.21	67.3162393103006	0.2	
967.97	67.4051270640333	0.2	
970.27	67.4656157494055	0.2	
972.71	67.4931226330066	0.2	
975.29	67.4768849108442	0.2	
977.83	67.4154657584436	0.2	
980.04	67.3262436684299	0.2	
982.61	67.2318543180088	0.2	
985.21	67.160221813923	0.2	
987.78	67.1121523034647	0.2	
989.94	67.091839822855	0.2	
992.39	67.096931455208	0.2	
994.99	67.1232345151503	0.2	
997.45	67.1574394595822	0.2	
1000.34	67.1847170333982	0.2	
1002.84	67.1969655177612	0.2	
1005.35	67.1901773548008	0.2	
1007.78	67.1620071794263	0.2	
1010.77	67.1097671624221	0.2	
1013.29	67.0501383038004	0.2	
1015.62	66.9923145668266	0.2	
1018.21	66.9479875385981	0.2	
1020.62	66.9123946270309	0.2	
1022.89	66.8945095392677	0.2	
1025.55	66.9038219522074	0.2	
1027.6	66.9449532854827	0.2	
1029.94	67.0059592149977	0.2	
1032.45	67.0793590565692	0.2	
1034.79	67.1461243159898	0.2	
1037.43	67.1975440385086	0.2	
1039.75	67.228995634354	0.2	
1042.22	67.2233507938395	0.2	
1044.88	67.1770714657403	0.2	
1047.34	67.1154333123577	0.2	
1049.75	67.0613897687044	0.2	
1052.32	67.0313918280827	0.2	
1054.83	67.0283348164403	0.2	
1057.53	67.0501919296645	0.2	
1060.01	67.0926284480037	0.2	
1062.56	67.1439286347512	0.2	
1064.83	67.1980626510812	0.2	
1067.2	67.241108091714	0.2	
1069.6	67.2690483044718	0.2	
1072.08	67.2856105938382	0.2	
1074.49	67.2967101177444	0.2	
1077.09	67.3095829882466	0.2	
1079.59	67.333493621947	0.2	
1082.24	67.3684745584098	0.2	
1084.41	67.4099481751366	0.2	
1086.53	67.4542498267761	0.2	
1088.77	67.5052605916543	0.2	
1091.33	67.5549954223035	0.2	
1093.71	67.6005811711992	0.2	
1095.88	67.6304373012611	0.2	
1098.2	67.649264786956	0.2	
1100.75	67.6698715828191	0.2	
1103.61	67.6892224548353	0.2	
1106.0	67.7003796277573	0.2	
1108.25	67.6999833142132	0.2	
1110.46	67.6938620318518	0.2	
1112.82	67.68362999713909	0.2	
1115.24	67.6586996640911	0.2	
1117.64	67.6156050847902	0.2	
1119.92	67.5593116219348	0.2	
1122.07	67.4911872116404	0.2	
1124.25	67.4108808428504	0.2	
1126.65	67.334398150819	0.2	
1129.13	67.2643603792494	0.2	
1131.51	67.1999017229495	0.2	
1134.16	67.1393703571714	0.2	
1136.34	67.0674899503421	0.2	
1138.52	66.9915511429228	0.2	
1141.01	66.9163861619124	0.2	
1143.07	66.8497534373652	0.2	
1145.4	66.801759475584	0.2	
1147.83	66.7716400145777	0.2	
1150.16	66.7616624921194	0.2	
1152.66	66.766183688659	0.2	
1155.07	66.7716824449263	0.2	
1157.29	66.7602969700517	0.2	
1159.81	66.704857603425	0.2	
1162.23	66.605389533068	0.2	
1164.07	66.4876805312341	0.2	
1166.38	66.3629150577219	0.2	
1168.31	66.259889734165	0.2	
1170.54	66.1811264777125	0.2	
1173.11	66.1291835334991	0.2	
1175.36	66.1049582220109	0.2	
1177.35	66.1056740191859	0.2	
1179.41	66.1738806098425	0.2	
1182.27	66.2392861477159	0.2	
1184.71	66.2944646174083	0.2	
1186.97	66.3693056798771	0.2	
1189.47	66.4691976998746	0.2	
1191.64	66.5847603020275	0.2	
1194.1	66.7160199081242	0.2	
1196.22	66.8601000585981	0.2	
1198.38	67.0087051232332	0.2	
1200.51	67.1474763356622	0.2	
1202.58	67.266192511363	0.2	
1204.84	67.370747109428	0.2	
1207.12	67.4532639358622	0.2	
1209.33	67.4863409021047	0.2	
1211.48	67.5409566754576	0.2	
1213.51	67.6443651979346	0.2	
1215.53	67.8132529025578	0.2	
1217.62	68.0481135946071	0.2	
1219.47	68.3290658110835	0.2	
1221.56	68.6258306529521	0.2	
1223.46	68.9066787250984	0.2	
1225.46	69.1915997908252	0.2	
1227.26	69.4236004897482	0.2	
1228.99	69.5923300264182	0.2	
1230.56	69.6797920674985	0.2	
1232.53	69.6821340693126	0.2	
1234.78	69.592048000921	0.2	
1237.16	69.3947818802787	0.2	
1239.2	69.0964781088528	0.2	
1241.04	68.7879402075027	0.2	
1242.94	68.5089013927837	0.2	
1244.84	68.2417281998761	0.2	
1246.74	68.1315558843409	0.2	
1248.7	68.1136576163133	0.2	
1250.75	68.1364329876705	0.2	
1252.59	68.1669065294829	0.2	
1254.39	68.1874856375037	0.2	
1256.5	68.2541193273648	0.2	
1258.4	68.3027530453519	0.2	
1260.45	68.3588485426616	0.2	
1262.41	68.4337598033173	0.2	
1264.2	68.5272763740354	0.2	
1266.07	68.6367745845834	0.2	
1267.97	68.7505853885258	0.2	
1269.66	68.876861975995	0.2	
1271.79	69.0052603552534	0.2	
1273.68	69.1342534480104	0.2	
1275.67	69.2619107405794	0.2	
1277.56	69.3789391321221	0.2	
1279.4	69.4923946895291	0.2	
1281.18	69.5559662187526	0.2	
1283.04	69.5727429009853	0.2	
1285.07	69.5808184244846	0.2	
1286.76	69.5875501009288	0.2	
1288.68	69.5925456837327	0.2	
1290.44	69.5980849359205	0.2	
1292.17	69.6107263388388	0.2	
1294.04	69.6355743960693	0.2	
1295.85	69.664449477365	0.2	
1297.54	69.7047932167635	0.2	
1299.74	69.7715510583097	0.2	
1301.54	69.8662506907852	0.2	
1303.4	69.9944948665356	0.2	
1305.08	70.1388275708964	0.2	
1306.82	70.2809335774776	0.2	
1308.46	70.4024405859547	0.2	
1310.23	70.4862637254076	0.2	
1312.12	70.54138602409989	0.2	
1313.93	70.5754037956216	0.2	
1315.62	70.6019941600203	0.2	
1317.55	70.6232464407826	0.2	
1319.24	70.6549416534181	0.2	
1321.01	70.7013021422367	0.2	
1322.88	70.7460327542002	0.2	
1324.4	70.7651179402442	0.2	
1326.11	70.758909010772	0.2	
1327.73	70.7198563061169	0.2	
1329.25	70.6271209884932	0.2	
1330.87	70.4696138035676	0.2	
1332.57	70.2586576876094	0.2	
1334.36	69.9761508670199	0.2	
1336.18	69.6328263101085	0.2	
1337.81	69.3038283087712	0.2	
1339.56	69.036854122861	0.2	
1341.22	68.8384028768064	0.2	
1342.94	68.8402081111529	0.2	
1344.72	68.9369843940221	0.2	
1346.41	69.0514053083771	0.2	
1347.87	69.1665109911564	0.2	
1349.52	69.2651833514824	0.2	
1350.71	69.3415212060307	0.2	
1352.23	69.4013470759125	0.2	
1354.05	69.4596521787243	0.2	
1355.69	69.5186188315663	0.2	
1357.32	69.5840829117699	0.2	
1358.86	69.6560836052716	0.2	
1360.57	69.7332216509739	0.2	
1362.08	69.8206369496965	0.2	
1363.71	69.9272041425532	0.2	
1365.33	70.0462872264852	0.2	
1367.01	70.1786969421846	0.2	
1368.62	70.3256839381944	0.2	
1370.27	70.4986030960326	0.2	
1371.87	70.6780672995707	0.2	
1373.44	70.8697881111863	0.2	
1375.15	71.0642627706389	0.2	
1376.7	71.243818844425	0.2	
1378.2	71.4305799967059	0.2	
1379.72	71.6107875961239	0.2	
1381.21	71.7730033318747	0.2	
1382.79	71.9430164201189	0.2	
1384.34	72.0892630699826	0.2	
1385.88	72.2084944667913	0.2	
1387.37	72.3269921754426	0.2	
1388.82	72.4289432838822	0.2	
1390.23	72.5150882232181	0.2	
1391.72	72.6077630305543	0.2	
1393.18	72.7078638265022	0.2	
1394.61	72.82507034733	0.2	
1396.05	72.9528903329566	0.2	
1397.61	73.0782063011529	0.2	
1399.13	73.2166055634307	0.2	
1400.55	73.3547319613916	0.2	
1402.07	73.5093065635627	0.2	
1403.52	73.6665974074859	0.2	
1405.04	73.8071597331008	0.2	
1406.441	73.9368005387062	0.2	
1407.905	74.0899524386658	0.2	
1409.424	74.2798255422834	0.2	
1410.772	74.5154689491667	0.2	
1412.135	74.7418395213503	0.2	
1413.484	74.8677767528958	0.2	
1414.802	74.9427764420706	0.2	
1416.182	74.9547773346859	0.2	
1417.5	74.9119791368081	0.2	
1418.84	74.8543209966724	0.2	
1420.217	74.8027440915765	0.2	
1421.548	74.7744782834271	0.2	
1422.872	74.772221115973	0.2	
1424.233	74.7886117059511	0.2	
1425.594	74.8200845428086	0.2	
1426.931	74.8686821730367	0.2	
1428.22	74.9393785722361	0.2	
1429.544	74.9748534504318	0.2	
1430.853	75.0232827662178	0.2	
1432.216	75.116982568341	0.2	
1433.501	75.2501887925265	0.2	
1434.837	75.4076561759232	0.2	
1436.11	75.5827570767582	0.2	
1437.425	75.7599829162041	0.2	
1438.708	75.9477340360009	0.2	
1439.917	76.1295343177969	0.2	
1441.162	76.330969271843	0.2	
1442.437	76.5280883359582	0.2	
1443.802	76.7442891297837	0.2	
1445.12	76.9635139683625	0.2	
1446.333	77.1787934509154	0.2	
1447.528	77.3895827237471	0.2	
1448.64	77.5928250376635	0.2	
1449.918	77.7953821778832	0.2	
1451.03	77.9426505769644	0.2	
1452.292	78.0605891053175	0.2	
1453.536	78.1560436508981	0.2	
1454.746	78.2269743863793	0.2	
1455.979	78.2753847959228	0.2	
1457.18	78.3079200859319	0.2	
1458.375	78.3324799066243	0.2	
1459.59	78.3508186939734	0.2	
1460.851	78.3278356598812	0.2	
1461.968	78.2766080337974	0.2	
1463.163	78.2240838739625	0.2	
1464.374	78.1906056075988	0.2	
1465.523	78.1503164862595	0.2	
1466.672	78.1204713368029	0.2	
1467.895	78.1282535041042	0.2	
1469.13	78.1816882529872	0.2	
1470.355	78.3001401665911	0.2	
1471.51	78.4530325225986	0.2	
1472.663	78.6101304545497	0.2	
1473.879	78.7753238068172	0.2	
1475.024	78.9583434078451	0.2	
1476.16	79.154610506611	0.2	
1477.226	79.3474528863999	0.2	
1478.156	79.5391614954627	0.2	
1479.148	79.7269045457662	0.2	
1480.13	79.908248725323	0.2	
1481.235	80.0914172804835	0.2	
1482.32	80.289961903231	0.2	
1483.413	80.526590484391	0.2	
1484.592	80.7924090229991	0.2	
1485.685	81.0638975261755	0.2	
1486.951	81.3135773115021	0.2	
1488.103	81.544700757009	0.2	
1489.264	81.7951460949345	0.2	
1490.444	82.0398315722316	0.2	
1491.445	82.3018351431495	0.2	
1492.331	82.5513470369068	0.2	
1492.939	82.8481307951925	0.2	
1493.622	83.1609408615331	0.2	
1494.264	83.4866162519342	0.2	
1494.845	83.8129054972262	0.2	
1495.432	84.0939867585885	0.2	
1496.059	84.4113308964675	0.2	
1496.677	84.6935277887811	0.2	
1497.252	85.0116923911075	0.2	
1497.811	85.329799993888	0.2	
1498.35	85.6484721196145	0.2	
1498.93	85.9620252231508	0.2	
1499.527	86.2891827787758	0.2	
1500.151	86.5802721476876	0.2	
1500.742	86.8993187325947	0.2	
1501.294	87.1835863650534	0.2	
1501.853	87.4673676053194	0.2	
1502.509	87.7203459008901	0.2	
1503.094	88.0086626171701	0.2	
1503.651	88.2999744233136	0.2	
1504.251	88.5934365668504	0.2	
1504.778	88.8849625888052	0.2	
1505.353	89.2017926881377	0.2	
1505.871	89.4812115692117	0.2	
1506.369	89.76260479213	0.2	
1506.939	90.0582749241778	0.2	
1507.494	90.3044002041765	0.2	
1508.029	90.5287319459816	0.2	
1508.575	90.7261171911889	0.2	
1509.198	90.8977159388589	0.2	
1509.743	91.0514193427018	0.2	
1510.286	91.1807726953975	0.2	
1510.777	91.2654640605671	0.2	
1511.337	91.3046259657603	0.2	
1511.825	91.2751413605313	0.2	
1512.408	91.1795429239168	0.2	
1512.949	91.0237740827257	0.2	
1513.556	90.7654572681319	0.2	
1514.201	90.4122432155838	0.2	
1514.754	89.960224199621	0.2	
1515.271	89.4097505358423	0.2	
1515.842	88.8503902905604	0.2	
1516.375	88.1980576747819	0.2	
1516.891	87.5115835421889	0.2	
1517.457	86.7443860991265	0.2	
1517.936	86.0199685481932	0.2	
1518.39	85.5032298586732	0.2	
1518.899	85.317435491535	0.2	
1519.501	85.1795432847501	0.2	
1520.041	85.0894411538068	0.2	
1520.592	85.0428038134542	0.2	
1521.211	85.0189164919602	0.2	
1521.815	84.9738014701727	0.2	
1522.358	84.8635902013163	0.2	
1522.914	84.6908849721315	0.2	
1523.444	84.4930093093733	0.2	
1524.017	84.2943148725052	0.2	
1524.701	84.1164047742108	0.2	
1525.302	83.8047607142802	0.2	
1525.943	83.289339026284	0.2	
1526.671	82.7031384762061	0.2	
1527.42	82.292612619358	0.2	
1528.235	82.0427218375423	0.2	
1528.982	81.8048649911355	0.2	
1529.764	81.465983818694	0.2	
1530.728	81.1035414716041	0.2	
1531.501	80.8154834044851	0.2	
1532.263	80.6326566943893	0.2	
1533.12	80.5224199160663	0.2	
1533.862	80.4419800466876	0.2	
1534.545	80.354211855646	0.2	
1535.21	80.2599048996103	0.2	
1535.893	80.2155537931117	0.2	
1536.558	80.2014207241968	0.2	
1537.226	80.2288284413619	0.2	
1537.941	80.3724687147476	0.2	
1538.642	80.6887475818443	0.2	
1539.37	81.2187104949359	0.2	
1540.001	81.9051368341167	0.2	
1540.803	82.7096947477966	0.2	
1541.645	83.5555339309658	0.2	
1542.484	84.3418141206922	0.2	
1543.366	85.034898339111	0.2	
1544.197	85.5930174064807	0.2	
1545.024	85.9490575303248	0.2	
1545.941	86.1911600069593	0.2	
1546.776	86.3348219860666	0.2	
1547.745	86.3323717570764	0.2	
1548.552	86.2018516314129	0.2	
1549.461	85.9853022857622	0.2	
1550.328	85.6733058919345	0.2	
1551.27	85.3045960650568	0.2	
1552.172	84.954919626816	0.2	
1553.158	84.6489488702593	0.2	
1553.954	84.3854835461522	0.2	
1554.753	84.2194322787968	0.2	
1555.495	84.1365967499018	0.2	
1556.257	84.1421214869005	0.2	
1557.084	84.2676164213449	0.2	
1557.885	84.4669113810069	0.2	
1558.84	84.692522440522	0.2	
1559.719	84.9418251685198	0.2	
1560.62	85.1397724683105	0.2	
1561.506	85.3000551381266	0.2	
1562.425	85.4324806581973	0.2	
1563.358	85.5292893250918	0.2	
1564.336	85.5882455357469	0.2	
1565.203	85.6276796396234	0.2	
1566.159	85.6502359680976	0.2	
1567.162	85.6601651938365	0.2	
1568.057	85.6593554346463	0.2	
1568.976	85.6489064473654	0.2	
1569.946	85.6258034934383	0.2	
1570.753	85.5788390126869	0.2	
1571.512	85.5027682277839	0.2	
1572.26	85.3944444401104	0.2	
1572.969	85.2320147176725	0.2	
1573.589	85.0715823195167	0.2	
1574.283	84.9623416195565	0.2	
1575.033	84.9276187118982	0.2	
1575.901	84.9881240105349	0.2	
1576.769	85.0894923554754	0.2	
1577.588	85.153279865266	0.2	
1578.538	85.1287705075989	0.2	
1579.299	85.0167335081447	0.2	
1580.19	84.8534800195214	0.2	
1581.179	84.6501725728594	0.2	
1582.162	84.4258426692108	0.2	
1583.159	84.1790552061335	0.2	
1584.063	83.8941406812864	0.2	
1585.159	83.5576646420763	0.2	
1586.219	83.1806247812145	0.2	
1587.241	82.8525544761436	0.2	
1588.236	82.6844575138457	0.2	
1589.201	82.729423242068	0.2	
1590.163	82.9983889450008	0.2	
1591.119	83.4317770032389	0.2	
1592.084	83.882844922067	0.2	
1593.141	84.3277106646464	0.2	
1594.209	84.7309445052593	0.2	
1595.045	85.1129839822509	0.2	
1596.124	85.434186063382	0.2	
1597.212	85.7653854326583	0.2	
1598.321	86.1230041757054	0.2	
1599.466	86.470477769497	0.2	
1600.52	86.7912665516326	0.2	
1601.402	87.1064885756573	0.2	
1602.322	87.4457800585377	0.2	
1603.309	87.7671728255568	0.2	
1604.167	88.1093162589348	0.2	
1604.891	88.4709354164882	0.2	
1605.379	88.8031623345251	0.2	
1605.964	89.201627845668	0.2	
1606.49	89.5655790078174	0.2	
1607.082	89.9960503535671	0.2	
1607.677	90.3832987011169	0.2	
1608.284	90.777901800376	0.2	
1608.798	91.1206932146103	0.2	
1609.358	91.5229468946513	0.2	
1609.877	91.868030999273	0.2	
1610.391	92.2122134107193	0.2	
1610.903	92.4980015652232	0.2	
1611.365	92.83810336846	0.2	
1611.831	93.1750502612512	0.2	
1612.299	93.5085138084222	0.2	
1612.825	93.8375122914295	0.2	
1613.315	94.1621297247771	0.2	
1613.72	94.4820170887466	0.2	
1614.179	94.796157349752	0.2	
1614.663	95.1048030989808	0.2	
1615.125	95.4068019108399	0.2	
1615.548	95.6529760995736	0.2	
1615.975	95.9414121325139	0.2	
1616.394	96.2211431490674	0.2	
1616.841	96.4921390388766	0.2	
1617.315	96.7954948433459	0.2	
1617.734	97.0849599765747	0.2	
1618.184	97.35915062911	0.2	
1618.665	97.6530847245453	0.2	
1619.12	97.9251992865081	0.2	
1619.633	98.1442027181476	0.2	
1620.11	98.3717924129186	0.2	
1620.562	98.5503382459537	0.2	
1621.016	98.7088972300205	0.2	
1621.445	98.8473229512018	0.2	
1621.917	98.9781983571759	0.2	
1622.384	99.090606744311	0.2	
1622.828	99.1815646824927	0.2	
1623.273	99.2428207464358	0.2	
1623.773	99.2800876060104	0.2	
1624.246	99.2898299971803	0.2	
1624.707	99.2685765165352	0.2	
1625.166	99.2218252683436	0.2	
1625.604	99.1496424803443	0.2	
1626.034	99.0528067023066	0.2	
1626.441	98.9487942685023	0.2	
1626.867	98.8093903453863	0.2	
1627.338	98.6219540312604	0.2	
1627.741	98.4021579569897	0.2	
1628.158	98.1079354944103	0.2	
1628.563	97.7403995098892	0.2	
1628.983	97.3049480278528	0.2	
1629.406	96.8303310498909	0.2	
1629.814	96.3295907303837	0.2	
1630.213	95.7405161342623	0.2	
1630.6	95.1737207409762	0.2	
1631.064	94.6649028112725	0.2	
1631.512	94.2140855063268	0.2	
1631.986	93.8484925686149	0.2	
1632.519	93.5967593735754	0.2	
1632.955	93.4522923810711	0.2	
1633.379	93.3846568475942	0.2	
1633.832	93.3517954636723	0.2	
1634.322	93.3266137150658	0.2	
1634.762	93.2907471149024	0.2	
1635.256	93.2310673199222	0.2	
1635.697	93.1714475143371	0.2	
1636.21	93.0963666509694	0.2	
1636.658	93.0200588694802	0.2	
1637.123	92.9456099615115	0.2	
1637.538	92.8749415154254	0.2	
1637.987	92.795280103347	0.2	
1638.433	92.7075656280127	0.2	
1638.852	92.6164379030672	0.2	
1639.302	92.5494331166778	0.2	
1639.755	92.5314308863228	0.2	
1640.23	92.5578202548841	0.2	
1640.656	92.6123188210424	0.2	
1641.061	92.6874492778935	0.2	
1641.509	92.7673625871159	0.2	
1641.935	92.8461350425176	0.2	
1642.368	92.9016901004043	0.2	
1642.794	92.945658963581	0.2	
1643.268	93.0042864247731	0.2	
1643.757	93.0697927080102	0.2	
1644.216	93.137226012043	0.2	
1644.705	93.2059901910498	0.2	
1645.147	93.3276022524442	0.2	
1645.637	93.5154340088169	0.2	
1646.108	93.7252817858306	0.2	
1646.55	93.8945837688639	0.2	
1646.991	93.9547199683425	0.2	
1647.481	93.907969028098	0.2	
1647.904	93.7847260064383	0.2	
1648.296	93.6402003531308	0.2	
1648.748	93.5093543799616	0.2	
1649.199	93.4112084713629	0.2	
1649.733	93.3428484838519	0.2	
1650.242	93.3266453536049	0.2	
1650.749	93.3543651321606	0.2	
1651.197	93.4242657065151	0.2	
1651.663	93.5217008986722	0.2	
1652.099	93.6325000532605	0.2	
1652.564	93.7194073293142	0.2	
1653.025	93.759128748975	0.2	
1653.522	93.7602739964351	0.2	
1653.959	93.7917107671455	0.2	
1654.489	93.9617259929769	0.2	
1654.97	94.3003022930619	0.2	
1655.414	94.6721478827005	0.2	
1655.837	94.9451715792119	0.2	
1656.276	95.0419118187487	0.2	
1656.663	94.9903754364499	0.2	
1657.112	94.863859057068	0.2	
1657.54	94.7560070497706	0.2	
1658.017	94.6759123000865	0.2	
1658.496	94.6020132860641	0.2	
1658.943	94.5425066027537	0.2	
1659.441	94.4687413118485	0.2	
1659.916	94.3506957182908	0.2	
1660.366	94.2064430886768	0.2	
1660.892	94.102644130386	0.2	
1661.363	94.1203796795547	0.2	
1661.883	94.2703496520547	0.2	
1662.312	94.5402745215984	0.2	
1662.803	94.8762230912946	0.2	
1663.279	95.2180854655693	0.2	
1663.779	95.4706207795154	0.2	
1664.181	95.6698293036801	0.2	
1664.591	95.8277175027298	0.2	
1665.039	95.9137934056583	0.2	
1665.485	95.9324498999297	0.2	
1665.891	95.9272661448208	0.2	
1666.327	95.9244391555274	0.2	
1666.86	95.9102371905606	0.2	
1667.306	95.9035254361175	0.2	
1667.782	95.9184803596477	0.2	
1668.188	95.940944810686	0.2	
1668.651	95.9758168623428	0.2	
1669.093	96.0543873257502	0.2	
1669.547	96.12843736145	0.2	
1669.946	96.1164161087961	0.2	
1670.377	95.9981561960327	0.2	
1670.795	95.8257817237275	0.2	
1671.199	95.6115652662533	0.2	
1671.654	95.3726604309109	0.2	
1672.121	95.1411688583198	0.2	
1672.607	94.9560767400145	0.2	
1673.083	94.8957473906211	0.2	
1673.63	94.9635066909543	0.2	
1674.111	95.0845428539013	0.2	
1674.493	95.2137785247822	0.2	
1674.918	95.3409363593112	0.2	
1675.347	95.4489632559136	0.2	
1675.8	95.4942121889581	0.2	
1676.265	95.4917320475763	0.2	
1676.798	95.4852750349849	0.2	
1677.312	95.4525193529424	0.2	
1677.782	95.3466009099652	0.2	
1678.198	95.1672373477301	0.2	
1678.668	94.9032542111143	0.2	
1679.163	94.5317800949043	0.2	
1679.641	94.1353728702867	0.2	
1680.045	93.7769056896069	0.2	
1680.474	93.5371215367599	0.2	
1680.959	93.4381039055243	0.2	
1681.39	93.4795593545488	0.2	
1681.824	93.5977539718655	0.2	
1682.246	93.7475213130611	0.2	
1682.644	93.8522076461507	0.2	
1683.067	93.8776020134632	0.2	
1683.567	93.8173747510248	0.2	
1684.071	93.6986161711138	0.2	
1684.552	93.5496426768775	0.2	
1685.06	93.3851090127676	0.2	
1685.547	93.2083284357562	0.2	
1686.037	93.017328098208	0.2	
1686.504	92.8594382007022	0.2	
1686.945	92.7186694536866	0.2	
1687.346	92.5846069925591	0.2	
1687.859	92.4457324215085	0.2	
1688.347	92.3047378808053	0.2	
1688.783	92.1980256150005	0.2	
1689.228	92.1270123085087	0.2	
1689.656	92.0744843036818	0.2	
1690.036	92.0139936164144	0.2	
1690.428	91.9523231609022	0.2	
1690.916	91.8964377513845	0.2	
1691.317	91.8078289295741	0.2	
1691.753	91.6748836514225	0.2	
1692.189	91.5214748468909	0.2	
1692.669	91.4117027987179	0.2	
1693.108	91.3827838701573	0.2	
1693.538	91.43947095212	0.2	
1693.967	91.5769981741825	0.2	
1694.411	91.771972124008	0.2	
1694.916	92.013765025783	0.2	
1695.355	92.2484461004525	0.2	
1695.815	92.4651749279564	0.2	
1696.289	92.6408888846217	0.2	
1696.737	92.7582534635399	0.2	
1697.183	92.8269641645476	0.2	
1697.671	92.8496057465996	0.2	
1698.133	92.8403869534911	0.2	
1698.585	92.8065909291525	0.2	
1699.005	92.7325283274697	0.2	
1699.51	92.596998424072	0.2	
1699.998	92.4080815969453	0.2	
1700.508	92.1895450353426	0.2	
1700.941	91.9100543068212	0.2	
1701.382	91.564068855269	0.2	
1701.817	91.2284319855116	0.2	
1702.269	90.9470108996857	0.2	
1702.676	90.6979620409674	0.2	
1703.137	90.4721404572185	0.2	
1703.56	90.210517718682	0.2	
1703.992	89.8290132428163	0.2	
1704.419	89.2718388117907	0.2	
1704.867	88.7175638350077	0.2	
1705.33	88.2434112413141	0.2	
1705.761	87.8717821657757	0.2	
1706.183	87.6155837847725	0.2	
1706.676	87.4599978206843	0.2	
1707.081	87.3461646319053	0.2	
1707.549	87.2521089946739	0.2	
1708.015	87.2554418909109	0.2	
1708.4	87.3806247326825	0.2	
1708.823	87.5756159710236	0.2	
1709.27	87.7584979367161	0.2	
1709.722	87.8864140475322	0.2	
1710.141	87.9828815013316	0.2	
1710.577	88.096064163411	0.2	
1711.038	88.2269094063467	0.2	
1711.47	88.3905798663816	0.2	
1711.883	88.5428475487376	0.2	
1712.326	88.6400885850918	0.2	
1712.792	88.6535781241184	0.2	
1713.291	88.570467962772	0.2	
1713.716	88.4513438598196	0.2	
1714.181	88.3239482357034	0.2	
1714.614	88.2373919881217	0.2	
1715.104	88.2229280732227	0.2	
1715.537	88.2878828053802	0.2	
1716.025	88.4021010038417	0.2	
1716.526	88.5513345818202	0.2	
1716.986	88.723817815984	0.2	
1717.399	88.9604532961265	0.2	
1717.831	89.2475563023271	0.2	
1718.289	89.5379142935526	0.2	
1718.669	89.8098921492959	0.2	
1719.113	90.0750772616083	0.2	
1719.505	90.3216789514166	0.2	
1719.886	90.5431063852394	0.2	
1720.278	90.7191161494736	0.2	
1720.731	90.8614350589883	0.2	
1721.168	90.9620277276671	0.2	
1721.643	91.0177077753959	0.2	
1722.086	91.0243692137347	0.2	
1722.54	90.9944397396187	0.2	
1723.026	90.9539100677774	0.2	
1723.441	90.9121550704462	0.2	
1723.9	90.8567668836413	0.2	
1724.344	90.7825719913324	0.2	
1724.812	90.701081966776	0.2	
1725.235	90.5889323723656	0.2	
1725.632	90.4448180135607	0.2	
1726.073	90.2938995969473	0.2	
1726.484	90.180366929503	0.2	
1726.961	90.1270333970038	0.2	
1727.417	90.1167535368239	0.2	
1727.812	90.1239696373044	0.2	
1728.238	90.1273268180474	0.2	
1728.665	90.1137046209854	0.2	
1729.123	90.0625641491873	0.2	
1729.56	89.9514826546095	0.2	
1730.04	89.7952484451524	0.2	
1730.554	89.6540065979991	0.2	
1731.002	89.5390732535208	0.2	
1731.473	89.4531580714015	0.2	
1731.96	89.4051166689259	0.2	
1732.406	89.3840595716638	0.2	
1732.915	89.3709445645032	0.2	
1733.32	89.3405291183823	0.2	
1733.758	89.2848337301979	0.2	
1734.142	89.2092280229555	0.2	
1734.574	89.1080048675046	0.2	
1735.042	89.0152968519157	0.2	
1735.432	88.9351001223985	0.2	
1735.818	88.8934547412084	0.2	
1736.264	88.9140906558975	0.2	
1736.751	89.0226739388244	0.2	
1737.159	89.2010469289581	0.2	
1737.606	89.4202100731204	0.2	
1738.085	89.6484201551595	0.2	
1738.507	89.8822257234688	0.2	
1738.965	90.0899609196809	0.2	
1739.439	90.239597321396	0.2	
1739.862	90.3386599981648	0.2	
1740.305	90.3797683695597	0.2	
1740.774	90.3811126377049	0.2	
1741.141	90.3610365010149	0.2	
1741.543	90.3267249855082	0.2	
1741.974	90.2938199879809	0.2	
1742.431	90.2709192400945	0.2	
1742.865	90.2713796134654	0.2	
1743.316	90.298003164163	0.2	
1743.7	90.3482449426792	0.2	
1744.128	90.420788073193	0.2	
1744.537	90.4969556101284	0.2	
1744.936	90.5769302133988	0.2	
1745.312	90.647338692877	0.2	
1745.741	90.6928592740166	0.2	
1746.131	90.7024106112253	0.2	
1746.52	90.6914773613041	0.2	
1746.918	90.6693567708824	0.2	
1747.297	90.6198696988055	0.2	
1747.678	90.5340794146505	0.2	
1748.071	90.4072776691992	0.2	
1748.432	90.2395162937739	0.2	
1748.808	90.0560666194923	0.2	
1749.184	89.8658217341309	0.2	
1749.543	89.6965353275835	0.2	
1749.924	89.5490303656468	0.2	
1750.293	89.4388218735917	0.2	
1750.692	89.3712412962542	0.2	
1751.111	89.3557642399419	0.2	
1751.502	89.3762923913795	0.2	
1751.91	89.4105815131576	0.2	
1752.315	89.4369290995583	0.2	
1752.71	89.4451047077407	0.2	
1753.089	89.434869224206	0.2	
1753.449	89.4020685948687	0.2	
1753.849	89.3389752126162	0.2	
1754.279	89.2117202423532	0.2	
1754.638	89.0327790440275	0.2	
1754.998	88.8506780628349	0.2	
1755.37	88.6735962437775	0.2	
1755.747	88.5340523179966	0.2	
1756.135	88.4301374926836	0.2	
1756.552	88.3547920319384	0.2	
1756.896	88.3103363073701	0.2	
1757.261	88.3018264077979	0.2	
1757.676	88.3246575329326	0.2	
1758.04	88.3574984058649	0.2	
1758.398	88.3850363935543	0.2	
1758.763	88.412884340931	0.2	
1759.177	88.4501329704243	0.2	
1759.551	88.4804652030144	0.2	
1759.907	88.4930002975443	0.2	
1760.262	88.449651237785	0.2	
1760.624	88.3590639793582	0.2	
1761.015	88.2223649437968	0.2	
1761.427	88.0520157809537	0.2	
1761.795	87.8382989020197	0.2	
1762.172	87.6158697344718	0.2	
1762.533	87.36616625439	0.2	
1762.909	87.1356319914597	0.2	
1763.292	86.9170195149106	0.2	
1763.666	86.7546615719496	0.2	
1764.069	86.6331709209492	0.2	
1764.446	86.5428122703219	0.2	
1764.858	86.4914863376411	0.2	
1765.258	86.4768654618378	0.2	
1765.623	86.5048274276312	0.2	
1765.987	86.5805690979794	0.2	
1766.358	86.6964675866968	0.2	
1766.714	86.8428838540275	0.2	
1767.065	86.9906260531725	0.2	
1767.433	87.1045698989724	0.2	
1767.794	87.201398525133	0.2	
1768.177	87.3211720251846	0.2	
1768.503	87.4644818685762	0.2	
1768.885	87.6093036453927	0.2	
1769.226	87.7671424523719	0.2	
1769.609	87.8776230149465	0.2	
1770.002	87.8924403761474	0.2	
1770.39	87.7625387651605	0.2	
1770.734	87.4744119373129	0.2	
1771.13	87.1059555138806	0.2	
1771.488	86.6937781488615	0.2	
1771.814	86.2304550977792	0.2	
1772.211	85.7992605394118	0.2	
1772.578	85.4478795259489	0.2	
1772.947	85.1162986383953	0.2	
1773.334	84.8504950176489	0.2	
1773.737	84.6341658618552	0.2	
1774.117	84.4511328314025	0.2	
1774.525	84.3030728229359	0.2	
1774.914	84.1928881913223	0.2	
1775.329	84.1470191854471	0.2	
1775.756	84.1731349683862	0.2	
1776.151	84.2500704827288	0.2	
1776.594	84.3474343545276	0.2	
1776.96	84.4535101149662	0.2	
1777.332	84.5639277394227	0.2	
1777.748	84.6509092778246	0.2	
1778.123	84.6812178511757	0.2	
1778.514	84.6641440800908	0.2	
1778.896	84.6368566544232	0.2	
1779.269	84.6235600245641	0.2	
1779.664	84.6285560964365	0.2	
1780.041	84.6533547126621	0.2	
1780.476	84.6850016946366	0.2	
1780.914	84.6848113924159	0.2	
1781.307	84.6241177218911	0.2	
1781.738	84.5094638395298	0.2	
1782.119	84.3913472382136	0.2	
1782.459	84.3073968243024	0.2	
1782.843	84.2726673804418	0.2	
1783.239	84.2898168607832	0.2	
1783.615	84.328590898253	0.2	
1784.027	84.3433650847283	0.2	
1784.468	84.3344265206786	0.2	
1784.963	84.2682469508959	0.2	
1785.415	84.1289358949642	0.2	
1785.85	84.0067073562733	0.2	
1786.281	84.0033124133468	0.2	
1786.648	84.133364620603	0.2	
1787.071	84.342907090002	0.2	
1787.519	84.6189639278583	0.2	
1787.94	84.9086305389959	0.2	
1788.312	85.2205978335926	0.2	
1788.776	85.480948924019	0.2	
1789.208	85.6815747586213	0.2	
1789.593	85.8377216643953	0.2	
1789.918	85.9418471701975	0.2	
1790.26	86.0169642617612	0.2	
1790.681	86.073260947555	0.2	
1791.164	86.1224774941724	0.2	
1791.634	86.1500725472991	0.2	
1792.156	86.1478424312872	0.2	
1792.619	86.1159309474389	0.2	
1793.188	86.035267484067	0.2	
1793.688	85.9206945410197	0.2	
1794.081	85.7942979992173	0.2	
1794.494	85.696573943293	0.2	
1794.878	85.6358568890697	0.2	
1795.27	85.6317096556286	0.2	
1795.636	85.6875304955165	0.2	
1795.975	85.7912840154856	0.2	
1796.349	85.9346134366886	0.2	
1796.717	86.0755393688214	0.2	
1797.065	86.2073453563723	0.2	
1797.356	86.3345922171087	0.2	
1797.667	86.4573384423397	0.2	
1798.033	86.5814886834904	0.2	
1798.395	86.7132624096918	0.2	
1798.711	86.8561844930968	0.2	
1799.025	87.0089151243737	0.2	
1799.338	87.1873041045123	0.2	
1799.669	87.3743271091496	0.2	
1799.971	87.5555465710009	0.2	
1800.311	87.7447685002496	0.2	
1800.626	87.9288020619975	0.2	
1800.948	88.1354756432388	0.2	
1801.27	88.3320925393932	0.2	
1801.584	88.5346149726001	0.2	
1801.909	88.7631538092256	0.2	
1802.211	89.0273042880166	0.2	
1802.527	89.3083400733772	0.2	
1802.851	89.5972367302385	0.2	
1803.158	89.8767515574957	0.2	
1803.466	90.1130379316908	0.2	
1803.768	90.3323391512167	0.2	
1804.059	90.5073018127801	0.2	
1804.353	90.6526338027524	0.2	
1804.658	90.7702611348245	0.2	
1804.943	90.8646644684826	0.2	
1805.225	90.9491666533017	0.2	
1805.557	91.0381489072588	0.2	
1805.873	91.1489979648841	0.2	
1806.181	91.3089432259405	0.2	
1806.494	91.4930920102658	0.2	
1806.809	91.7202213269946	0.2	
1807.094	91.9227580210863	0.2	
1807.401	92.1069187359388	0.2	
1807.739	92.2180107600507	0.2	
1808.042	92.2475100076181	0.2	
1808.388	92.1973477452193	0.2	
1808.74	92.1052859716278	0.2	
1809.034	91.9924009628192	0.2	
1809.398	91.8986752856468	0.2	
1809.726	91.8531300626905	0.2	
1810.046	91.8934452853782	0.2	
1810.363	92.0577674598654	0.2	
1810.723	92.3039675562698	0.2	
1811.055	92.602555928777	0.2	
1811.352	92.976472051139	0.2	
1811.69	93.3429443368164	0.2	
1812.019	93.6803896107091	0.2	
1812.372	93.958482147677	0.2	
1812.695	94.1393843110681	0.2	
1812.996	94.22041810957	0.2	
1813.281	94.2005432988067	0.2	
1813.571	94.0758355878043	0.2	
1813.889	93.8231339277756	0.2	
1814.19	93.4445015731456	0.2	
1814.485	92.9654968414483	0.2	
1814.791	92.4204820481958	0.2	
1815.079	91.8550735569396	0.2	
1815.372	91.3274660526316	0.2	
1815.685	90.8741335898293	0.2	
1815.957	90.5691873420254	0.2	
1816.296	90.4476145698679	0.2	
1816.602	90.4195033655007	0.2	
1816.879	90.1063253733408	0.2	
1817.139	89.915977928812	0.2	
1817.458	89.8451882003168	0.2	
1817.771	89.8657249051715	0.2	
1818.109	90.0222998699743	0.2	
1818.468	90.2300746061717	0.2	
1818.793	90.3979977001056	0.2	
1819.102	90.5618685610681	0.2	
1819.435	90.6887893895398	0.2	
1819.763	90.7709368839959	0.2	
1820.059	90.8559016478555	0.2	
1820.432	90.9641279859681	0.2	
1820.783	91.0938658986339	0.2	
1821.107	91.2560852698536	0.2	
1821.432	91.4554874973208	0.2	
1821.761	91.6904024665097	0.2	
1822.055	91.8954456490454	0.2	
1822.379	92.081371978508	0.2	
1822.715	92.239275878102	0.2	
1823.002	92.3488952832686	0.2	
1823.289	92.4159836464094	0.2	
1823.577	92.4595622881552	0.2	
1823.881	92.5067802513682	0.2	
1824.159	92.5766190480224	0.2	
1824.46	92.6715262602116	0.2	
1824.742	92.8011495893856	0.2	
1825.034	92.9594946792138	0.2	
1825.333	93.1542859208016	0.2	
1825.668	93.3919859813571	0.2	
1825.995	93.6318967106857	0.2	
1826.281	93.8609988200903	0.2	
1826.596	94.0490851631035	0.2	
1826.896	94.209381370503	0.2	
1827.204	94.3381577812948	0.2	
1827.488	94.4480666214764	0.2	
1827.775	94.5431311338441	0.2	
1828.07	94.6173820412399	0.2	
1828.35	94.6770993964095	0.2	
1828.633	94.7262562330518	0.2	
1828.939	94.7599928682778	0.2	
1829.238	94.7819803772767	0.2	
1829.525	94.7913392162104	0.2	
1829.845	94.7851444502045	0.2	
1830.126	94.765290042068	0.2	
1830.415	94.7329228741196	0.2	
1830.714	94.7047732012867	0.2	
1830.993	94.6846258921873	0.2	
1831.285	94.6732873526274	0.2	
1831.59	94.6726915770556	0.2	
1831.888	94.6856358264599	0.2	
1832.185	94.7096402600192	0.2	
1832.496	94.7414483301181	0.2	
1832.785	94.7613393520731	0.2	
1833.088	94.749085657433	0.2	
1833.357	94.6791730827415	0.2	
1833.638	94.5477848835762	0.2	
1833.942	94.3741028286645	0.2	
1834.249	94.1332046651853	0.2	
1834.53	93.8075473179908	0.2	
1834.816	93.419157219865	0.2	
1835.12	93.0383656316394	0.2	
1835.454	92.7423262568977	0.2	
1835.793	92.5347736937291	0.2	
1836.173	92.4138774231501	0.2	
1836.526	92.2925092993803	0.2	
1836.826	92.1988061223611	0.2	
1837.151	92.1892723252998	0.2	
1837.495	92.3095224491969	0.2	
1837.874	92.4779168314102	0.2	
1838.247	92.5507643022729	0.2	
1838.642	92.4658837122223	0.2	
1839.03	92.1602462113591	0.2	
1839.456	91.5364748190459	0.2	
1839.833	90.7733450527747	0.2	
1840.194	90.0437395389552	0.2	
1840.564	89.417644300112	0.2	
1840.922	88.9936543028832	0.2	
1841.286	88.7079903843787	0.2	
1841.649	88.4795816680135	0.2	
1841.985	88.2626884609159	0.2	
1842.326	88.0607416082356	0.2	
1842.67	87.8930392125345	0.2	
1842.982	87.7635076975036	0.2	
1843.36	87.6718387205953	0.2	
1843.736	87.5947870179673	0.2	
1844.127	87.4895323803612	0.2	
1844.471	87.3420111828098	0.2	
1844.759	87.2053748195299	0.2	
1845.053	87.162303808869	0.2	
1845.362	87.2719098453229	0.2	
1845.723	87.4966348330586	0.2	
1846.023	87.6634973259841	0.2	
1846.329	87.7254280004392	0.2	
1846.659	87.7016231425428	0.2	
1847.001	87.6156805400295	0.2	
1847.335	87.5387247503888	0.2	
1847.664	87.5802728712666	0.2	
1847.999	87.7717363729707	0.2	
1848.304	88.0766602375691	0.2	
1848.673	88.4904580278847	0.2	
1849.039	89.0084503769825	0.2	
1849.361	89.5467192760253	0.2	
1849.705	90.0574969419946	0.2	
1850.037	90.5805722755246	0.2	
1850.394	91.1390945660601	0.2	
1850.74	91.7699646839769	0.2	
1851.078	92.3792910554909	0.2	
1851.424	92.968851887075	0.2	
1851.791	93.4669003730967	0.2	
1852.171	93.8687472474114	0.2	
1852.511	94.2327382249975	0.2	
1852.834	94.5538763659062	0.2	
1853.153	94.8771392260497	0.2	
1853.492	95.1905499944124	0.2	
1853.855	95.4797957380995	0.2	
1854.21	95.7337549331032	0.2	
1854.57	95.9224312955925	0.2	
1854.909	96.0335835267188	0.2	
1855.197	96.0807383310538	0.2	
1855.517	96.0712857354691	0.2	
1855.844	96.011289891383	0.2	
1856.182	95.9063438125066	0.2	
1856.499	95.7568085547836	0.2	
1856.861	95.5875846719724	0.2	
1857.226	95.4087321129054	0.2	
1857.559	95.2500978229919	0.2	
1857.913	95.120538408775	0.2	
1858.231	95.0171616833748	0.2	
1858.556	94.9220071030901	0.2	
1858.896	94.8442634309159	0.2	
1859.236	94.7663286662404	0.2	
1859.579	94.6829925610324	0.2	
1859.929	94.5705371233096	0.2	
1860.219	94.4325840568701	0.2	
1860.527	94.2486208328473	0.2	
1860.884	94.0173297807081	0.2	
1861.219	93.7454025245629	0.2	
1861.694	93.4521434923038	0.2	
1862.235	93.1423885270736	0.2	
1862.748	92.8610230343898	0.2	
1863.36	92.7045651791536	0.2	
1863.951	92.8093318650989	0.2	
1864.581	93.0856815453312	0.2	
1865.242	93.3716714024331	0.2	
1865.79	93.4791002774779	0.2	
1866.384	93.2976652547278	0.2	
1867.029	92.9796106209684	0.2	
1867.72	92.6901351240456	0.2	
1868.431	92.5000646479721	0.2	
1869.124	92.4230952957535	0.2	
1869.598	92.3988384315423	0.2	
1869.901	92.3910115324385	0.2	
1870.194	92.380762317163	0.2	
1870.541	92.3567292120835	0.2	
1870.848	92.3192020820633	0.2	
1871.174	92.2622873335448	0.2	
1871.492	92.1686993819731	0.2	
1871.822	92.0137487797983	0.2	
1872.124	91.8172831939815	0.2	
1872.495	91.6218776197074	0.2	
1872.809	91.4510635567555	0.2	
1873.143	91.3183313558955	0.2	
1873.456	91.2132396679484	0.2	
1873.768	91.0940750239408	0.2	
1874.095	90.9540397380567	0.2	
1874.391	90.7925232963246	0.2	
1874.694	90.6190088280363	0.2	
1874.974	90.3991055422015	0.2	
1875.285	90.1616413312314	0.2	
1875.577	89.9102903640702	0.2	
1875.903	89.6742497473	0.2	
1876.193	89.4493158463173	0.2	
1876.495	89.2428952307641	0.2	
1876.837	89.0732968815037	0.2	
1877.132	88.923568958704	0.2	
1877.472	88.7926186569986	0.2	
1877.786	88.6884169299533	0.2	
1878.1	88.6007226424527	0.2	
1878.441	88.5309289765141	0.2	
1878.75	88.4840650721943	0.2	
1879.086	88.4543095424751	0.2	
1879.381	88.4421905237597	0.2	
1879.748	88.4496806728792	0.2	
1880.116	88.4757242838745	0.2	
1880.452	88.5350997339139	0.2	
1880.748	88.6186211219862	0.2	
1881.099	88.7353861377098	0.2	
1881.493	88.8949096338261	0.2	
1881.841	89.1361425627695	0.2	
1882.189	89.4665560316231	0.2	
1882.617	89.903593648591	0.2	
1883.095	90.4544047882733	0.2	
1883.615	91.0938524141171	0.2	
1884.165	91.7381655335311	0.2	
1884.748	92.3336507509968	0.2	
1885.378	92.7996756182904	0.2	
1885.907	93.1369497155913	0.2	
1886.568	93.3279993255555	0.2	
1887.16	93.3612582477301	0.2	
1887.767	93.2243868582171	0.2	
1888.474	92.9129523779991	0.2	
1889.108	92.4647400477091	0.2	
1889.791	91.8823962326975	0.2	
1890.478	91.0746103599072	0.2	
1891.071	90.1131942044631	0.2	
1891.57	89.0115473890881	0.2	
1891.957	87.9332426797048	0.2	
1892.307	87.2407507342607	0.2	
1892.648	86.5604710787682	0.2	
1892.954	85.7754722495618	0.2	
1893.284	85.0654575741905	0.2	
1893.596	84.496927654657	0.2	
1893.92	84.0547232395221	0.2	
1894.225	83.6967402036454	0.2	
1894.523	83.4534374150154	0.2	
1894.786	83.2756848332085	0.2	
1895.083	83.1602918875744	0.2	
1895.345	83.07112943703	0.2	
1895.639	82.9937577343217	0.2	
1895.933	82.9364847515667	0.2	
1896.199	82.9029726771837	0.2	
1896.504	82.8855177009045	0.2	
1896.779	82.8811173861292	0.2	
1897.053	82.8973937689455	0.2	
1897.319	82.9560169378234	0.2	
1897.627	83.0633874787942	0.2	
1897.893	83.2104401817132	0.2	
1898.195	83.3724603660631	0.2	
1898.482	83.5474738940658	0.2	
1898.781	83.7486067061596	0.2	
1899.08	83.975343017965	0.2	
1899.353	84.231375736415	0.2	
1899.61	84.4956459378755	0.2	
1899.9	84.7688520723605	0.2	
1900.162	85.0610904632491	0.2	
1900.398	85.345385541225	0.2	
1900.635	85.6201788243004	0.2	
1900.914	85.8842883661435	0.2	
1901.163	86.1703435459	0.2	
1901.461	86.4365383595922	0.2	
1901.775	86.7467407371273	0.2	
1902.057	87.0305715650868	0.2	
1902.336	87.3189985182817	0.2	
1902.599	87.6151761724948	0.2	
1902.871	87.8826124213883	0.2	
1903.157	88.1924275345631	0.2	
1903.416	88.5075830849515	0.2	
1903.671	88.827410972616	0.2	
1903.981	89.1518938144307	0.2	
1904.272	89.527578499418	0.2	
1904.57	89.9118682603393	0.2	
1904.854	90.2991860445778	0.2	
1905.124	90.6895679642565	0.2	
1905.421	91.0825312899245	0.2	
1905.738	91.4845413241519	0.2	
1906.007	91.8884032578211	0.2	
1906.282	92.2843176520043	0.2	
1906.58	92.6654774067441	0.2	
1906.886	93.024400445151	0.2	
1907.223	93.36703433506	0.2	
1907.535	93.6788744564382	0.2	
1907.799	93.9268028379627	0.2	
1908.087	94.1457192448968	0.2	
1908.37	94.3131072618691	0.2	
1908.668	94.4575980896757	0.2	
1908.949	94.5983077781771	0.2	
1909.219	94.7028687366395	0.2	
1909.501	94.7927874587965	0.2	
1909.771	94.8510079742987	0.2	
1910.092	94.8780221926497	0.2	
1910.364	94.8774829241993	0.2	
1910.633	94.8518232957786	0.2	
1910.92	94.8022130207599	0.2	
1911.186	94.7213193007807	0.2	
1911.456	94.6049005962782	0.2	
1911.721	94.448201891798	0.2	
1912.044	94.2644268099031	0.2	
1912.332	94.0372113034495	0.2	
1912.603	93.7827352593007	0.2	
1912.873	93.479405006384	0.2	
1913.193	93.1442653319468	0.2	
1913.441	92.7424650186773	0.2	
1913.694	92.2574315828476	0.2	
1913.924	91.5951504166029	0.2	
1914.165	90.8022786502998	0.2	
1914.481	89.8020214656171	0.2	
1914.783	88.4620134218332	0.2	
1915.132	86.7535532239222	0.2	
1915.414	84.9180610593011	0.2	
1915.754	83.3899533012916	0.2	
1916.082	82.6411071249966	0.2	
1916.426	82.2975719494012	0.2	
1916.768	82.0493911456674	0.2	
1917.117	81.7319441893099	0.2	
1917.451	81.3588408566912	0.2	
1917.809	81.09837755852	0.2	
1918.225	80.8391502964893	0.2	
1918.673	80.4819286744952	0.2	
1919.107	80.170182873901	0.2	
1919.472	80.021153495589	0.2	
1919.831	80.0346672050685	0.2	
1920.207	80.1952839836483	0.2	
1920.564	80.4333396066996	0.2	
1920.911	80.6800349188403	0.2	
1921.271	80.937549327458	0.2	
1921.613	81.2163054826286	0.2	
1921.944	81.503089493648	0.2	
1922.216	81.7830691114859	0.2	
1922.532	82.0352473933828	0.2	
1922.868	82.2821274635772	0.2	
1923.156	82.5173397797323	0.2	
1923.459	82.7298920071645	0.2	
1923.777	82.9210223113371	0.2	
1924.131	83.1028103105866	0.2	
1924.459	83.2644059458028	0.2	
1924.783	83.4317669388941	0.2	
1925.106	83.6130494509866	0.2	
1925.448	83.7966221088153	0.2	
1925.781	83.9975209474235	0.2	
1926.083	84.1778667502842	0.2	
1926.362	84.3300158752636	0.2	
1926.628	84.4715188654217	0.2	
1926.962	84.6075291844295	0.2	
1927.318	84.7381297151622	0.2	
1927.638	84.8929865098169	0.2	
1927.939	85.0570697812302	0.2	
1928.252	85.2434001892797	0.2	
1928.56	85.4481871609387	0.2	
1928.827	85.7232473767554	0.2	
1929.147	86.0427108806643	0.2	
1929.45	86.3894518319575	0.2	
1929.766	86.7642788124292	0.2	
1930.069	87.1143314235005	0.2	
1930.349	87.4876712083239	0.2	
1930.663	87.8223051250636	0.2	
1930.956	88.1627486269944	0.2	
1931.242	88.5118511989576	0.2	
1931.548	88.8526998389105	0.2	
1931.846	89.2540591614331	0.2	
1932.15	89.6484597791678	0.2	
1932.509	90.0826265815728	0.2	
1932.826	90.5130935252128	0.2	
1933.149	90.9491102674025	0.2	
1933.479	91.3741242358029	0.2	
1933.8	91.7627286652054	0.2	
1934.114	92.1422223035905	0.2	
1934.469	92.5260488270053	0.2	
1934.804	92.8830425333166	0.2	
1935.12	93.2662894490806	0.2	
1935.455	93.6447218750465	0.2	
1935.786	94.0402946572204	0.2	
1936.108	94.4474667046993	0.2	
1936.415	94.7983647290532	0.2	
1936.738	95.1257041645994	0.2	
1937.037	95.3962975546894	0.2	
1937.358	95.632898562175	0.2	
1937.651	95.8162906081871	0.2	
1937.969	95.944402273921	0.2	
1938.283	95.9862189419284	0.2	
1938.602	95.8876964587731	0.2	
1938.946	95.6204687212899	0.2	
1939.321	95.1367110398767	0.2	
1939.679	94.3546778968996	0.2	
1940.03	93.2114942209218	0.2	
1940.477	91.7795898181183	0.2	
1940.904	90.2365643183669	0.2	
1941.385	88.9894222909327	0.2	
1941.842	88.1436397021015	0.2	
1942.307	87.5507634818318	0.2	
1942.819	87.3541654396298	0.2	
1943.31	87.5855989284318	0.2	
1943.818	87.8381741181933	0.2	
1944.26	87.975768661705	0.2	
1944.726	88.0569103285484	0.2	
1945.234	88.1601624363732	0.2	
1945.831	88.3060207303008	0.2	
1946.413	88.3914269345095	0.2	
1946.962	88.4389544327325	0.2	
1947.493	88.5981182203739	0.2	
1948.014	88.7707508388314	0.2	
1948.587	88.8263553900596	0.2	
1949.201	88.8809518949908	0.2	
1949.793	89.0620101458289	0.2	
1950.413	89.3424672856417	0.2	
1951.023	89.6244378213518	0.2	
1951.653	89.8616576984644	0.2	
1952.118	90.0612639941418	0.2	
1952.445	90.2110525214467	0.2	
1952.714	90.3158936611981	0.2	
1952.995	90.418291960547	0.2	
1953.274	90.4977957141524	0.2	
1953.584	90.5671232694152	0.2	
1953.915	90.6424235806331	0.2	
1954.255	90.7103103457979	0.2	
1954.583	90.7857394116976	0.2	
1954.823	90.8552350408672	0.2	
1955.104	90.9253291352157	0.2	
1955.381	90.9983213628432	0.2	
1955.673	91.0699186280695	0.2	
1955.957	91.1541098980112	0.2	
1956.254	91.2460309750154	0.2	
1956.529	91.3605983699891	0.2	
1956.819	91.4879251080795	0.2	
1957.108	91.6328797466224	0.2	
1957.423	91.7879545842357	0.2	
1957.719	91.9543226669983	0.2	
1958.021	92.118758828996	0.2	
1958.282	92.2971163659521	0.2	
1958.567	92.489633686715	0.2	
1958.847	92.6962471691147	0.2	
1959.163	92.92684965578	0.2	
1959.461	93.1413343946558	0.2	
1959.757	93.3990004893766	0.2	
1960.007	93.6680564263396	0.2	
1960.254	93.950765466876	0.2	
1960.548	94.2103125497686	0.2	
1960.818	94.5138037372635	0.2	
1961.066	94.8240803384026	0.2	
1961.349	95.18200362287	0.2	
1961.647	95.5984310934184	0.2	
1961.909	96.0339217220406	0.2	
1962.226	96.5669554163262	0.2	
1962.485	97.1436717934094	0.2	
1962.757	97.7002046157827	0.2	
1963.033	98.3121936655578	0.2	
1963.315	98.858953107285	0.2	
1963.613	99.3846355945913	0.2	
1963.945	99.8041177772229	0.2	
1964.301	100.107359042249	0.2	
1964.621	100.304138416757	0.2	
1965.14	100.372131749051	0.2	
1965.64	100.344599429866	0.2	
1966.182	100.220893088309	0.2	
1966.726	99.9861568177005	0.2	
1967.27	99.5921072005847	0.2	
1967.791	99.104999492294	0.2	
1968.375	98.5177253731659	0.2	
1968.97	97.815204017095	0.2	
1969.544	97.0356219199542	0.2	
1970.104	96.1406762245324	0.2	
1970.695	95.1227662368559	0.2	
1971.232	93.9248381035415	0.2	
1971.753	92.4359738655772	0.2	
1972.319	90.6088677049285	0.2	
1972.969	88.6308710581162	0.2	
1973.588	87.091298455621	0.2	
1974.158	86.3439940903858	0.2	
1974.548	86.1164138323434	0.2	
1974.91	86.0884091344608	0.2	
1975.285	86.1175263664518	0.2	
1975.618	86.1813806207858	0.2	
1975.966	86.2798090582975	0.2	
1976.338	86.4124681055829	0.2	
1976.65	86.6011736940342	0.2	
1976.997	86.8310814347064	0.2	
1977.33	87.0610747152179	0.2	
1977.654	87.2557864379034	0.2	
1977.987	87.415044325952	0.2	
1978.275	87.5598532116258	0.2	
1978.582	87.6888174403636	0.2	
1978.897	87.8170398947454	0.2	
1979.21	87.9567968962605	0.2	
1979.53	88.1549039080041	0.2	
1979.855	88.3984807974005	0.2	
1980.14	88.6770256716906	0.2	
1980.416	88.96027463725	0.2	
1980.704	89.2557036690458	0.2	
1981.023	89.5634415551592	0.2	
1981.332	89.8715160516684	0.2	
1981.628	90.1947575440752	0.2	
1981.913	90.5070503674375	0.2	
1982.207	90.8436816863963	0.2	
1982.548	91.1939629509337	0.2	
1982.854	91.5473109608693	0.2	
1983.132	91.9245620516777	0.2	
1983.478	92.329052702738	0.2	
1983.775	92.7049140312923	0.2	
1984.078	93.0742588914941	0.2	
1984.379	93.4328433939951	0.2	
1984.692	93.7827401384455	0.2	
1984.991	94.1088903627542	0.2	
1985.309	94.4060626366332	0.2	
1985.643	94.693672342395	0.2	
1986.001	94.9376524458284	0.2	
1986.316	95.1473956007996	0.2	
1986.564	95.3101283658613	0.2	
1986.868	95.4562554861273	0.2	
1987.14	95.5620961007554	0.2	
1987.434	95.6488184949565	0.2	
1987.71	95.7131721223596	0.2	
1987.997	95.7616006051626	0.2	
1988.305	95.7807087637846	0.2	
1988.606	95.7634964756289	0.2	
1988.88	95.7123039365398	0.2	
1989.259	95.6294291470584	0.2	
1989.583	95.5085096092385	0.2	
1989.942	95.3373023237451	0.2	
1990.28	95.0973714775091	0.2	
1990.739	94.7722480875838	0.2	
1991.246	94.3485377346748	0.2	
1991.749	93.8383601131431	0.2	
1992.284	93.28708600944	0.2	
1992.79	92.7136684070918	0.2	
1993.302	92.0133702327045	0.2	
1993.787	91.1756380043482	0.2	
1994.214	90.080407253945	0.2	
1994.672	88.8108101857015	0.2	
1995.187	87.5400904357508	0.2	
1995.657	86.4884588913436	0.2	
1996.15	85.8341409912228	0.2	
1996.537	85.4395477323932	0.2	
1997.041	85.2771317424324	0.2	
1997.515	85.2446184100444	0.2	
1998.057	85.1835009517264	0.2	
1998.501	85.0127917894918	0.2	
1999.041	84.7892907973649	0.2	
1999.583	84.578405163921	0.2	
2000.083	84.3940723986697	0.2	
2000.632	84.3256595837477	0.2	
2001.144	84.3668452983068	0.2	
2001.697	84.5231106896939	0.2	
2002.231	84.7402402908196	0.2	
2002.753	84.9425701283389	0.2	
2003.339	85.1050601947226	0.2	
2003.894	85.3029805447254	0.2	
2004.426	85.6216438979751	0.2	
2004.999	86.122386821274	0.2	
2005.55	86.6970934896946	0.2	
2006.086	87.2064954241755	0.2	
2006.648	87.7066211609009	0.2	
2007.164	88.2218105771205	0.2	
2007.753	88.6383949624167	0.2	
2008.319	88.9966388817847	0.2	
2008.882	89.2719724986745	0.2	
2009.441	89.4714963762161	0.2	
2009.927	89.6182395208952	0.2	
2010.33	89.7410266386513	0.2	
2010.701	89.8271438183487	0.2	
2011.039	89.908601943698	0.2	
2011.358	89.9771934431988	0.2	
2011.647	90.0556184405952	0.2	
2011.938	90.13666035602	0.2	
2012.233	90.2423418106778	0.2	
2012.486	90.369983642822	0.2	
2012.818	90.5047027788816	0.2	
2013.11	90.6559768758044	0.2	
2013.427	90.8229097130609	0.2	
2013.714	91.004674550624	0.2	
2014.028	91.1798597293578	0.2	
2014.283	91.345690558804	0.2	
2014.576	91.4985405069218	0.2	
2014.877	91.6579594633874	0.2	
2015.175	91.8240228440067	0.2	
2015.469	91.9962667306415	0.2	
2015.75	92.1728763986127	0.2	
2016.038	92.3530709044202	0.2	
2016.33	92.57166202504	0.2	
2016.603	92.7946252407461	0.2	
2016.909	93.0174380124472	0.2	
2017.216	93.237026556285	0.2	
2017.507	93.4527230080751	0.2	
2017.795	93.6617026371412	0.2	
2018.099	93.8382989588151	0.2	
2018.373	94.0318217561492	0.2	
2018.689	94.2370838080347	0.2	
2018.982	94.4082873944968	0.2	
2019.267	94.5864404418565	0.2	
2019.55	94.7487357922673	0.2	
2019.823	94.8801722126111	0.2	
2020.108	95.0131456803629	0.2	
2020.419	95.130651099055	0.2	
2020.698	95.2224964821268	0.2	
2021.004	95.3126333601415	0.2	
2021.318	95.3897806944725	0.2	
2021.627	95.4554943896313	0.2	
2021.939	95.5174690381276	0.2	
2022.245	95.5749029572062	0.2	
2022.538	95.6184780783137	0.2	
2022.847	95.655993540327	0.2	
2023.163	95.6798365970428	0.2	
2023.496	95.6868128019821	0.2	
2023.834	95.6746911560648	0.2	
2024.15	95.638607637595	0.2	
2024.532	95.5932201915371	0.2	
2024.965	95.5252750667853	0.2	
2025.349	95.4322168288536	0.2	
2025.71	95.3003356858072	0.2	
2026.022	95.118585516142	0.2	
2026.326	94.8574865660161	0.2	
2026.661	94.5194700991519	0.2	
2027.031	94.0504706923884	0.2	
2027.428	93.4593490320445	0.2	
2027.78	92.6418937939731	0.2	
2028.171	91.6301399528757	0.2	
2028.602	90.3158185911629	0.2	
2029.034	88.9149157326112	0.2	
2029.472	87.6383438912068	0.2	
2029.896	86.8559244042319	0.2	
2030.335	86.4270661845689	0.2	
2030.75	86.114388988527	0.2	
2031.199	85.7422885734392	0.2	
2031.652	85.293582446932	0.2	
2032.148	84.7525447153781	0.2	
2032.672	84.2302330011795	0.2	
2033.181	83.8856106709728	0.2	
2033.566	83.8325291601719	0.2	
2033.932	84.0059026554122	0.2	
2034.325	84.1907366461459	0.2	
2034.742	84.2435471018967	0.2	
2035.178	84.2031824757714	0.2	
2035.62	84.1921317110687	0.2	
2036.052	84.2280303046338	0.2	
2036.519	84.2651033730809	0.2	
2036.963	84.2761916871989	0.2	
2037.385	84.2686565589571	0.2	
2037.796	84.2950316798939	0.2	
2038.228	84.4173653442436	0.2	
2038.659	84.6308775784681	0.2	
2039.156	84.8369246306515	0.2	
2039.679	84.9809373874374	0.2	
2040.222	85.1187193615909	0.2	
2040.765	85.3324952389512	0.2	
2041.312	85.5720778125347	0.2	
2041.829	85.7948436833547	0.2	
2042.361	86.0548365216864	0.2	
2042.916	86.3423004747194	0.2	
2043.459	86.6521301437911	0.2	
2044.006	86.8806743308767	0.2	
2044.544	86.9727086692803	0.2	
2045.048	86.9365036698753	0.2	
2045.544	86.7935365299919	0.2	
2046.083	86.602239342485	0.2	
2046.674	86.413306561328	0.2	
2047.21	86.2495858833492	0.2	
2047.794	86.0787782636748	0.2	
2048.37	85.900239863477	0.2	
2048.969	85.7541247836205	0.2	
2049.526	85.6506976921813	0.2	
2050.105	85.6138280806155	0.2	
2050.656	85.6528292494227	0.2	
2051.293	85.7269851429005	0.2	
2051.886	85.80301774214	0.2	
2052.442	85.8928111614667	0.2	
2053.042	85.9845014290658	0.2	
2053.651	86.0858650450038	0.2	
2054.25	86.2440753189261	0.2	
2054.864	86.4303994971908	0.2	
2055.393	86.624103991149	0.2	
2055.974	86.8165966492593	0.2	
2056.534	87.005150013528	0.2	
2057.082	87.1559957889374	0.2	
2057.697	87.2841481973854	0.2	
2058.277	87.3894751632333	0.2	
2058.858	87.4872270159271	0.2	
2059.44	87.5783461674407	0.2	
2060.054	87.6604282928767	0.2	
2060.711	87.7436800086739	0.2	
2061.259	87.836760702103	0.2	
2061.839	87.9612292718666	0.2	
2062.493	88.109372021214	0.2	
2063.13	88.2875452134104	0.2	
2063.682	88.5041382610809	0.2	
2064.327	88.7197672058821	0.2	
2064.993	88.9557004037621	0.2	
2065.629	89.1685297950947	0.2	
2066.223	89.38271365722	0.2	
2066.898	89.5839924147684	0.2	
2067.6	89.7786333762613	0.2	
2068.245	89.9750273788705	0.2	
2068.898	90.1647765093216	0.2	
2069.496	90.3608192133202	0.2	
2070.022	90.527310905685	0.2	
2070.395	90.7029029307935	0.2	
2070.709	90.8543378368324	0.2	
2071.021	91.0128570979121	0.2	
2071.329	91.1601205813558	0.2	
2071.697	91.3351259163714	0.2	
2072.043	91.4999961227465	0.2	
2072.392	91.673278357953	0.2	
2072.698	91.8564110911255	0.2	
2072.991	92.0491057837548	0.2	
2073.282	92.2762528488674	0.2	
2073.591	92.4884987247424	0.2	
2073.917	92.7079971982078	0.2	
2074.173	92.9067366579212	0.2	
2074.523	93.1391699719439	0.2	
2074.816	93.3360014292947	0.2	
2075.107	93.5344913296919	0.2	
2075.393	93.7638049434893	0.2	
2075.726	93.9670754159641	0.2	
2076.043	94.1707506346269	0.2	
2076.303	94.3749685163805	0.2	
2076.585	94.5788054618607	0.2	
2076.905	94.7524813964666	0.2	
2077.203	94.9258631951564	0.2	
2077.491	95.1261745713666	0.2	
2077.773	95.296102211015	0.2	
2078.083	95.4923732347034	0.2	
2078.387	95.657867627285	0.2	
2078.699	95.8479163816012	0.2	
2079.025	96.0342944600421	0.2	
2079.303	96.2163083645983	0.2	
2079.644	96.3945872811988	0.2	
2079.876	96.5684160004415	0.2	
2080.186	96.7613540928154	0.2	
2080.467	96.9486468095333	0.2	
2080.745	97.1288753022047	0.2	
2081.066	97.3016792073507	0.2	
2081.423	97.4667457955441	0.2	
2081.756	97.6228587392503	0.2	
2082.051	97.756834873848	0.2	
2082.357	97.8914312039987	0.2	
2082.688	98.018456218826	0.2	
2082.965	98.120937680322	0.2	
2083.241	98.2326094693306	0.2	
2083.508	98.335877094266	0.2	
2083.797	98.4300089426301	0.2	
2084.048	98.5146984261139	0.2	
2084.355	98.5897918030356	0.2	
2084.662	98.6636651816856	0.2	
2084.958	98.7176403223423	0.2	
2085.226	98.7669839451634	0.2	
2085.52	98.7992179283322	0.2	
2085.833	98.8209936274986	0.2	
2086.093	98.8323755047199	0.2	
2086.366	98.8327901354061	0.2	
2086.648	98.8223192112994	0.2	
2086.926	98.7983319932682	0.2	
2087.193	98.7671500550749	0.2	
2087.498	98.7137305959942	0.2	
2087.835	98.6539396178369	0.2	
2088.096	98.5826525780531	0.2	
2088.415	98.499848271087	0.2	
2088.698	98.3925743736821	0.2	
2088.953	98.2841377206177	0.2	
2089.206	98.163486315741	0.2	
2089.467	98.0121701908005	0.2	
2089.751	97.837138080234	0.2	
2090.039	97.6370150366991	0.2	
2090.305	97.4204399491618	0.2	
2090.589	97.1616499466293	0.2	
2090.852	96.8714044029685	0.2	
2091.145	96.5236668800621	0.2	
2091.387	96.1754813164917	0.2	
2091.645	95.7246236984861	0.2	
2091.939	95.2459203053273	0.2	
2092.177	94.7136809430496	0.2	
2092.461	94.1831710436885	0.2	
2092.724	93.6348271068833	0.2	
2092.967	93.1263283724211	0.2	
2093.229	92.6351305815984	0.2	
2093.486	92.1912235370059	0.2	
2093.738	91.8053561926026	0.2	
2094.003	91.5173176924281	0.2	
2094.313	91.264334730078	0.2	
2094.642	91.0686313008481	0.2	
2094.966	90.8931434795627	0.2	
2095.272	90.6909905918371	0.2	
2095.58	90.4245143863148	0.2	
2095.915	90.0693635678751	0.2	
2096.313	89.6445059758649	0.2	
2096.729	89.2324438289574	0.2	
2097.144	88.829136446039	0.2	
2097.564	88.4284110343393	0.2	
2097.978	88.0714154251899	0.2	
2098.399	87.8522063942894	0.2	
2098.847	87.7165047170226	0.2	
2099.254	87.6121017100401	0.2	
2099.613	87.4969420080702	0.2	
2099.971	87.3578721821456	0.2	
2100.349	87.1832056897864	0.2	
2100.676	86.9723432298283	0.2	
2100.966	86.6940380769246	0.2	
2101.278	86.3776692064992	0.2	
2101.631	86.0276969366856	0.2	
2101.934	85.7133946432486	0.2	
2102.258	85.4726328057669	0.2	
2102.597	85.339591689129	0.2	
2102.931	85.3035281544933	0.2	
2103.275	85.3019017102421	0.2	
2103.586	85.2767034349663	0.2	
2103.873	85.2173608092134	0.2	
2104.132	85.1457555089026	0.2	
2104.431	85.0816555664844	0.2	
2104.729	85.0549193305852	0.2	
2105.036	85.0772237856288	0.2	
2105.357	85.1416477767812	0.2	
2105.667	85.2161950697542	0.2	
2105.971	85.2983508736453	0.2	
2106.26	85.3745837314266	0.2	
2106.565	85.42433336909	0.2	
2106.893	85.4566023245101	0.2	
2107.211	85.5122937603521	0.2	
2107.538	85.6244437722977	0.2	
2107.86	85.7620367092105	0.2	
2108.161	85.9157337355454	0.2	
2108.431	86.0825256935563	0.2	
2108.814	86.2581286055043	0.2	
2109.125	86.4356649662533	0.2	
2109.397	86.6267759994304	0.2	
2109.711	86.8434117256988	0.2	
2110.047	87.0956025986257	0.2	
2110.344	87.3943979524857	0.2	
2110.687	87.7063236610894	0.2	
2111.036	88.0136830598998	0.2	
2111.371	88.3863643537092	0.2	
2111.712	88.8323746674206	0.2	
2112.041	89.3732261188853	0.2	
2112.381	89.9614081763036	0.2	
2112.778	90.5351562266939	0.2	
2113.167	91.0265062259957	0.2	
2113.616	91.3190701770464	0.2	
2114.026	91.3854725472539	0.2	
2114.418	91.2083089746186	0.2	
2114.787	90.765282394951	0.2	
2115.197	90.0779159510177	0.2	
2115.668	89.1772669641512	0.2	
2116.073	88.1188690230714	0.2	
2116.569	87.1997187620522	0.2	
2117.013	86.6309768157477	0.2	
2117.488	86.4093581947179	0.2	
2117.935	86.2741482050409	0.2	
2118.392	86.0796606851314	0.2	
2118.916	85.84486956231	0.2	
2119.422	85.5728876208744	0.2	
2119.927	85.3248886798345	0.2	
2120.412	85.0768765987499	0.2	
2120.909	84.8130729285797	0.2	
2121.395	84.5850379479373	0.2	
2121.892	84.5262773034213	0.2	
2122.452	84.6271708747071	0.2	
2123.022	84.830088862954	0.2	
2123.596	85.0799302190638	0.2	
2124.025	85.3981775152565	0.2	
2124.447	85.7421095754395	0.2	
2124.717	86.0814833769939	0.2	
2125.021	86.418919876412	0.2	
2125.351	86.7455679251795	0.2	
2125.671	87.0532820705934	0.2	
2125.953	87.3590563079831	0.2	
2126.212	87.6548763954988	0.2	
2126.483	87.9481195692056	0.2	
2126.786	88.2390064253811	0.2	
2127.063	88.5078366644229	0.2	
2127.352	88.7887009503714	0.2	
2127.638	89.0280279059491	0.2	
2127.936	89.2975687765138	0.2	
2128.197	89.5446018376029	0.2	
2128.479	89.7934430971186	0.2	
2128.733	90.0458675596825	0.2	
2129.017	90.3107385282777	0.2	
2129.304	90.5755980680805	0.2	
2129.584	90.8377462474388	0.2	
2129.854	91.095587603118	0.2	
2130.116	91.3460942319798	0.2	
2130.378	91.5610670584479	0.2	
2130.641	91.7917244890345	0.2	
2130.937	91.9931024197564	0.2	
2131.209	92.2147034052314	0.2	
2131.461	92.401186513691	0.2	
2131.732	92.5983541642336	0.2	
2131.996	92.7817158745161	0.2	
2132.251	92.9328866747412	0.2	
2132.538	93.10414623069	0.2	
2132.828	93.2405529405837	0.2	
2133.118	93.3846717401541	0.2	
2133.389	93.4943528999352	0.2	
2133.64	93.6021694616764	0.2	
2133.914	93.6892360248205	0.2	
2134.159	93.7669091073423	0.2	
2134.451	93.8362788668146	0.2	
2134.71	93.8935958196073	0.2	
2134.991	93.9319377296685	0.2	
2135.277	93.946039650492	0.2	
2135.629	93.9307919735128	0.2	
2136.002	93.87661328528	0.2	
2136.373	93.7649306243955	0.2	
2136.712	93.5850591207134	0.2	
2137.044	93.3132620707878	0.2	
2137.394	92.9617727225205	0.2	
2137.75	92.5425157698084	0.2	
2138.092	92.0296279033424	0.2	
2138.462	91.3893454022942	0.2	
2138.832	90.6269201523035	0.2	
2139.174	89.6679446730908	0.2	
2139.537	88.479632217556	0.2	
