depth	thinning	rel_unc
8	0.9955	0.01991
9	0.9953	0.019906
10	0.9951	0.019902
11	0.9948	0.019896
12	0.9946	0.019892
13	0.9944	0.019888
14	0.9942	0.019884
15	0.9941	0.019882
16	0.9938	0.019876
17	0.9936	0.019872
18	0.9933	0.019865999999999998
19	0.9932	0.019864
20	0.993	0.01986
21	0.9927	0.019854
22	0.9924	0.019848
23	0.9923	0.019846
24	0.992	0.01984
25	0.9918	0.019836
26	0.9915	0.01983
27	0.9913	0.019826
28	0.9911	0.019822
29	0.991	0.01982
30	0.9908	0.019816
31	0.9906	0.019812
32	0.9905	0.01981
33	0.9903	0.019806
34	0.9902	0.019804
35	0.9901	0.019802
36	0.9902	0.019804
37	0.9901	0.019802
38	0.9901	0.019802
39	0.99	0.0198
40	0.9899	0.019798
41	0.9898	0.019796
42	0.9898	0.019796
43	0.9897	0.019794000000000003
44	0.9897	0.019794000000000003
45	0.9896	0.019792
46	0.9895	0.019790000000000002
47	0.9894	0.019788
48	0.9892	0.019784
49	0.989	0.01978
50	0.9889	0.019778
51	0.9887	0.019774
52	0.9884	0.019768
53	0.9882	0.019764
54	0.988	0.01976
55	0.9876	0.019752000000000002
56	0.9873	0.019746
57	0.987	0.01974
58	0.9866	0.019732
59	0.9862	0.019724
60	0.9857	0.019714000000000002
61	0.9854	0.019708
62	0.985	0.0197
63	0.9845	0.019690000000000003
64	0.9841	0.019682
65	0.9837	0.019674
66	0.9833	0.019666
67	0.9828	0.019656
68	0.9825	0.01965
69	0.982	0.01964
70	0.9816	0.019632
71	0.9813	0.019626
72	0.9808	0.019616
73	0.9805	0.019610000000000002
74	0.9801	0.019602
75	0.9796	0.019592000000000002
76	0.9793	0.019586
77	0.9789	0.019578
78	0.9786	0.019572000000000003
79	0.9782	0.019563999999999998
80	0.9778	0.019556
81	0.9776	0.019552
82	0.9772	0.019544
83	0.9769	0.019538
84	0.9765	0.019530000000000002
85	0.9763	0.019525999999999998
86	0.976	0.01952
87	0.9756	0.019512
88	0.9753	0.019506
89	0.9749	0.019498
90	0.9744	0.019488000000000002
91	0.974	0.01948
92	0.9735	0.01947
93	0.9731	0.019462
94	0.9725	0.019450000000000002
95	0.9719	0.019438
96	0.9713	0.019426000000000002
97	0.9707	0.019414
98	0.97	0.0194
99	0.9693	0.019386
100	0.9686	0.019372
101	0.968	0.01936
102	0.9674	0.019348
103	0.9669	0.019338
104	0.9664	0.019328
105	0.9658	0.019316
106	0.9653	0.019306
107	0.9649	0.019298
108	0.9645	0.01929
109	0.9641	0.019282
110	0.9639	0.019278
111	0.9636	0.019272
112	0.9633	0.019266000000000002
113	0.963	0.01926
114	0.9627	0.019254
115	0.9625	0.01925
116	0.9622	0.019244
117	0.962	0.01924
118	0.9618	0.019236
119	0.9616	0.019232
120	0.9614	0.019228000000000002
121	0.9611	0.019222
122	0.9608	0.019216
123	0.9605	0.01921
124	0.9601	0.019202
125	0.9598	0.019196
126	0.9594	0.019188
127	0.959	0.01918
128	0.9586	0.019172
129	0.9583	0.019166000000000002
130	0.9578	0.019156
131	0.9574	0.019148000000000002
132	0.9569	0.019138
133	0.9564	0.019128000000000003
134	0.956	0.019119999999999998
135	0.9555	0.019110000000000002
136	0.9551	0.019102
137	0.9547	0.019094
138	0.9543	0.019086000000000002
139	0.9538	0.019076
140	0.9534	0.019068
141	0.953	0.01906
142	0.9526	0.019052
143	0.9522	0.019044000000000002
144	0.9518	0.019036
145	0.9514	0.019028
146	0.951	0.01902
147	0.9506	0.019012
148	0.9502	0.019004
149	0.9497	0.018994
150	0.9493	0.018986
151	0.9489	0.018978
152	0.9485	0.01897
153	0.9481	0.018962000000000003
154	0.9477	0.018954
155	0.9473	0.018946
156	0.947	0.01894
157	0.9466	0.018932
158	0.9463	0.018926000000000002
159	0.9461	0.018922
160	0.9458	0.018916
161	0.9455	0.01891
162	0.9452	0.018904
163	0.9449	0.018897999999999998
164	0.9445	0.01889
165	0.9442	0.018884
166	0.9438	0.018876
167	0.9434	0.018868
168	0.9429	0.018858
169	0.9424	0.018848
170	0.9418	0.018836
171	0.9413	0.018826000000000002
172	0.9407	0.018814
173	0.9401	0.018802000000000003
174	0.9395	0.01879
175	0.9388	0.018776
176	0.9383	0.018766
177	0.9378	0.018756
178	0.9373	0.018746000000000002
179	0.9369	0.018738
180	0.9365	0.01873
181	0.9361	0.018722000000000003
182	0.9358	0.018716
183	0.9355	0.01871
184	0.9352	0.018704000000000002
185	0.9349	0.018698
186	0.9347	0.018694
187	0.9344	0.018688
188	0.9341	0.018682
189	0.9338	0.018675999999999998
190	0.9334	0.018668
191	0.933	0.018660000000000003
192	0.9326	0.018652
193	0.9323	0.018646
194	0.9319	0.018638
195	0.9315	0.01863
196	0.9311	0.018622
197	0.9307	0.018614
198	0.9304	0.018608
199	0.93	0.018600000000000002
200	0.9297	0.018594
201	0.9294	0.018588
202	0.9291	0.018582
203	0.9287	0.018574
204	0.9284	0.018568
205	0.9281	0.018562000000000002
206	0.9277	0.018554
207	0.9274	0.018548000000000002
208	0.927	0.01854
209	0.9266	0.018532
210	0.9262	0.018524000000000002
211	0.9258	0.018516
212	0.9253	0.018506
213	0.9248	0.018496
214	0.9243	0.018486
215	0.9238	0.018476
216	0.9233	0.018466
217	0.9227	0.018453999999999998
218	0.9221	0.018442
219	0.9214	0.018428
220	0.9209	0.018418
221	0.9203	0.018406000000000002
222	0.9198	0.018396
223	0.9194	0.018388
224	0.919	0.01838
225	0.9186	0.018372
226	0.9183	0.018366
227	0.918	0.01836
228	0.9178	0.018356
229	0.9177	0.018354
230	0.9176	0.018352
231	0.9174	0.018348
232	0.9172	0.018344
233	0.917	0.018340000000000002
234	0.9167	0.018334
235	0.9163	0.018326000000000002
236	0.9159	0.018318
237	0.9154	0.018308
238	0.9148	0.018296
239	0.9141	0.018282
240	0.9134	0.018268
241	0.9127	0.018254
242	0.9121	0.018242
243	0.9115	0.01823
244	0.911	0.01822
245	0.9106	0.018212
246	0.9103	0.018206
247	0.9101	0.018202
248	0.9099	0.018198000000000002
249	0.9098	0.018196
250	0.9098	0.018196
251	0.9098	0.018196
252	0.9097	0.018194
253	0.9096	0.018192
254	0.9095	0.01819
255	0.9092	0.018184000000000002
256	0.9089	0.018178
257	0.9086	0.018172
258	0.9081	0.018162
259	0.9076	0.018151999999999998
260	0.907	0.01814
261	0.9064	0.018128000000000002
262	0.9058	0.018116
263	0.9052	0.018104000000000002
264	0.9046	0.018092
265	0.9041	0.018082
266	0.9036	0.018072
267	0.9032	0.018064
268	0.9028	0.018056000000000003
269	0.9024	0.018048
270	0.902	0.01804
271	0.9017	0.018033999999999998
272	0.9014	0.018028
273	0.9012	0.018024000000000002
274	0.9009	0.018018000000000003
275	0.9006	0.018012
276	0.9003	0.018006
277	0.9	0.018000000000000002
278	0.8997	0.017994000000000003
279	0.8993	0.017986
280	0.899	0.01798
281	0.8986	0.017972
282	0.8982	0.017964
283	0.8978	0.017956
284	0.8974	0.017948
285	0.8969	0.017938000000000003
286	0.8964	0.017928
287	0.8958	0.017916
288	0.8953	0.017906000000000002
289	0.8947	0.017894
290	0.8941	0.017882000000000002
291	0.8935	0.01787
292	0.8929	0.017858000000000002
293	0.8924	0.017848
294	0.8919	0.017838
295	0.8914	0.017828
296	0.8909	0.017818
297	0.8905	0.01781
298	0.8902	0.017804
299	0.8899	0.017798
300	0.8896	0.017792
301	0.8893	0.017786
302	0.889	0.01778
303	0.8887	0.017774
304	0.8884	0.017768
305	0.888	0.01776
306	0.8876	0.017752
307	0.8872	0.017744
308	0.8867	0.017734
309	0.8862	0.017724
310	0.8857	0.017714
311	0.8851	0.017702
312	0.8846	0.017692000000000003
313	0.884	0.01768
314	0.8835	0.017669999999999998
315	0.883	0.017660000000000002
316	0.8825	0.01765
317	0.8821	0.017642
318	0.8817	0.017634
319	0.8813	0.017626
320	0.8809	0.017618
321	0.8805	0.01761
322	0.8802	0.017604
323	0.8798	0.017596
324	0.8794	0.017588
325	0.8791	0.017582
326	0.8787	0.017574000000000003
327	0.8783	0.017566
328	0.8779	0.017558
329	0.8776	0.017552
330	0.8772	0.017544
331	0.8768	0.017536
332	0.8764	0.017528
333	0.8761	0.017522
334	0.8757	0.017514000000000002
335	0.8754	0.017508
336	0.8751	0.017502
337	0.8748	0.017496
338	0.8744	0.017488
339	0.8741	0.017482
340	0.8737	0.017474
341	0.8734	0.017468
342	0.8731	0.017462000000000002
343	0.8727	0.017454
344	0.8723	0.017446
345	0.872	0.01744
346	0.8716	0.017432
347	0.8713	0.017426
348	0.8709	0.017418
349	0.8706	0.017412
350	0.8703	0.017406
351	0.87	0.0174
352	0.8697	0.017394
353	0.8694	0.017388
354	0.8691	0.017382
355	0.8688	0.017376
356	0.8685	0.01737
357	0.8681	0.017362
358	0.8677	0.017354
359	0.8673	0.017346
360	0.8668	0.017336
361	0.8663	0.017326
362	0.8658	0.017316
363	0.8652	0.017304
364	0.8646	0.017292000000000002
365	0.864	0.01728
366	0.8634	0.017268
367	0.8629	0.017258
368	0.8623	0.017246
369	0.8619	0.017238
370	0.8614	0.017228
371	0.861	0.01722
372	0.8606	0.017212
373	0.8603	0.017206
374	0.86	0.0172
375	0.8597	0.017194
376	0.8594	0.017188000000000002
377	0.8591	0.017182
378	0.8588	0.017176
379	0.8585	0.01717
380	0.8581	0.017162
381	0.8578	0.017156
382	0.8575	0.017150000000000002
383	0.8571	0.017142
384	0.8568	0.017136000000000002
385	0.8564	0.017128
386	0.856	0.01712
387	0.8557	0.017114
388	0.8553	0.017106
389	0.8549	0.017098
390	0.8545	0.01709
391	0.854	0.01708
392	0.8536	0.017072
393	0.8531	0.017062
394	0.8526	0.017052
395	0.8522	0.017044
396	0.8517	0.017034
397	0.8513	0.017026
398	0.8509	0.017018000000000002
399	0.8505	0.01701
400	0.8502	0.017004
401	0.8498	0.016996
402	0.8495	0.01699
403	0.8492	0.016984
404	0.849	0.01698
405	0.8487	0.016974
406	0.8485	0.016970000000000002
407	0.8481	0.016962
408	0.8477	0.016954
409	0.8473	0.016946000000000003
410	0.8468	0.016936
411	0.8462	0.016923999999999998
412	0.8457	0.016914000000000002
413	0.8451	0.016902
414	0.8444	0.016888
415	0.8438	0.016876
416	0.8432	0.016864
417	0.8427	0.016854
418	0.8423	0.016846
419	0.8419	0.016838
420	0.8416	0.016832
421	0.8414	0.016828000000000003
422	0.8412	0.016824
423	0.8411	0.016822
424	0.8411	0.016822
425	0.8411	0.016822
426	0.8411	0.016822
427	0.8409	0.016818
428	0.8407	0.016814
429	0.8403	0.016806
430	0.8399	0.016798
431	0.8394	0.016788
432	0.8388	0.016776
433	0.8382	0.016763999999999998
434	0.8374	0.016748000000000002
435	0.8367	0.016734
436	0.836	0.01672
437	0.8354	0.016708
438	0.8347	0.016694
439	0.8342	0.016684
440	0.8336	0.016672
441	0.8331	0.016662
442	0.8327	0.016654
443	0.8323	0.016646
444	0.8319	0.016638
445	0.8315	0.01663
446	0.8312	0.016624
447	0.8308	0.016616
448	0.8304	0.016608
449	0.8301	0.016602
450	0.8297	0.016594
451	0.8293	0.016586
452	0.8289	0.016578
453	0.8286	0.016572
454	0.8282	0.016564000000000002
455	0.8278	0.016556
456	0.8274	0.016548
457	0.827	0.01654
458	0.8266	0.016532
459	0.8261	0.016522
460	0.8257	0.016514
461	0.8252	0.016504
462	0.8247	0.016494
463	0.8241	0.016482
464	0.8236	0.016472
465	0.8231	0.016462
466	0.8227	0.016454
467	0.8223	0.016446000000000002
468	0.8219	0.016438
469	0.8216	0.016432
470	0.8211	0.016422000000000003
471	0.8208	0.016416
472	0.8205	0.01641
473	0.8203	0.016406
474	0.8201	0.016402
475	0.8198	0.016396
476	0.8196	0.016392
477	0.8193	0.016386
478	0.819	0.01638
479	0.8186	0.016372
480	0.8183	0.016366000000000002
481	0.8178	0.016356
482	0.8174	0.016348
483	0.8169	0.016338
484	0.8164	0.016328000000000002
485	0.8159	0.016318
486	0.8155	0.01631
487	0.815	0.0163
488	0.8146	0.016292
489	0.8143	0.016286000000000002
490	0.8139	0.016278
491	0.8136	0.016272000000000002
492	0.8133	0.016266
493	0.8131	0.016262000000000002
494	0.8128	0.016256
495	0.8126	0.016252
496	0.8123	0.016246
497	0.8121	0.016242
498	0.8118	0.016236
499	0.8115	0.01623
500	0.8112	0.016224000000000002
501	0.8108	0.016216
502	0.8104	0.016208
503	0.81	0.016200000000000003
504	0.8096	0.016192
505	0.8092	0.016184
506	0.8088	0.016176
507	0.8084	0.016168000000000002
508	0.808	0.01616
509	0.8075	0.01615
510	0.8071	0.016142
511	0.8067	0.016134
512	0.8063	0.016126
513	0.8058	0.016116
514	0.8054	0.016108
515	0.805	0.0161
516	0.8045	0.01609
517	0.8041	0.016082000000000003
518	0.8036	0.016072
519	0.8031	0.016062
520	0.8026	0.016052
521	0.8022	0.016044
522	0.8017	0.016034
523	0.8012	0.016024
524	0.8008	0.016016
525	0.8004	0.016008
526	0.7999	0.015998000000000002
527	0.7995	0.01599
528	0.7991	0.015982
529	0.7987	0.015974
530	0.7982	0.015964
531	0.7978	0.015955999999999998
532	0.7974	0.015948
533	0.797	0.015940000000000003
534	0.7965	0.01593
535	0.7961	0.015922000000000002
536	0.7956	0.015912
537	0.7952	0.015904
538	0.7947	0.015894
539	0.7942	0.015884000000000002
540	0.7938	0.015875999999999998
541	0.7933	0.015866
542	0.7929	0.015858
543	0.7925	0.01585
544	0.7921	0.015842000000000002
545	0.7917	0.015834
546	0.7914	0.015828000000000002
547	0.7911	0.015822
548	0.7907	0.015813999999999998
549	0.7905	0.01581
550	0.7902	0.015804000000000002
551	0.7899	0.015798
552	0.7895	0.01579
553	0.7892	0.015784
554	0.7888	0.015776
555	0.7885	0.01577
556	0.7881	0.015762
557	0.7877	0.015754
558	0.7873	0.015746
559	0.7868	0.015736
560	0.7864	0.015728
561	0.786	0.01572
562	0.7856	0.015712
563	0.7851	0.015702
564	0.7847	0.015694
565	0.7843	0.015686
566	0.7839	0.015678
567	0.7835	0.01567
568	0.7831	0.015662000000000002
569	0.7826	0.015652
570	0.7822	0.015644
571	0.7818	0.015636
572	0.7814	0.015628
573	0.781	0.01562
574	0.7806	0.015612
575	0.7802	0.015604
576	0.7799	0.015598
577	0.7795	0.01559
578	0.7791	0.015582
579	0.7787	0.015574
580	0.7784	0.015568
581	0.778	0.015560000000000001
582	0.7776	0.015552
583	0.7772	0.015544
584	0.7769	0.015538000000000001
585	0.7765	0.01553
586	0.7761	0.015522000000000001
587	0.7757	0.015514
588	0.7753	0.015506
589	0.7749	0.015498000000000001
590	0.7745	0.01549
591	0.7741	0.015482000000000001
592	0.7736	0.015472
593	0.7732	0.015464
594	0.7728	0.015456000000000001
595	0.7723	0.015446
596	0.7719	0.015438
597	0.7715	0.01543
598	0.7711	0.015422
599	0.7706	0.015411999999999999
600	0.7702	0.015404000000000001
601	0.7698	0.015396000000000002
602	0.7693	0.015386
603	0.7689	0.015378000000000001
604	0.7685	0.01537
605	0.768	0.01536
606	0.7676	0.015352
607	0.7671	0.015342
608	0.7667	0.015334000000000002
609	0.7663	0.015326
610	0.7658	0.015316000000000001
611	0.7654	0.015308
612	0.765	0.015300000000000001
613	0.7645	0.01529
614	0.7641	0.015282
615	0.7637	0.015274000000000001
616	0.7633	0.015266
617	0.7629	0.015258
618	0.7625	0.01525
619	0.7621	0.015242
620	0.7617	0.015234000000000001
621	0.7613	0.015226
622	0.7609	0.015218
623	0.7605	0.01521
624	0.7601	0.015202
625	0.7598	0.015196000000000001
626	0.7594	0.015188
627	0.759	0.01518
628	0.7587	0.015174000000000002
629	0.7583	0.015166
630	0.7579	0.015158000000000001
631	0.7575	0.015149999999999999
632	0.7571	0.015142000000000001
633	0.7567	0.015134000000000002
634	0.7563	0.015126
635	0.7559	0.015118000000000001
636	0.7555	0.01511
637	0.7551	0.015102
638	0.7547	0.015094000000000002
639	0.7543	0.015086
640	0.7539	0.015078000000000001
641	0.7535	0.01507
642	0.7531	0.015062
643	0.7527	0.015054000000000001
644	0.7523	0.015046
645	0.7519	0.015038000000000001
646	0.7516	0.015032000000000002
647	0.7512	0.015024
648	0.7508	0.015016000000000002
649	0.7504	0.015007999999999999
650	0.75	0.015
651	0.7496	0.014992000000000002
652	0.7493	0.014986
653	0.7489	0.014978
654	0.7485	0.01497
655	0.7482	0.014964
656	0.7478	0.014956
657	0.7474	0.014948
658	0.7471	0.014942
659	0.7467	0.014934000000000001
660	0.7463	0.014926
661	0.7459	0.014918
662	0.7456	0.014912000000000002
663	0.7452	0.014904
664	0.7448	0.014896000000000001
665	0.7444	0.014887999999999998
666	0.744	0.01488
667	0.7436	0.014872000000000002
668	0.7432	0.014864
669	0.7428	0.014856000000000001
670	0.7424	0.014848
671	0.742	0.01484
672	0.7416	0.014832000000000001
673	0.7413	0.014825999999999999
674	0.741	0.01482
675	0.7407	0.014814
676	0.7404	0.014808
677	0.7402	0.014804
678	0.7399	0.014798
679	0.7396	0.014792000000000001
680	0.7393	0.014785999999999999
681	0.7389	0.014778
682	0.7385	0.014770000000000002
683	0.7381	0.014761999999999999
684	0.7376	0.014752000000000001
685	0.7371	0.014742
686	0.7366	0.014732
687	0.736	0.01472
688	0.7355	0.01471
689	0.735	0.0147
690	0.7345	0.014690000000000002
691	0.734	0.01468
692	0.7335	0.01467
693	0.733	0.01466
694	0.7325	0.014650000000000002
695	0.7321	0.014642
696	0.7316	0.014632000000000001
697	0.7311	0.014622
698	0.7306	0.014612
699	0.7302	0.014603999999999999
700	0.7297	0.014594000000000001
701	0.7292	0.014584
702	0.7288	0.014576
703	0.7283	0.014565999999999999
704	0.7279	0.014558
705	0.7274	0.014548000000000002
706	0.727	0.014539999999999999
707	0.7265	0.014530000000000001
708	0.7261	0.014522
709	0.7257	0.014514
710	0.7252	0.014504
711	0.7248	0.014496
712	0.7244	0.014488000000000001
713	0.724	0.01448
714	0.7236	0.014472
715	0.7232	0.014464
716	0.7228	0.014456
717	0.7224	0.014448
718	0.7221	0.014442
719	0.7217	0.014434
720	0.7214	0.014428000000000002
721	0.721	0.01442
722	0.7207	0.014414
723	0.7203	0.014406000000000002
724	0.72	0.0144
725	0.7197	0.014394
726	0.7193	0.014386000000000001
727	0.719	0.01438
728	0.7187	0.014374
729	0.7183	0.014366000000000002
730	0.718	0.01436
731	0.7177	0.014354
732	0.7174	0.014348000000000001
733	0.717	0.01434
734	0.7166	0.014332000000000001
735	0.7162	0.014324
736	0.7158	0.014316
737	0.7154	0.014308000000000001
738	0.7149	0.014298
739	0.7145	0.01429
740	0.7141	0.014282
741	0.7137	0.014274
742	0.7133	0.014266000000000001
743	0.7129	0.014258
744	0.7125	0.01425
745	0.7121	0.014242
746	0.7117	0.014234
747	0.7113	0.014226
748	0.7109	0.014218
749	0.7105	0.01421
750	0.7101	0.014202
751	0.7098	0.014196
752	0.7094	0.014188000000000001
753	0.709	0.01418
754	0.7086	0.014172
755	0.7082	0.014164000000000001
756	0.7078	0.014156
757	0.7074	0.014148
758	0.7069	0.014138
759	0.7065	0.01413
760	0.7061	0.014122
761	0.7057	0.014114
762	0.7053	0.014106
763	0.7049	0.014098
764	0.7045	0.01409
765	0.704	0.014079999999999999
766	0.7036	0.014072000000000001
767	0.7032	0.014064000000000002
768	0.7028	0.014055999999999999
769	0.7023	0.014046000000000001
770	0.7019	0.014038
771	0.7015	0.01403
772	0.7011	0.014022
773	0.7006	0.014012
774	0.7002	0.014004
775	0.6998	0.013996
776	0.6993	0.013986
777	0.6989	0.013977999999999999
778	0.6984	0.013968000000000001
779	0.698	0.01396
780	0.6975	0.01395
781	0.6971	0.013942000000000001
782	0.6966	0.013932
783	0.6962	0.013924
784	0.6957	0.013914
785	0.6953	0.013906000000000002
786	0.6948	0.013896
787	0.6944	0.013888000000000001
788	0.6939	0.013878
789	0.6935	0.01387
790	0.6931	0.013862000000000001
791	0.6927	0.013854
792	0.6922	0.013844
793	0.6918	0.013836
794	0.6914	0.013828
795	0.691	0.013819999999999999
796	0.6906	0.013812
797	0.6902	0.013804
798	0.6899	0.013798
799	0.6895	0.01379
800	0.6891	0.013782
801	0.6887	0.013774
802	0.6884	0.013768
803	0.688	0.01376
804	0.6876	0.013752
805	0.6872	0.013744000000000001
806	0.6869	0.013738
807	0.6865	0.013730000000000001
808	0.6862	0.013724
809	0.6858	0.013715999999999999
810	0.6854	0.013708
811	0.685	0.013700000000000002
812	0.6846	0.013692
813	0.6842	0.013684000000000002
814	0.6838	0.013675999999999999
815	0.6834	0.013668
816	0.683	0.013660000000000002
817	0.6827	0.013654
818	0.6823	0.013646
819	0.6819	0.013637999999999999
820	0.6816	0.013632
821	0.6812	0.013624
822	0.6809	0.013618
823	0.6805	0.01361
824	0.6802	0.013604000000000002
825	0.6798	0.013595999999999999
826	0.6795	0.01359
827	0.6791	0.013582
828	0.6788	0.013576
829	0.6784	0.013568
830	0.678	0.013560000000000001
831	0.6777	0.013554
832	0.6773	0.013546
833	0.6769	0.013538
834	0.6765	0.01353
835	0.6761	0.013522000000000001
836	0.6757	0.013514
837	0.6753	0.013506
838	0.6749	0.013498000000000001
839	0.6745	0.01349
840	0.6741	0.013482000000000001
841	0.6737	0.013474
842	0.6733	0.013466
843	0.6729	0.013458000000000001
844	0.6724	0.013448
845	0.672	0.01344
846	0.6716	0.013432
847	0.6712	0.013424
848	0.6707	0.013413999999999999
849	0.6703	0.013406000000000001
850	0.6699	0.013398000000000002
851	0.6695	0.013389999999999999
852	0.6691	0.013382000000000002
853	0.6687	0.013373999999999999
854	0.6683	0.013366000000000001
855	0.6679	0.013358000000000002
856	0.6675	0.01335
857	0.6671	0.013342000000000001
858	0.6667	0.013333999999999999
859	0.6663	0.013326000000000001
860	0.6659	0.013318000000000002
861	0.6655	0.01331
862	0.6651	0.013302000000000001
863	0.6647	0.013294
864	0.6643	0.013286000000000001
865	0.664	0.01328
866	0.6636	0.013271999999999999
867	0.6632	0.013264
868	0.6628	0.013255999999999999
869	0.6624	0.013248
870	0.662	0.013240000000000002
871	0.6617	0.013234
872	0.6613	0.013226
873	0.6609	0.013218
874	0.6605	0.01321
875	0.66	0.013200000000000002
876	0.6596	0.013191999999999999
877	0.6592	0.013184000000000001
878	0.6588	0.013176000000000002
879	0.6583	0.013166
880	0.6579	0.013158000000000001
881	0.6574	0.013148
882	0.657	0.01314
883	0.6566	0.013132
884	0.6561	0.013122
885	0.6557	0.013113999999999999
886	0.6553	0.013106
887	0.6548	0.013096000000000002
888	0.6544	0.013088
889	0.654	0.013080000000000001
890	0.6536	0.013072
891	0.6531	0.013062
892	0.6527	0.013054
893	0.6523	0.013046
894	0.6519	0.013038000000000001
895	0.6515	0.01303
896	0.6511	0.013022
897	0.6507	0.013014
898	0.6503	0.013006
899	0.65	0.013000000000000001
900	0.6496	0.012992
901	0.6492	0.012984
902	0.6488	0.012976000000000001
903	0.6485	0.012969999999999999
904	0.6481	0.012962000000000001
905	0.6478	0.012956
906	0.6474	0.012948
907	0.647	0.01294
908	0.6467	0.012934000000000001
909	0.6463	0.012926
910	0.646	0.012920000000000001
911	0.6456	0.012912
912	0.6452	0.012904
913	0.6449	0.012898000000000001
914	0.6445	0.012889999999999999
915	0.6441	0.012882000000000001
916	0.6437	0.012874000000000002
917	0.6433	0.012866
918	0.6429	0.012858000000000001
919	0.6425	0.01285
920	0.6421	0.012842000000000001
921	0.6417	0.012834000000000002
922	0.6413	0.012826
923	0.6408	0.012816000000000001
924	0.6404	0.012808
925	0.64	0.0128
926	0.6396	0.012792
927	0.6392	0.012784
928	0.6388	0.012776000000000001
929	0.6383	0.012766
930	0.6379	0.012758
931	0.6375	0.01275
932	0.6371	0.012742
933	0.6367	0.012734
934	0.6363	0.012726
935	0.6359	0.012718
936	0.6355	0.012709999999999999
937	0.6351	0.012702
938	0.6347	0.012694
939	0.6343	0.012686
940	0.6338	0.012676000000000002
941	0.6335	0.012669999999999999
942	0.6331	0.012662
943	0.6327	0.012654
944	0.6323	0.012646
945	0.6319	0.012638
946	0.6316	0.012632
947	0.6312	0.012624
948	0.6309	0.012618
949	0.6305	0.01261
950	0.6301	0.012602
951	0.6298	0.012596000000000001
952	0.6294	0.012588
953	0.629	0.012580000000000001
954	0.6286	0.012572000000000002
955	0.6283	0.012565999999999999
956	0.6279	0.012558
957	0.6275	0.012549999999999999
958	0.6271	0.012542
959	0.6266	0.012532000000000001
960	0.6262	0.012524
961	0.6258	0.012516000000000001
962	0.6253	0.012506
963	0.6249	0.012498
964	0.6244	0.012487999999999999
965	0.624	0.01248
966	0.6236	0.012472
967	0.6231	0.012462
968	0.6227	0.012454000000000002
969	0.6222	0.012444
970	0.6218	0.012436000000000001
971	0.6214	0.012428
972	0.6209	0.012418
973	0.6205	0.012410000000000001
974	0.6201	0.012402
975	0.6197	0.012394
976	0.6193	0.012386
977	0.6189	0.012378
978	0.6185	0.01237
979	0.6181	0.012362
980	0.6177	0.012354
981	0.6174	0.012348
982	0.617	0.01234
983	0.6166	0.012332000000000001
984	0.6162	0.012324
985	0.6158	0.012316
986	0.6155	0.012310000000000001
987	0.6151	0.012302
988	0.6147	0.012294000000000001
989	0.6143	0.012286
990	0.6139	0.012278
991	0.6136	0.012272000000000002
992	0.6132	0.012263999999999999
993	0.6128	0.012256000000000001
994	0.6124	0.012248000000000002
995	0.612	0.012240000000000001
996	0.6116	0.012232000000000002
997	0.6112	0.012223999999999999
998	0.6109	0.012218
999	0.6105	0.01221
1000	0.6101	0.012202
1001	0.6097	0.012194
1002	0.6093	0.012185999999999999
1003	0.6089	0.012178
1004	0.6085	0.01217
1005	0.6081	0.012162
1006	0.6077	0.012154
1007	0.6073	0.012145999999999999
1008	0.6069	0.012138
1009	0.6065	0.012130000000000002
1010	0.6061	0.012121999999999999
1011	0.6057	0.012114
1012	0.6053	0.012105999999999999
1013	0.6049	0.012098
1014	0.6045	0.012090000000000002
1015	0.6041	0.012081999999999999
1016	0.6037	0.012074000000000001
1017	0.6033	0.012065999999999999
1018	0.6029	0.012058
1019	0.6025	0.012050000000000002
1020	0.6021	0.012041999999999999
1021	0.6017	0.012034000000000001
1022	0.6013	0.012025999999999998
1023	0.6009	0.012018000000000001
1024	0.6004	0.012008000000000001
1025	0.6	0.012
1026	0.5996	0.011992000000000001
1027	0.5992	0.011984
1028	0.5988	0.011976
1029	0.5983	0.011966000000000001
1030	0.5979	0.011958
1031	0.5975	0.01195
1032	0.597	0.01194
1033	0.5966	0.011932
1034	0.5962	0.011923999999999999
1035	0.5958	0.011916
1036	0.5953	0.011906000000000002
1037	0.5949	0.011898
1038	0.5945	0.011890000000000001
1039	0.594	0.01188
1040	0.5936	0.011872
1041	0.5932	0.011864
1042	0.5928	0.011856
1043	0.5924	0.011848000000000001
1044	0.592	0.01184
1045	0.5916	0.011832
1046	0.5911	0.011822
1047	0.5907	0.011814
1048	0.5903	0.011806
1049	0.5899	0.011798
1050	0.5895	0.01179
1051	0.5891	0.011781999999999999
1052	0.5887	0.011774
1053	0.5884	0.011768
1054	0.588	0.01176
1055	0.5876	0.011752
1056	0.5872	0.011744000000000001
1057	0.5868	0.011736
1058	0.5864	0.011728
1059	0.586	0.01172
1060	0.5856	0.011712
1061	0.5852	0.011704
1062	0.5849	0.011698
1063	0.5845	0.01169
1064	0.5841	0.011682
1065	0.5837	0.011674
1066	0.5833	0.011666000000000001
1067	0.5829	0.011658
1068	0.5826	0.011652000000000001
1069	0.5822	0.011644000000000002
1070	0.5818	0.011636
1071	0.5814	0.011628000000000001
1072	0.581	0.01162
1073	0.5807	0.011614
1074	0.5803	0.011606000000000002
1075	0.5799	0.011597999999999999
1076	0.5795	0.011590000000000001
1077	0.5792	0.011584
1078	0.5788	0.011576
1079	0.5784	0.011568
1080	0.5781	0.011562
1081	0.5777	0.011554
1082	0.5774	0.011548000000000001
1083	0.577	0.01154
1084	0.5766	0.011532
1085	0.5763	0.011526000000000002
1086	0.5759	0.011517999999999999
1087	0.5755	0.011510000000000001
1088	0.5751	0.011501999999999998
1089	0.5747	0.011494
1090	0.5743	0.011486000000000001
1091	0.5739	0.011478
1092	0.5735	0.011470000000000001
1093	0.5731	0.011462000000000002
1094	0.5727	0.011454
1095	0.5723	0.011446000000000001
1096	0.5719	0.011438
1097	0.5715	0.011430000000000001
1098	0.5711	0.011422000000000002
1099	0.5706	0.011412
1100	0.5702	0.011404000000000001
1101	0.5697	0.011394
1102	0.5693	0.011386
1103	0.5689	0.011378
1104	0.5684	0.011368000000000001
1105	0.568	0.011359999999999999
1106	0.5675	0.01135
1107	0.5671	0.011342000000000001
1108	0.5666	0.011332
1109	0.5662	0.011324
1110	0.5657	0.011314
1111	0.5653	0.011306
1112	0.5649	0.011297999999999999
1113	0.5644	0.011288000000000001
1114	0.564	0.011279999999999998
1115	0.5635	0.01127
1116	0.5631	0.011262000000000001
1117	0.5627	0.011254
1118	0.5622	0.011244
1119	0.5618	0.011236
1120	0.5614	0.011228
1121	0.5609	0.011217999999999999
1122	0.5605	0.01121
1123	0.5601	0.011202000000000002
1124	0.5597	0.011193999999999999
1125	0.5592	0.011184000000000001
1126	0.5588	0.011176
1127	0.5584	0.011168
1128	0.558	0.011160000000000002
1129	0.5576	0.011152
1130	0.5572	0.011144000000000001
1131	0.5568	0.011136
1132	0.5564	0.011128
1133	0.5561	0.011122000000000002
1134	0.5557	0.011113999999999999
1135	0.5553	0.011106000000000001
1136	0.5549	0.011097999999999998
1137	0.5545	0.011090000000000001
1138	0.5541	0.011082000000000002
1139	0.5537	0.011073999999999999
1140	0.5534	0.011068
1141	0.553	0.01106
1142	0.5526	0.011052
1143	0.5522	0.011044
1144	0.5519	0.011038
1145	0.5515	0.01103
1146	0.5511	0.011022
1147	0.5508	0.011016
1148	0.5504	0.011008
1149	0.55	0.011000000000000001
1150	0.5496	0.010992
1151	0.5493	0.010986000000000001
1152	0.5489	0.010978000000000002
1153	0.5485	0.01097
1154	0.5481	0.010962000000000001
1155	0.5477	0.010954
1156	0.5474	0.010948
1157	0.547	0.010940000000000002
1158	0.5466	0.010931999999999999
1159	0.5462	0.010924000000000001
1160	0.5458	0.010915999999999999
1161	0.5454	0.010908
1162	0.545	0.010900000000000002
1163	0.5447	0.010894
1164	0.5443	0.010886
1165	0.5439	0.010878
1166	0.5435	0.01087
1167	0.5431	0.010862
1168	0.5427	0.010853999999999999
1169	0.5423	0.010846
1170	0.5419	0.010838
1171	0.5416	0.010832
1172	0.5412	0.010824
1173	0.5408	0.010816
1174	0.5404	0.010808
1175	0.54	0.0108
1176	0.5397	0.010794
1177	0.5393	0.010786
1178	0.5389	0.010778000000000001
1179	0.5385	0.01077
1180	0.5381	0.010762
1181	0.5377	0.010754
1182	0.5373	0.010746
1183	0.5369	0.010738000000000001
1184	0.5365	0.01073
1185	0.5361	0.010722
1186	0.5357	0.010714
1187	0.5353	0.010706
1188	0.5349	0.010698000000000001
1189	0.5345	0.01069
1190	0.534	0.01068
1191	0.5336	0.010672
1192	0.5332	0.010664
1193	0.5328	0.010656
1194	0.5323	0.010646000000000001
1195	0.5319	0.010638000000000002
1196	0.5315	0.010629999999999999
1197	0.531	0.010620000000000001
1198	0.5306	0.010612
1199	0.5302	0.010604
1200	0.5297	0.010594
1201	0.5293	0.010586
1202	0.5288	0.010576
1203	0.5284	0.010568
1204	0.528	0.01056
1205	0.5276	0.010551999999999999
1206	0.5271	0.010542000000000001
1207	0.5267	0.010534
1208	0.5263	0.010526
1209	0.5259	0.010518000000000001
1210	0.5255	0.01051
1211	0.5251	0.010502000000000001
1212	0.5247	0.010494000000000002
1213	0.5243	0.010486
1214	0.5239	0.010478000000000001
1215	0.5235	0.01047
1216	0.5231	0.010462
1217	0.5228	0.010456000000000002
1218	0.5224	0.010447999999999999
1219	0.522	0.010440000000000001
1220	0.5216	0.010431999999999999
1221	0.5213	0.010426
1222	0.5209	0.010418
1223	0.5206	0.010412
1224	0.5202	0.010404
1225	0.5198	0.010396
1226	0.5195	0.01039
1227	0.5191	0.010382
1228	0.5187	0.010374000000000001
1229	0.5184	0.010368
1230	0.518	0.010360000000000001
1231	0.5176	0.010351999999999998
1232	0.5172	0.010344
1233	0.5169	0.010338
1234	0.5165	0.010329999999999999
1235	0.5161	0.010322
1236	0.5157	0.010314000000000002
1237	0.5153	0.010306
1238	0.515	0.0103
1239	0.5146	0.010291999999999999
1240	0.5142	0.010284
1241	0.5138	0.010276
1242	0.5134	0.010268
1243	0.5131	0.010262
1244	0.5127	0.010254000000000001
1245	0.5123	0.010246
1246	0.5119	0.010238
1247	0.5115	0.01023
1248	0.5111	0.010222
1249	0.5107	0.010214
1250	0.5103	0.010206
1251	0.5099	0.010198
1252	0.5095	0.01019
1253	0.5091	0.010182
1254	0.5087	0.010174
1255	0.5083	0.010166
1256	0.5079	0.010158
1257	0.5075	0.01015
1258	0.5071	0.010142
1259	0.5067	0.010134
1260	0.5063	0.010126
1261	0.5059	0.010118
1262	0.5054	0.010107999999999999
1263	0.505	0.0101
1264	0.5046	0.010092000000000002
1265	0.5042	0.010084
1266	0.5037	0.010074000000000001
1267	0.5033	0.010066
1268	0.5029	0.010058000000000001
1269	0.5024	0.010048
1270	0.502	0.01004
1271	0.5015	0.010029999999999999
1272	0.5011	0.010022
1273	0.5006	0.010012000000000002
1274	0.5002	0.010003999999999999
1275	0.4997	0.009994
1276	0.4993	0.009986
1277	0.4988	0.009976
1278	0.4983	0.009966000000000001
1279	0.4979	0.009958
1280	0.4974	0.009948
1281	0.497	0.009940000000000001
1282	0.4965	0.00993
1283	0.4961	0.009922
1284	0.4956	0.009912
1285	0.4952	0.009904
1286	0.4948	0.009896
1287	0.4943	0.009886
1288	0.4939	0.009878
1289	0.4935	0.00987
1290	0.493	0.00986
1291	0.4926	0.009852
1292	0.4922	0.009844
1293	0.4918	0.009836000000000001
1294	0.4914	0.009828
1295	0.491	0.00982
1296	0.4906	0.009812
1297	0.4902	0.009804
1298	0.4898	0.009796000000000001
1299	0.4894	0.009788
1300	0.489	0.00978
1301	0.4886	0.009772
1302	0.4883	0.009766
1303	0.4879	0.009758000000000001
1304	0.4875	0.00975
1305	0.4872	0.009744000000000001
1306	0.4869	0.009738
1307	0.4865	0.00973
1308	0.4862	0.009724
1309	0.4859	0.009718000000000001
1310	0.4855	0.00971
1311	0.4852	0.009704
1312	0.4849	0.009698
1313	0.4846	0.009692
1314	0.4842	0.009684
1315	0.4839	0.009678
1316	0.4836	0.009672
1317	0.4832	0.009664
1318	0.4829	0.009658
1319	0.4826	0.009651999999999999
1320	0.4822	0.009644
1321	0.4819	0.009638
1322	0.4816	0.009632
1323	0.4812	0.009624
1324	0.4809	0.009618
1325	0.4805	0.00961
1326	0.4802	0.009604
1327	0.4798	0.009596
1328	0.4795	0.00959
1329	0.4791	0.009582
1330	0.4788	0.009576
1331	0.4785	0.00957
1332	0.4781	0.009562000000000001
1333	0.4777	0.009554
1334	0.4774	0.009548
1335	0.477	0.00954
1336	0.4767	0.009534
1337	0.4763	0.009526
1338	0.4759	0.009518
1339	0.4756	0.009512000000000001
1340	0.4752	0.009504
1341	0.4748	0.009496000000000001
1342	0.4744	0.009488
1343	0.474	0.00948
1344	0.4736	0.009472000000000001
1345	0.4732	0.009464
1346	0.4728	0.009456
1347	0.4724	0.009448
1348	0.4719	0.009438
1349	0.4715	0.00943
1350	0.4711	0.009422
1351	0.4706	0.009412
1352	0.4702	0.009404000000000001
1353	0.4697	0.009394
1354	0.4692	0.009384
1355	0.4687	0.009374
1356	0.4682	0.009364
1357	0.4677	0.009354
1358	0.4672	0.009344
1359	0.4667	0.009334
1360	0.4661	0.009322
1361	0.4656	0.009312
1362	0.4651	0.009302000000000001
1363	0.4645	0.009290000000000001
1364	0.4639	0.009278
1365	0.4634	0.009268
1366	0.4628	0.009256
1367	0.4622	0.009244
1368	0.4617	0.009234000000000001
1369	0.4611	0.009222000000000001
1370	0.4606	0.009212
1371	0.46	0.0092
1372	0.4595	0.00919
1373	0.459	0.00918
1374	0.4585	0.009170000000000001
1375	0.4581	0.009162
1376	0.4576	0.009152
1377	0.4572	0.009144
1378	0.4568	0.009136
1379	0.4564	0.009127999999999999
1380	0.456	0.009120000000000001
1381	0.4556	0.009112
1382	0.4552	0.009104
1383	0.4549	0.009098
1384	0.4545	0.00909
1385	0.4541	0.009082
1386	0.4538	0.009075999999999999
1387	0.4534	0.009068000000000001
1388	0.4531	0.009062
1389	0.4527	0.009054
1390	0.4524	0.009048
1391	0.452	0.009040000000000001
1392	0.4517	0.009034
1393	0.4514	0.009028000000000001
1394	0.451	0.00902
1395	0.4507	0.009014
1396	0.4504	0.009008
1397	0.45	0.009000000000000001
1398	0.4497	0.008994
1399	0.4494	0.008988000000000001
1400	0.449	0.00898
1401	0.4487	0.008974
1402	0.4484	0.008968
1403	0.4481	0.008962
1404	0.4478	0.008956
1405	0.4474	0.008948000000000001
1406	0.4471	0.008942
1407	0.4468	0.008936
1408	0.4465	0.00893
1409	0.4461	0.008922
1410	0.4458	0.008916
1411	0.4455	0.00891
1412	0.4451	0.008902
1413	0.4449	0.008898000000000001
1414	0.4445	0.00889
1415	0.4442	0.008884
1416	0.4439	0.008878
1417	0.4435	0.008870000000000001
1418	0.4432	0.008864
1419	0.4428	0.008856000000000001
1420	0.4424	0.008848
1421	0.4421	0.008842000000000001
1422	0.4417	0.008834
1423	0.4414	0.008828
1424	0.441	0.00882
1425	0.4407	0.008814
1426	0.4403	0.008806000000000001
1427	0.44	0.0088
1428	0.4396	0.008792
1429	0.4392	0.008784
1430	0.4389	0.008778000000000001
1431	0.4385	0.00877
1432	0.4382	0.008764
1433	0.4378	0.008756
1434	0.4374	0.008748
1435	0.437	0.00874
1436	0.4366	0.008732
1437	0.4362	0.008723999999999999
1438	0.4358	0.008716
1439	0.4354	0.008708
1440	0.435	0.0087
1441	0.4346	0.008692
1442	0.4342	0.008683999999999999
1443	0.4338	0.008676000000000001
1444	0.4334	0.008668
1445	0.4329	0.008658
1446	0.4325	0.00865
1447	0.4321	0.008642
1448	0.4317	0.008634
1449	0.4313	0.008626
1450	0.4308	0.008616
1451	0.4304	0.008608000000000001
1452	0.43	0.0086
1453	0.4296	0.008592
1454	0.4291	0.008582
1455	0.4288	0.008576
1456	0.4283	0.008566
1457	0.4279	0.008558
1458	0.4274	0.008548
1459	0.427	0.00854
1460	0.4265	0.00853
1461	0.426	0.00852
1462	0.4256	0.008512
1463	0.4251	0.008502
1464	0.4246	0.008492
1465	0.4242	0.008484
1466	0.4237	0.008474
1467	0.4233	0.008466
1468	0.4228	0.008456
1469	0.4224	0.008448
1470	0.422	0.00844
1471	0.4215	0.00843
1472	0.4211	0.008421999999999999
1473	0.4207	0.008414000000000001
1474	0.4203	0.008406
1475	0.4199	0.008398000000000001
1476	0.4195	0.00839
1477	0.4192	0.008384
1478	0.4188	0.008376
1479	0.4184	0.008368
1480	0.4181	0.008362000000000001
1481	0.4177	0.008354
1482	0.4173	0.008346000000000001
1483	0.417	0.00834
1484	0.4166	0.008332
1485	0.4161	0.008322000000000001
1486	0.4157	0.008314
1487	0.4153	0.008306000000000001
1488	0.4149	0.008298
1489	0.4145	0.00829
1490	0.414	0.00828
1491	0.4136	0.008272
1492	0.4131	0.008262
1493	0.4127	0.008254000000000001
1494	0.4122	0.008244
1495	0.4118	0.008236
1496	0.4114	0.008228
1497	0.411	0.00822
1498	0.4106	0.008212
1499	0.4101	0.008202000000000001
1500	0.4096	0.008192000000000001
1501	0.4092	0.008184
1502	0.4087	0.008174
1503	0.4084	0.008168
1504	0.4079	0.008158
1505	0.4074	0.008147999999999999
1506	0.407	0.00814
1507	0.4065	0.00813
1508	0.406	0.00812
1509	0.4057	0.008114
1510	0.4052	0.008104
1511	0.4047	0.008094
1512	0.4043	0.008086
1513	0.4038	0.008076
1514	0.4033	0.008066
1515	0.4029	0.008058
1516	0.4025	0.00805
1517	0.402	0.00804
1518	0.4015	0.00803
1519	0.4011	0.008022
1520	0.4007	0.008014
1521	0.4003	0.008006
1522	0.3998	0.007996
1523	0.3994	0.007988
1524	0.3989	0.007977999999999999
1525	0.3985	0.007970000000000001
1526	0.398	0.00796
1527	0.3977	0.007954
1528	0.3972	0.007944
1529	0.3967	0.007934
1530	0.3962	0.007924
1531	0.3958	0.007916
1532	0.3953	0.007906
1533	0.3948	0.007896
1534	0.3943	0.007886
1535	0.3939	0.007878
1536	0.3935	0.00787
1537	0.393	0.00786
1538	0.3925	0.007850000000000001
1539	0.392	0.00784
1540	0.3916	0.007832
1541	0.3912	0.007824
1542	0.3908	0.007816
1543	0.3904	0.007808000000000001
1544	0.3901	0.007802
1545	0.3898	0.007796
1546	0.3895	0.00779
1547	0.3891	0.007782
1548	0.3888	0.007776
1549	0.3885	0.00777
1550	0.3881	0.007762
1551	0.3878	0.007756
1552	0.3874	0.0077480000000000005
1553	0.3871	0.007742
1554	0.3868	0.007736
1555	0.3865	0.007730000000000001
1556	0.3862	0.007724
1557	0.3859	0.007718000000000001
1558	0.3855	0.007710000000000001
1559	0.3852	0.007704
1560	0.3848	0.007696
1561	0.3845	0.007690000000000001
1562	0.3842	0.007684
1563	0.3838	0.007676
1564	0.3836	0.007672
1565	0.3832	0.007664
1566	0.3829	0.007658000000000001
1567	0.3825	0.0076500000000000005
1568	0.3822	0.007644
1569	0.3819	0.007638000000000001
1570	0.3815	0.0076300000000000005
1571	0.3812	0.007624
1572	0.3809	0.007618000000000001
1573	0.3806	0.007612
1574	0.3803	0.007606000000000001
1575	0.38	0.0076
1576	0.3796	0.007592
1577	0.3793	0.007586000000000001
1578	0.379	0.00758
1579	0.3787	0.007574
1580	0.3784	0.007568
1581	0.3781	0.007562
1582	0.3777	0.007554
1583	0.3774	0.007548
1584	0.377	0.00754
1585	0.3767	0.007534
1586	0.3765	0.00753
1587	0.3761	0.007522
1588	0.3758	0.007516000000000001
1589	0.3755	0.00751
1590	0.3751	0.007502
1591	0.3748	0.007496000000000001
1592	0.3744	0.007488000000000001
1593	0.3741	0.007482
1594	0.3739	0.007478
1595	0.3735	0.00747
1596	0.3732	0.007463999999999999
1597	0.3728	0.007456000000000001
1598	0.3725	0.00745
1599	0.3721	0.007442
1600	0.3718	0.007436000000000001
1601	0.3715	0.00743
1602	0.3711	0.007422
1603	0.3707	0.007414
1604	0.3704	0.0074080000000000005
1605	0.37	0.0074
1606	0.3697	0.0073939999999999995
1607	0.3693	0.007386
1608	0.3689	0.007378
1609	0.3686	0.007372
1610	0.3682	0.007364000000000001
1611	0.3678	0.0073560000000000006
1612	0.3676	0.007352
1613	0.3672	0.007344000000000001
1614	0.3668	0.0073360000000000005
1615	0.3665	0.00733
1616	0.3661	0.0073219999999999995
1617	0.3658	0.0073160000000000005
1618	0.3655	0.00731
1619	0.3652	0.007304000000000001
1620	0.3648	0.007296
1621	0.3644	0.007288
1622	0.3641	0.007281999999999999
1623	0.3638	0.007276
1624	0.3635	0.0072699999999999996
1625	0.3631	0.007261999999999999
1626	0.3628	0.007256
1627	0.3625	0.0072499999999999995
1628	0.3622	0.0072440000000000004
1629	0.3617	0.007234000000000001
1630	0.3614	0.007228
1631	0.361	0.00722
1632	0.3606	0.007212
1633	0.3603	0.007206000000000001
1634	0.3599	0.007198
1635	0.3595	0.00719
1636	0.3591	0.007182
1637	0.3588	0.007176
1638	0.3584	0.007168
1639	0.3581	0.007162
1640	0.3576	0.0071519999999999995
1641	0.3573	0.0071460000000000004
1642	0.3569	0.007138
1643	0.3566	0.0071319999999999995
1644	0.3562	0.007124
1645	0.3557	0.0071140000000000005
1646	0.3554	0.007108
1647	0.355	0.0070999999999999995
1648	0.3547	0.0070940000000000005
1649	0.3542	0.007084
1650	0.3539	0.007078
1651	0.3535	0.00707
1652	0.3532	0.007064000000000001
1653	0.3527	0.007054
1654	0.3523	0.007046
1655	0.352	0.007039999999999999
1656	0.3516	0.007032000000000001
1657	0.3512	0.007024000000000001
1658	0.3508	0.0070160000000000005
1659	0.3504	0.007008
1660	0.3501	0.007002
1661	0.3497	0.006994
1662	0.3493	0.006986
1663	0.3489	0.006978
1664	0.3486	0.006972000000000001
1665	0.3482	0.006964000000000001
1666	0.3478	0.006956
1667	0.3475	0.00695
1668	0.347	0.00694
1669	0.3467	0.006934
1670	0.3463	0.006926
1671	0.3459	0.006918
1672	0.3455	0.0069099999999999995
1673	0.3452	0.006904
1674	0.3448	0.006896
1675	0.3445	0.006889999999999999
1676	0.3441	0.006882
1677	0.3438	0.006876
1678	0.3434	0.006868
1679	0.3431	0.006862
1680	0.3427	0.006854
1681	0.3424	0.006848
1682	0.342	0.006840000000000001
1683	0.3417	0.006834
1684	0.3414	0.006828
1685	0.341	0.0068200000000000005
1686	0.3407	0.006814000000000001
1687	0.3403	0.0068059999999999996
1688	0.34	0.0068000000000000005
1689	0.3396	0.006792
1690	0.3393	0.006786
1691	0.339	0.0067800000000000004
1692	0.3386	0.006772
1693	0.3383	0.006766
1694	0.3379	0.006758
1695	0.3376	0.006752
1696	0.3372	0.006744
1697	0.3369	0.006738
1698	0.3366	0.006732
1699	0.3362	0.006724
1700	0.3359	0.006718
1701	0.3355	0.006710000000000001
1702	0.3352	0.006704
1703	0.3349	0.006698
1704	0.3346	0.006692
1705	0.3343	0.006686
1706	0.3339	0.006678
1707	0.3336	0.006672
1708	0.3332	0.006664
1709	0.3329	0.006658
1710	0.3326	0.006652
1711	0.3322	0.006644
1712	0.3319	0.006638
1713	0.3316	0.006632
1714	0.3312	0.006624
1715	0.3309	0.006618000000000001
1716	0.3307	0.006614
1717	0.3303	0.006606
1718	0.33	0.006600000000000001
1719	0.3296	0.006592000000000001
1720	0.3293	0.006586
1721	0.329	0.006580000000000001
1722	0.3286	0.006572000000000001
1723	0.3283	0.006566
1724	0.3279	0.0065580000000000005
1725	0.3276	0.0065520000000000005
1726	0.3273	0.006546
1727	0.327	0.006540000000000001
1728	0.3266	0.0065320000000000005
1729	0.3263	0.006526
1730	0.3261	0.006522
1731	0.3257	0.006514
1732	0.3254	0.006508000000000001
1733	0.3251	0.006502
1734	0.3247	0.006494
1735	0.3244	0.006488000000000001
1736	0.3241	0.006482
1737	0.3238	0.006476
1738	0.3235	0.00647
1739	0.3231	0.006462
1740	0.3228	0.006456
1741	0.3225	0.00645
1742	0.3221	0.006442
1743	0.3218	0.006436
1744	0.3215	0.00643
1745	0.3212	0.006424
1746	0.3208	0.006416
1747	0.3205	0.00641
1748	0.3202	0.006404
1749	0.3198	0.006396
1750	0.3195	0.00639
1751	0.3192	0.006384
1752	0.3188	0.006376
1753	0.3185	0.006370000000000001
1754	0.3182	0.006364
1755	0.3179	0.006358000000000001
1756	0.3175	0.006350000000000001
1757	0.3172	0.006344
1758	0.3169	0.006338000000000001
1759	0.3166	0.006332
1760	0.3163	0.006326000000000001
1761	0.3159	0.006318000000000001
1762	0.3156	0.006312
1763	0.3153	0.006306000000000001
1764	0.315	0.0063
1765	0.3147	0.006294
1766	0.3144	0.006288
1767	0.314	0.00628
1768	0.3137	0.006274
1769	0.3134	0.006268
1770	0.3131	0.006262
1771	0.3127	0.006254
1772	0.3124	0.006248
1773	0.3121	0.006242
1774	0.3118	0.006236
1775	0.3114	0.006228
1776	0.311	0.00622
1777	0.3107	0.006214
1778	0.3104	0.006208
1779	0.3101	0.006202
1780	0.3098	0.006196
1781	0.3095	0.00619
1782	0.3091	0.006182
1783	0.3088	0.006176000000000001
1784	0.3085	0.00617
1785	0.3082	0.006163999999999999
1786	0.3078	0.006156000000000001
1787	0.3074	0.006148000000000001
1788	0.3071	0.006142
1789	0.3068	0.006136000000000001
1790	0.3065	0.00613
1791	0.3062	0.006124000000000001
1792	0.3058	0.006116000000000001
1793	0.3054	0.006108000000000001
1794	0.3051	0.006102
1795	0.3048	0.006096000000000001
1796	0.3045	0.00609
1797	0.3041	0.006082
1798	0.3039	0.006078
1799	0.3036	0.006072
1800	0.3033	0.006066
1801	0.303	0.00606
1802	0.3027	0.006054
1803	0.3024	0.006048
1804	0.3021	0.006042
1805	0.3018	0.0060360000000000006
1806	0.3014	0.006028
1807	0.3012	0.006024000000000001
1808	0.3008	0.0060160000000000005
1809	0.3005	0.00601
1810	0.3002	0.006004000000000001
1811	0.2999	0.005998
1812	0.2996	0.005992
1813	0.2993	0.005986
1814	0.2991	0.0059819999999999995
1815	0.2988	0.005976
1816	0.2985	0.00597
1817	0.2982	0.0059640000000000006
1818	0.2979	0.005958
1819	0.2976	0.005952
1820	0.2973	0.005946
1821	0.297	0.00594
1822	0.2967	0.005934000000000001
1823	0.2964	0.005928
1824	0.2961	0.005921999999999999
1825	0.2958	0.005916
1826	0.2955	0.0059099999999999995
1827	0.2952	0.005904
1828	0.2949	0.0058980000000000005
1829	0.2946	0.005892
1830	0.2943	0.005886000000000001
1831	0.2939	0.005878
1832	0.2938	0.005876
1833	0.2935	0.00587
1834	0.2932	0.005864
1835	0.2929	0.005858
1836	0.2926	0.005852
1837	0.2924	0.005848
1838	0.2921	0.005842000000000001
1839	0.2918	0.005836
1840	0.2915	0.00583
1841	0.2912	0.005824
1842	0.291	0.00582
1843	0.2907	0.005814000000000001
1844	0.2904	0.005808
1845	0.2902	0.005804
1846	0.29	0.0058
1847	0.2897	0.0057940000000000005
1848	0.2894	0.005788
1849	0.2892	0.005784
1850	0.2889	0.005778
1851	0.2886	0.005772
1852	0.2884	0.005768
1853	0.2881	0.005762000000000001
1854	0.2878	0.005756
1855	0.2875	0.00575
1856	0.2874	0.005748
1857	0.287	0.0057399999999999994
1858	0.2868	0.005736
1859	0.2866	0.005732
1860	0.2863	0.005726
1861	0.286	0.005719999999999999
1862	0.2858	0.005716
1863	0.2855	0.00571
1864	0.2852	0.005704
1865	0.2849	0.005698
1866	0.2847	0.005694
1867	0.2844	0.0056879999999999995
1868	0.284	0.005679999999999999
1869	0.2837	0.005674
1870	0.2834	0.005667999999999999
1871	0.2831	0.005662
1872	0.283	0.005659999999999999
1873	0.2827	0.005654
1874	0.2824	0.005647999999999999
1875	0.2821	0.005642
1876	0.2819	0.005638
1877	0.2816	0.005632000000000001
1878	0.2813	0.005626
1879	0.281	0.005620000000000001
1880	0.2807	0.005614
1881	0.2806	0.005612000000000001
1882	0.2803	0.005606
1883	0.2801	0.005602
1884	0.2798	0.005596
1885	0.2796	0.005592000000000001
1886	0.2793	0.005586
1887	0.279	0.005580000000000001
1888	0.2788	0.005576
1889	0.2785	0.00557
1890	0.2783	0.005566
1891	0.278	0.005560000000000001
1892	0.2777	0.005554
1893	0.2774	0.005548
1894	0.2772	0.005544
1895	0.2769	0.0055379999999999995
1896	0.2766	0.0055320000000000005
1897	0.2763	0.005526
1898	0.2761	0.005522
1899	0.2757	0.005514
1900	0.2754	0.005508
1901	0.2752	0.005504
1902	0.2748	0.005496
1903	0.2744	0.005488
1904	0.2742	0.005484
1905	0.2739	0.005477999999999999
1906	0.2735	0.005470000000000001
1907	0.2733	0.0054659999999999995
1908	0.273	0.0054600000000000004
1909	0.2727	0.005454
1910	0.2725	0.005450000000000001
1911	0.2722	0.005444
1912	0.2719	0.005437999999999999
1913	0.2717	0.0054340000000000005
1914	0.2714	0.005428
1915	0.2711	0.005422000000000001
1916	0.2709	0.005417999999999999
1917	0.2706	0.005412
1918	0.2703	0.005406
1919	0.27	0.0054
1920	0.2697	0.005394
1921	0.2693	0.005386
1922	0.2691	0.0053820000000000005
1923	0.2688	0.005376
1924	0.2685	0.005370000000000001
1925	0.2683	0.005366
1926	0.2681	0.0053620000000000004
1927	0.2678	0.005356
1928	0.2674	0.005348
1929	0.2672	0.005344
1930	0.2669	0.005338000000000001
1931	0.2666	0.005332
1932	0.2665	0.0053300000000000005
1933	0.2662	0.005324
1934	0.266	0.00532
1935	0.2657	0.005314
1936	0.2655	0.0053100000000000005
1937	0.2652	0.005304
1938	0.2649	0.005298000000000001
1939	0.2647	0.005294
1940	0.2644	0.005288
1941	0.2641	0.005282
1942	0.2638	0.0052759999999999994
1943	0.2635	0.00527
1944	0.2632	0.005264
1945	0.2628	0.005255999999999999
1946	0.2626	0.005252
1947	0.2623	0.005246
1948	0.262	0.005240000000000001
1949	0.2616	0.005232
1950	0.2613	0.005226
1951	0.261	0.005220000000000001
1952	0.2606	0.0052120000000000005
1953	0.2603	0.005206
1954	0.2601	0.005202
1955	0.2598	0.005195999999999999
1956	0.2595	0.00519
1957	0.2593	0.005186
1958	0.2589	0.005178
1959	0.2587	0.005174
1960	0.2583	0.005166
1961	0.258	0.0051600000000000005
1962	0.2578	0.005156
1963	0.2574	0.005148000000000001
1964	0.2571	0.005142
1965	0.2569	0.005138
1966	0.2566	0.005132
1967	0.2563	0.0051259999999999995
1968	0.256	0.00512
1969	0.2557	0.005114
1970	0.2553	0.005106
1971	0.255	0.0051
1972	0.2547	0.005094
1973	0.2544	0.0050880000000000005
1974	0.2542	0.005084
1975	0.2539	0.005078
1976	0.2537	0.0050739999999999995
1977	0.2534	0.0050680000000000005
1978	0.2532	0.005064
1979	0.2529	0.005058
1980	0.2526	0.005052
1981	0.2524	0.005048
1982	0.2521	0.005042
1983	0.2518	0.0050360000000000005
1984	0.2515	0.00503
1985	0.2513	0.005026000000000001
1986	0.251	0.00502
1987	0.2507	0.005013999999999999
1988	0.2504	0.005008
1989	0.2501	0.0050019999999999995
1990	0.2499	0.004998000000000001
1991	0.2496	0.004992
1992	0.2493	0.004986
1993	0.2491	0.0049819999999999994
1994	0.2488	0.004976
1995	0.2486	0.004972
1996	0.2483	0.004966
1997	0.248	0.00496
1998	0.2477	0.004954
1999	0.2474	0.004948
2000	0.2472	0.0049440000000000005
2001	0.2469	0.0049380000000000005
2002	0.2466	0.004932000000000001
2003	0.2463	0.004926
2004	0.246	0.00492
2005	0.2457	0.004914
2006	0.2455	0.00491
2007	0.2452	0.004904
2008	0.2449	0.0048980000000000004
2009	0.2447	0.004894
2010	0.2444	0.004888
2011	0.2442	0.004884
2012	0.2439	0.004878
2013	0.2436	0.0048720000000000005
2014	0.2434	0.004868
2015	0.2431	0.004862
2016	0.2429	0.004858
2017	0.2427	0.004854
2018	0.2425	0.00485
2019	0.2422	0.004844
2020	0.242	0.00484
2021	0.2418	0.004836
2022	0.2415	0.00483
2023	0.2414	0.004828
2024	0.2411	0.004822
2025	0.2409	0.004818
2026	0.2406	0.004812
2027	0.2403	0.004806
2028	0.2401	0.004802
2029	0.2398	0.004796000000000001
2030	0.2395	0.00479
2031	0.2393	0.004786
2032	0.239	0.0047799999999999995
2033	0.2387	0.004774
2034	0.2385	0.00477
2035	0.2382	0.004764
2036	0.2379	0.004758
2037	0.2377	0.004754
2038	0.2374	0.0047480000000000005
2039	0.2371	0.0047420000000000006
2040	0.2368	0.004736000000000001
2041	0.2366	0.004732
2042	0.2363	0.004726
2043	0.2361	0.0047220000000000005
2044	0.2359	0.004718
2045	0.2356	0.004712
2046	0.2354	0.004708
2047	0.2351	0.0047020000000000005
2048	0.2349	0.004698
2049	0.2347	0.004694
2050	0.2344	0.004688
2051	0.2342	0.004684
2052	0.2339	0.004678
2053	0.2337	0.004674
2054	0.2334	0.004668
2055	0.2332	0.004664
2056	0.2329	0.004658
2057	0.2327	0.004654
2058	0.2324	0.004648
2059	0.2322	0.004644
2060	0.2319	0.004638
2061	0.2316	0.004632
2062	0.2315	0.0046300000000000004
2063	0.2312	0.004624
2064	0.231	0.00462
2065	0.2309	0.004618
2066	0.2306	0.004612
2067	0.2304	0.004608
2068	0.2302	0.004604
2069	0.2301	0.004602
2070	0.2298	0.004596
2071	0.2296	0.004592
2072	0.2295	0.00459
2073	0.2293	0.004586
2074	0.2292	0.0045839999999999995
2075	0.229	0.00458
2076	0.2289	0.004578
2077	0.2288	0.004576
2078	0.2287	0.004574
2079	0.2287	0.004574
2080	0.2285	0.00457
2081	0.2285	0.00457
2082	0.2283	0.004566
2083	0.2283	0.004566
2084	0.2283	0.004566
2085	0.2282	0.0045639999999999995
2086	0.2282	0.0045639999999999995
2087	0.2282	0.0045639999999999995
2088	0.2282	0.0045639999999999995
2089	0.2282	0.0045639999999999995
2090	0.2281	0.004562
2091	0.2281	0.004562
2092	0.228	0.004560000000000001
2093	0.2279	0.0045579999999999996
2094	0.2278	0.004556
2095	0.2277	0.004554000000000001
2096	0.2276	0.004552
2097	0.2277	0.004554000000000001
2098	0.2277	0.004554000000000001
2099	0.2276	0.004552
2100	0.2277	0.004554000000000001
2101	0.2277	0.004554000000000001
2102	0.2276	0.004552
2103	0.2276	0.004552
2104	0.2275	0.00455
2105	0.2275	0.00455
2106	0.2275	0.00455
2107	0.2276	0.004552
2108	0.2277	0.004554000000000001
2109	0.2277	0.004554000000000001
2110	0.2279	0.0045579999999999996
2111	0.2281	0.004562
2112	0.2281	0.004562
2113	0.2281	0.004562
2114	0.2281	0.004562
2115	0.2281	0.004562
2116	0.2281	0.004562
2117	0.2282	0.0045639999999999995
2118	0.2282	0.0045639999999999995
2119	0.2283	0.004566
2120	0.2283	0.004566
2121	0.2284	0.004568
2122	0.2284	0.004568
2123	0.2284	0.004568
2124	0.2282	0.0045639999999999995
2125	0.228	0.004560000000000001
2126	0.2278	0.004556
2127	0.2277	0.004554000000000001
2128	0.2277	0.004554000000000001
2129	0.2274	0.004548
2130	0.2275	0.00455
2131	0.2276	0.004552
2132	0.2277	0.004554000000000001
2133	0.228	0.004560000000000001
2134	0.2283	0.004566
2135	0.2284	0.004568
2136	0.2283	0.004566
2137	0.2283	0.004566
2138	0.2281	0.004562
2139	0.2281	0.004562
2140	0.2281	0.004562
2141	0.2278	0.004556
2142	0.2276	0.004552
2143	0.2272	0.004544
2144	0.2268	0.004536
2145	0.2264	0.004528
2146	0.2263	0.0045260000000000005
2147	0.2262	0.004524
2148	0.2262	0.004524
2149	0.2263	0.0045260000000000005
2150	0.2262	0.004524
2151	0.2261	0.004522
2152	0.2259	0.004518
2153	0.2258	0.004516
2154	0.2257	0.004514000000000001
2155	0.2256	0.004512
2156	0.2253	0.0045060000000000005
2157	0.2247	0.004494000000000001
2158	0.2241	0.004482
2159	0.2236	0.004472
2160	0.2231	0.004462
2161	0.2226	0.004452
2162	0.222	0.00444
2163	0.2214	0.0044280000000000005
2164	0.2209	0.004418
2165	0.2205	0.00441
2166	0.2202	0.004404
2167	0.22	0.0044
2168	0.2197	0.004394
2169	0.2195	0.00439
2170	0.2191	0.004382
2171	0.2189	0.004378
2172	0.2184	0.004368
2173	0.2181	0.0043619999999999996
2174	0.2178	0.004356
2175	0.2173	0.004346
2176	0.217	0.00434
2177	0.2167	0.004334
2178	0.2162	0.004324000000000001
2179	0.2159	0.004318000000000001
2180	0.2155	0.0043100000000000005
2181	0.2151	0.004302
2182	0.2146	0.004292000000000001
2183	0.2143	0.004286
2184	0.2141	0.004282
2185	0.2138	0.004276
2186	0.2136	0.004272000000000001
2187	0.2134	0.004268
2188	0.2132	0.004264
2189	0.2132	0.004264
2190	0.213	0.00426
2191	0.2127	0.004254
2192	0.2123	0.004246
2193	0.212	0.00424
2194	0.2117	0.004234
2195	0.2113	0.004226
2196	0.2111	0.004222
2197	0.2108	0.004216
2198	0.2105	0.00421
2199	0.2103	0.004206
2200	0.2101	0.004202
2201	0.2099	0.004198
2202	0.2098	0.004196
2203	0.2097	0.004194
2204	0.2094	0.004188
2205	0.2094	0.004188
2206	0.2093	0.0041860000000000005
2207	0.2091	0.004182
2208	0.2092	0.004184
2209	0.2092	0.004184
2210	0.2092	0.004184
2211	0.2092	0.004184
2212	0.2093	0.0041860000000000005
2213	0.2093	0.0041860000000000005
2214	0.2094	0.004188
2215	0.2095	0.00419
2216	0.2095	0.00419
2217	0.2097	0.004194
2218	0.2095	0.00419
2219	0.209	0.00418
2220	0.2087	0.004174
2221	0.2083	0.004166
2222	0.2079	0.004158
2223	0.2077	0.004154
2224	0.2074	0.004148
2225	0.2071	0.004142
2226	0.2069	0.004138
2227	0.2067	0.004134
2228	0.2065	0.00413
2229	0.2062	0.004124
2230	0.2057	0.004114
2231	0.2052	0.004104
2232	0.2048	0.004096000000000001
2233	0.2043	0.004086
2234	0.2037	0.0040739999999999995
2235	0.2033	0.004066
2236	0.2027	0.004054
2237	0.2022	0.004044
2238	0.2018	0.0040360000000000005
2239	0.2013	0.004026
2240	0.201	0.00402
2241	0.2006	0.004012
2242	0.2001	0.004002
2243	0.1997	0.003994
2244	0.1993	0.003986
2245	0.1989	0.003978
2246	0.1985	0.0039700000000000004
2247	0.1981	0.003962
2248	0.1977	0.003954
2249	0.1972	0.003944
2250	0.1969	0.003938
2251	0.1966	0.003932
2252	0.1963	0.003926
2253	0.196	0.00392
2254	0.1957	0.003914
2255	0.1953	0.003906
2256	0.1948	0.003896
2257	0.1943	0.003886
2258	0.1938	0.003876
2259	0.1934	0.003868
2260	0.193	0.00386
2261	0.1926	0.003852
2262	0.1921	0.003842
2263	0.1916	0.003832
2264	0.1912	0.003824
2265	0.1907	0.003814
2266	0.1902	0.003804
2267	0.1897	0.003794
2268	0.1892	0.003784
2269	0.1886	0.0037719999999999997
2270	0.1881	0.0037619999999999997
2271	0.1875	0.00375
2272	0.1869	0.0037380000000000004
2273	0.1864	0.0037280000000000004
2274	0.1859	0.0037180000000000004
2275	0.1853	0.003706
2276	0.1848	0.003696
2277	0.1843	0.003686
2278	0.1839	0.0036780000000000003
2279	0.1835	0.00367
2280	0.1831	0.0036620000000000003
2281	0.1827	0.003654
2282	0.1824	0.003648
2283	0.1819	0.003638
2284	0.1815	0.00363
2285	0.1812	0.003624
2286	0.1809	0.003618
2287	0.1806	0.003612
2288	0.1804	0.003608
2289	0.1801	0.003602
2290	0.1798	0.003596
2291	0.1796	0.003592
2292	0.1793	0.0035859999999999998
2293	0.1791	0.003582
2294	0.1789	0.003578
2295	0.1787	0.003574
2296	0.1786	0.003572
2297	0.1784	0.003568
2298	0.1783	0.0035659999999999997
2299	0.1782	0.003564
2300	0.1781	0.003562
2301	0.1779	0.003558
2302	0.1778	0.003556
2303	0.1777	0.003554
2304	0.1776	0.003552
2305	0.1776	0.003552
2306	0.1776	0.003552
2307	0.1775	0.0035499999999999998
2308	0.1775	0.0035499999999999998
2309	0.1773	0.0035460000000000005
2310	0.1773	0.0035460000000000005
2311	0.1772	0.003544
2312	0.1772	0.003544
2313	0.1771	0.003542
2314	0.177	0.0035399999999999997
2315	0.1769	0.003538
2316	0.1769	0.003538
2317	0.1768	0.0035360000000000005
2318	0.1768	0.0035360000000000005
2319	0.1768	0.0035360000000000005
2320	0.1767	0.003534
2321	0.1767	0.003534
2322	0.1767	0.003534
2323	0.1767	0.003534
2324	0.1767	0.003534
2325	0.1767	0.003534
2326	0.1767	0.003534
2327	0.1767	0.003534
2328	0.1767	0.003534
2329	0.1767	0.003534
2330	0.1765	0.0035299999999999997
2331	0.1765	0.0035299999999999997
2332	0.1766	0.0035320000000000004
2333	0.1766	0.0035320000000000004
2334	0.1766	0.0035320000000000004
2335	0.1766	0.0035320000000000004
2336	0.1767	0.003534
2337	0.1767	0.003534
2338	0.1768	0.0035360000000000005
2339	0.1768	0.0035360000000000005
2340	0.1769	0.003538
2341	0.177	0.0035399999999999997
2342	0.1771	0.003542
2343	0.1772	0.003544
2344	0.1773	0.0035460000000000005
2345	0.1771	0.003542
2346	0.1769	0.003538
2347	0.1768	0.0035360000000000005
2348	0.177	0.0035399999999999997
2349	0.177	0.0035399999999999997
2350	0.1769	0.003538
2351	0.1766	0.0035320000000000004
2352	0.1764	0.003528
2353	0.1762	0.003524
2354	0.1759	0.0035180000000000003
2355	0.1755	0.0035099999999999997
2356	0.1752	0.003504
2357	0.1751	0.0035020000000000003
2358	0.1752	0.003504
2359	0.1748	0.0034960000000000004
2360	0.1743	0.0034860000000000004
2361	0.1742	0.003484
2362	0.1741	0.0034820000000000003
2363	0.174	0.00348
2364	0.1738	0.0034760000000000004
2365	0.1734	0.003468
2366	0.1731	0.0034620000000000002
2367	0.1727	0.003454
2368	0.1724	0.003448
2369	0.172	0.00344
2370	0.1716	0.003432
2371	0.1712	0.003424
2372	0.1709	0.003418
2373	0.1706	0.003412
2374	0.1702	0.003404
2375	0.1699	0.003398
2376	0.1696	0.003392
2377	0.1693	0.003386
2378	0.169	0.00338
2379	0.1687	0.003374
2380	0.1685	0.00337
2381	0.1682	0.003364
2382	0.1679	0.003358
2383	0.1676	0.003352
2384	0.1673	0.003346
2385	0.167	0.00334
2386	0.1667	0.0033339999999999997
2387	0.1665	0.00333
2388	0.1663	0.003326
2389	0.166	0.00332
2390	0.1657	0.0033139999999999997
2391	0.1654	0.0033079999999999997
2392	0.1651	0.003302
2393	0.1648	0.0032960000000000003
2394	0.1646	0.003292
2395	0.1643	0.0032860000000000003
2396	0.1641	0.003282
2397	0.1638	0.0032760000000000003
2398	0.1636	0.003272
2399	0.1633	0.0032660000000000002
2400	0.1631	0.003262
2401	0.1629	0.003258
2402	0.1627	0.0032540000000000004
2403	0.1624	0.003248
2404	0.1621	0.003242
2405	0.162	0.0032400000000000003
2406	0.1619	0.003238
2407	0.1617	0.0032340000000000003
2408	0.1616	0.003232
2409	0.1614	0.003228
2410	0.1613	0.003226
2411	0.1612	0.0032240000000000003
2412	0.1611	0.003222
2413	0.1611	0.003222
2414	0.161	0.00322
2415	0.1609	0.003218
2416	0.1608	0.003216
2417	0.1608	0.003216
2418	0.1606	0.003212
2419	0.1604	0.003208
2420	0.16	0.0032
2421	0.1597	0.0031940000000000002
2422	0.1594	0.003188
2423	0.1592	0.003184
2424	0.1589	0.0031780000000000003
2425	0.1586	0.003172
2426	0.1581	0.003162
2427	0.1578	0.003156
2428	0.1574	0.003148
2429	0.1571	0.003142
2430	0.1569	0.003138
2431	0.1567	0.003134
2432	0.1564	0.003128
2433	0.1561	0.0031219999999999998
2434	0.156	0.00312
2435	0.1557	0.003114
2436	0.1554	0.003108
2437	0.1551	0.0031019999999999997
2438	0.1548	0.003096
2439	0.1545	0.00309
2440	0.1542	0.003084
2441	0.1538	0.0030759999999999997
2442	0.1536	0.0030719999999999996
2443	0.1532	0.0030640000000000003
2444	0.153	0.0030600000000000002
2445	0.1527	0.0030540000000000003
2446	0.1525	0.00305
2447	0.1522	0.0030440000000000003
2448	0.1519	0.0030380000000000003
2449	0.1517	0.0030340000000000002
2450	0.1514	0.0030280000000000003
2451	0.151	0.00302
2452	0.1508	0.003016
2453	0.1505	0.00301
2454	0.1503	0.003006
2455	0.15	0.003
2456	0.1498	0.002996
2457	0.1494	0.002988
2458	0.1493	0.002986
2459	0.149	0.00298
2460	0.1487	0.002974
2461	0.1485	0.00297
2462	0.1482	0.002964
2463	0.148	0.00296
2464	0.1477	0.002954
2465	0.1474	0.002948
2466	0.1471	0.002942
2467	0.1468	0.0029360000000000002
2468	0.1465	0.00293
2469	0.1463	0.002926
2470	0.146	0.00292
2471	0.1458	0.002916
2472	0.1454	0.002908
2473	0.1452	0.002904
2474	0.1449	0.002898
2475	0.1447	0.002894
2476	0.1444	0.002888
2477	0.1441	0.002882
2478	0.1438	0.002876
2479	0.1437	0.002874
2480	0.1436	0.002872
2481	0.1434	0.002868
2482	0.1432	0.002864
2483	0.143	0.0028599999999999997
2484	0.1429	0.002858
2485	0.1427	0.0028539999999999998
2486	0.1425	0.0028499999999999997
2487	0.1423	0.0028460000000000004
2488	0.1422	0.0028439999999999997
2489	0.142	0.0028399999999999996
2490	0.1419	0.002838
2491	0.1417	0.0028339999999999997
2492	0.1416	0.0028320000000000003
2493	0.1414	0.0028280000000000002
2494	0.1413	0.0028260000000000004
2495	0.1412	0.0028239999999999997
2496	0.141	0.0028199999999999996
2497	0.1409	0.002818
2498	0.1407	0.002814
2499	0.1405	0.0028100000000000004
2500	0.1403	0.0028060000000000003
2501	0.1402	0.002804
2502	0.1401	0.0028020000000000002
2503	0.1399	0.002798
2504	0.1398	0.0027960000000000003
2505	0.1396	0.002792
2506	0.1395	0.0027900000000000004
2507	0.1393	0.0027860000000000003
2508	0.139	0.0027800000000000004
2509	0.1389	0.002778
2510	0.1387	0.002774
2511	0.1386	0.002772
2512	0.1384	0.002768
2513	0.1382	0.002764
2514	0.138	0.0027600000000000003
2515	0.1379	0.002758
2516	0.1377	0.002754
2517	0.1376	0.002752
2518	0.1374	0.002748
2519	0.1372	0.002744
2520	0.1371	0.002742
2521	0.1369	0.002738
2522	0.1367	0.002734
2523	0.1366	0.002732
2524	0.1365	0.0027300000000000002
2525	0.1363	0.002726
2526	0.1362	0.002724
2527	0.1361	0.002722
2528	0.136	0.00272
2529	0.1358	0.002716
2530	0.1357	0.002714
2531	0.1356	0.002712
2532	0.1354	0.002708
2533	0.1353	0.002706
2534	0.1352	0.002704
2535	0.1351	0.002702
2536	0.1349	0.002698
2537	0.1348	0.002696
2538	0.1348	0.002696
2539	0.1347	0.0026939999999999998
2540	0.1346	0.002692
2541	0.1345	0.00269
2542	0.1344	0.002688
2543	0.1343	0.002686
2544	0.1343	0.002686
2545	0.1342	0.002684
2546	0.1341	0.002682
2547	0.134	0.00268
2548	0.1339	0.002678
2549	0.1337	0.002674
2550	0.1335	0.00267
2551	0.1334	0.002668
2552	0.1332	0.002664
2553	0.1332	0.002664
2554	0.133	0.00266
2555	0.1328	0.002656
2556	0.1328	0.002656
2557	0.1326	0.002652
2558	0.1325	0.00265
2559	0.1323	0.002646
2560	0.1322	0.002644
2561	0.1321	0.002642
2562	0.1319	0.0026379999999999997
2563	0.1317	0.0026340000000000005
2564	0.1317	0.0026340000000000005
2565	0.1315	0.00263
2566	0.1313	0.002626
2567	0.1312	0.0026240000000000005
2568	0.131	0.0026200000000000004
2569	0.131	0.0026200000000000004
2570	0.1308	0.002616
2571	0.1306	0.0026119999999999997
2572	0.1306	0.0026119999999999997
2573	0.1304	0.0026079999999999996
2574	0.1302	0.0026040000000000004
2575	0.1302	0.0026040000000000004
2576	0.13	0.0026000000000000003
2577	0.1298	0.0025960000000000002
2578	0.1297	0.0025940000000000004
2579	0.1294	0.0025879999999999996
2580	0.1293	0.002586
2581	0.129	0.0025800000000000003
2582	0.1288	0.002576
2583	0.1286	0.002572
2584	0.1284	0.002568
2585	0.1282	0.0025640000000000003
2586	0.1279	0.0025580000000000004
2587	0.1278	0.002556
2588	0.1276	0.002552
2589	0.1274	0.0025480000000000004
2590	0.1272	0.0025440000000000003
2591	0.1269	0.0025380000000000003
2592	0.1268	0.002536
2593	0.1265	0.00253
2594	0.1264	0.0025280000000000003
2595	0.1261	0.002522
2596	0.1259	0.0025180000000000003
2597	0.1257	0.002514
2598	0.1255	0.00251
2599	0.1253	0.002506
2600	0.1251	0.002502
2601	0.1249	0.002498
2602	0.1247	0.002494
2603	0.1245	0.00249
2604	0.1243	0.002486
2605	0.1241	0.0024820000000000003
2606	0.1239	0.002478
2607	0.1237	0.002474
2608	0.1235	0.00247
2609	0.1233	0.0024660000000000003
2610	0.1231	0.002462
2611	0.123	0.00246
2612	0.1227	0.002454
2613	0.1226	0.002452
2614	0.1223	0.0024460000000000003
2615	0.1222	0.002444
2616	0.122	0.00244
2617	0.1218	0.0024360000000000002
2618	0.1216	0.002432
2619	0.1214	0.002428
2620	0.1212	0.002424
2621	0.1211	0.002422
2622	0.1208	0.002416
2623	0.1207	0.002414
2624	0.1205	0.00241
2625	0.1204	0.002408
2626	0.1202	0.002404
2627	0.1201	0.002402
2628	0.1199	0.0023980000000000004
2629	0.1198	0.002396
2630	0.1196	0.002392
2631	0.1195	0.0023899999999999998
2632	0.1193	0.002386
2633	0.1192	0.0023840000000000003
2634	0.1191	0.002382
2635	0.119	0.0023799999999999997
2636	0.1188	0.002376
2637	0.1187	0.0023740000000000002
2638	0.1185	0.00237
2639	0.1185	0.00237
2640	0.1183	0.002366
2641	0.1182	0.002364
2642	0.1181	0.002362
2643	0.118	0.00236
2644	0.1179	0.0023580000000000003
2645	0.1178	0.002356
2646	0.1177	0.002354
2647	0.1176	0.002352
2648	0.1175	0.00235
2649	0.1174	0.0023480000000000003
2650	0.1172	0.002344
2651	0.1172	0.002344
2652	0.117	0.00234
2653	0.1169	0.0023380000000000002
2654	0.1169	0.0023380000000000002
2655	0.1167	0.002334
2656	0.1166	0.002332
2657	0.1164	0.002328
2658	0.1164	0.002328
2659	0.1162	0.002324
2660	0.1162	0.002324
2661	0.116	0.00232
2662	0.1159	0.002318
2663	0.1158	0.002316
2664	0.1157	0.002314
2665	0.1155	0.00231
2666	0.1155	0.00231
2667	0.1154	0.002308
2668	0.1152	0.002304
2669	0.1152	0.002304
2670	0.115	0.0023
2671	0.1149	0.002298
2672	0.1147	0.002294
2673	0.1146	0.0022919999999999998
2674	0.1146	0.0022919999999999998
2675	0.1144	0.002288
2676	0.1143	0.002286
2677	0.1142	0.002284
2678	0.1141	0.0022819999999999997
2679	0.1139	0.002278
2680	0.1139	0.002278
2681	0.1138	0.002276
2682	0.1136	0.002272
2683	0.1136	0.002272
2684	0.1134	0.002268
2685	0.1132	0.002264
2686	0.1129	0.002258
2687	0.1127	0.002254
2688	0.1125	0.0022500000000000003
2689	0.1123	0.002246
2690	0.1121	0.002242
2691	0.1119	0.002238
2692	0.1116	0.002232
2693	0.1115	0.00223
2694	0.1113	0.002226
2695	0.1111	0.002222
2696	0.1108	0.002216
2697	0.1107	0.0022140000000000003
2698	0.1105	0.00221
2699	0.1102	0.0022040000000000002
2700	0.1101	0.002202
2701	0.1099	0.002198
2702	0.1098	0.002196
2703	0.1095	0.00219
2704	0.1094	0.002188
2705	0.1093	0.002186
2706	0.1092	0.002184
2707	0.109	0.00218
2708	0.1088	0.002176
2709	0.1087	0.002174
2710	0.1086	0.002172
2711	0.1085	0.00217
2712	0.1084	0.002168
2713	0.1082	0.002164
2714	0.1081	0.0021620000000000003
2715	0.108	0.00216
2716	0.1079	0.0021579999999999998
2717	0.1079	0.0021579999999999998
2718	0.1077	0.002154
2719	0.1076	0.0021520000000000003
2720	0.1075	0.00215
2721	0.1074	0.002148
2722	0.1073	0.0021460000000000003
2723	0.1072	0.002144
2724	0.1072	0.002144
2725	0.107	0.00214
2726	0.107	0.00214
2727	0.1069	0.002138
2728	0.1069	0.002138
2729	0.1068	0.0021360000000000003
2730	0.1067	0.002134
2731	0.1067	0.002134
2732	0.1066	0.002132
2733	0.1065	0.00213
2734	0.1064	0.002128
2735	0.1064	0.002128
2736	0.1063	0.0021260000000000003
2737	0.1062	0.002124
2738	0.1062	0.002124
2739	0.106	0.00212
2740	0.106	0.00212
2741	0.106	0.00212
2742	0.1058	0.0021160000000000003
2743	0.1058	0.0021160000000000003
2744	0.1057	0.002114
2745	0.1057	0.002114
2746	0.1056	0.002112
2747	0.1056	0.002112
2748	0.1056	0.002112
2749	0.1056	0.002112
2750	0.1055	0.00211
2751	0.1055	0.00211
2752	0.1055	0.00211
2753	0.1055	0.00211
2754	0.1054	0.002108
2755	0.1053	0.0021060000000000002
2756	0.1053	0.0021060000000000002
2757	0.1053	0.0021060000000000002
2758	0.1051	0.002102
2759	0.1051	0.002102
2760	0.1051	0.002102
2761	0.105	0.0021
2762	0.1049	0.002098
2763	0.1049	0.002098
2764	0.1049	0.002098
2765	0.1048	0.002096
2766	0.1047	0.002094
2767	0.1046	0.002092
2768	0.1046	0.002092
2769	0.1045	0.00209
2770	0.1044	0.002088
2771	0.1043	0.002086
2772	0.1043	0.002086
2773	0.1042	0.002084
2774	0.104	0.00208
2775	0.1039	0.002078
2776	0.1039	0.002078
2777	0.1038	0.002076
2778	0.1036	0.002072
2779	0.1035	0.00207
2780	0.1034	0.002068
2781	0.1034	0.002068
2782	0.1033	0.002066
2783	0.1032	0.002064
2784	0.1031	0.002062
2785	0.103	0.0020599999999999998
2786	0.1028	0.002056
2787	0.1026	0.002052
2788	0.1025	0.0020499999999999997
2789	0.1025	0.0020499999999999997
2790	0.1024	0.0020480000000000003
2791	0.1023	0.002046
2792	0.1021	0.002042
2793	0.102	0.0020399999999999997
2794	0.102	0.0020399999999999997
2795	0.1019	0.0020380000000000003
2796	0.1017	0.0020340000000000002
2797	0.1016	0.002032
2798	0.1015	0.00203
2799	0.1014	0.0020280000000000003
2800	0.1012	0.002024
2801	0.1011	0.002022
2802	0.101	0.00202
2803	0.1009	0.0020180000000000003
2804	0.1008	0.002016
2805	0.1006	0.002012
2806	0.1005	0.00201
2807	0.1004	0.0020080000000000002
2808	0.1003	0.002006
2809	0.1001	0.002002
2810	0.1	0.002
2811	0.0999	0.001998
2812	0.0998	0.001996
2813	0.0996	0.001992
2814	0.0995	0.00199
2815	0.0994	0.001988
2816	0.0993	0.001986
2817	0.0992	0.001984
2818	0.099	0.00198
2819	0.0989	0.001978
2820	0.0988	0.001976
2821	0.0987	0.001974
2822	0.0985	0.00197
2823	0.0984	0.001968
2824	0.0983	0.001966
2825	0.0982	0.001964
2826	0.0981	0.001962
2827	0.0979	0.001958
2828	0.0978	0.001956
2829	0.0977	0.001954
2830	0.0976	0.0019520000000000002
2831	0.0975	0.0019500000000000001
2832	0.0973	0.001946
2833	0.0972	0.001944
2834	0.0971	0.0019420000000000001
2835	0.0971	0.0019420000000000001
2836	0.097	0.00194
2837	0.0968	0.001936
2838	0.0967	0.001934
2839	0.0966	0.0019320000000000001
2840	0.0965	0.00193
2841	0.0964	0.001928
2842	0.0962	0.001924
2843	0.0961	0.001922
2844	0.096	0.00192
2845	0.0959	0.001918
2846	0.0958	0.001916
2847	0.0956	0.001912
2848	0.0955	0.00191
2849	0.0954	0.001908
2850	0.0953	0.001906
2851	0.0951	0.001902
2852	0.0948	0.001896
2853	0.0947	0.001894
2854	0.0946	0.001892
2855	0.0945	0.00189
2856	0.0944	0.001888
2857	0.0942	0.0018840000000000003
2858	0.094	0.00188
2859	0.0939	0.001878
2860	0.0938	0.0018759999999999998
2861	0.0937	0.0018740000000000002
2862	0.0936	0.0018720000000000002
2863	0.0933	0.0018659999999999998
2864	0.0931	0.0018620000000000002
2865	0.093	0.00186
2866	0.0928	0.001856
2867	0.0926	0.0018520000000000001
2868	0.0924	0.001848
2869	0.0922	0.0018440000000000002
2870	0.0921	0.001842
2871	0.092	0.00184
2872	0.0918	0.0018360000000000002
2873	0.0916	0.001832
2874	0.0913	0.0018260000000000001
2875	0.0911	0.001822
2876	0.091	0.00182
2877	0.091	0.00182
2878	0.0909	0.001818
2879	0.0909	0.001818
2880	0.0907	0.001814
2881	0.0906	0.001812
2882	0.0906	0.001812
2883	0.0905	0.00181
2884	0.0905	0.00181
2885	0.0904	0.001808
2886	0.0903	0.001806
2887	0.0903	0.001806
2888	0.0902	0.001804
2889	0.0902	0.001804
2890	0.0901	0.001802
2891	0.0899	0.001798
2892	0.0897	0.001794
2893	0.0895	0.00179
2894	0.0894	0.0017879999999999999
2895	0.0893	0.001786
2896	0.0894	0.0017879999999999999
2897	0.0894	0.0017879999999999999
2898	0.0894	0.0017879999999999999
2899	0.0894	0.0017879999999999999
2900	0.0894	0.0017879999999999999
2901	0.0894	0.0017879999999999999
2902	0.0894	0.0017879999999999999
2903	0.0894	0.0017879999999999999
2904	0.0894	0.0017879999999999999
2905	0.0895	0.00179
2906	0.0895	0.00179
2907	0.0895	0.00179
2908	0.0895	0.00179
2909	0.0896	0.001792
2910	0.0895	0.00179
2911	0.0896	0.001792
2912	0.0897	0.001794
2913	0.0897	0.001794
2914	0.0898	0.001796
2915	0.0899	0.001798
2916	0.09	0.0018
2917	0.0901	0.001802
2918	0.0902	0.001804
2919	0.0902	0.001804
2920	0.0903	0.001806
2921	0.0903	0.001806
2922	0.0903	0.001806
2923	0.0904	0.001808
2924	0.0905	0.00181
2925	0.0907	0.001814
2926	0.0908	0.0018160000000000001
2927	0.0909	0.001818
2928	0.091	0.00182
2929	0.0911	0.001822
2930	0.0913	0.0018260000000000001
2931	0.0914	0.001828
2932	0.0915	0.00183
2933	0.0917	0.0018340000000000001
2934	0.0918	0.0018360000000000002
2935	0.0919	0.001838
2936	0.0918	0.0018360000000000002
2937	0.0914	0.001828
2938	0.091	0.00182
2939	0.0907	0.001814
2940	0.0906	0.001812
2941	0.0903	0.001806
2942	0.09	0.0018
2943	0.0897	0.001794
2944	0.0893	0.001786
2945	0.089	0.00178
2946	0.0887	0.001774
2947	0.0883	0.0017660000000000002
2948	0.088	0.0017599999999999998
2949	0.0877	0.0017540000000000001
2950	0.0874	0.0017480000000000002
2951	0.0872	0.001744
2952	0.0868	0.0017360000000000001
2953	0.0865	0.00173
2954	0.0862	0.001724
2955	0.0859	0.0017180000000000001
2956	0.0855	0.0017100000000000001
2957	0.0852	0.001704
2958	0.0848	0.001696
2959	0.0844	0.001688
2960	0.084	0.00168
2961	0.0836	0.0016719999999999999
2962	0.0832	0.001664
2963	0.0828	0.001656
2964	0.0825	0.0016500000000000002
2965	0.0821	0.0016420000000000002
2966	0.0817	0.001634
2967	0.0814	0.001628
2968	0.081	0.0016200000000000001
2969	0.0807	0.001614
2970	0.0803	0.001606
2971	0.0799	0.001598
2972	0.0796	0.001592
2973	0.0792	0.0015840000000000001
2974	0.0789	0.001578
2975	0.0785	0.00157
2976	0.0782	0.001564
2977	0.0778	0.0015559999999999999
2978	0.0775	0.00155
2979	0.0772	0.0015440000000000002
2980	0.0769	0.0015379999999999999
2981	0.0766	0.0015320000000000002
2982	0.0762	0.0015240000000000002
2983	0.076	0.00152
2984	0.0757	0.0015140000000000002
2985	0.0754	0.001508
2986	0.0751	0.001502
2987	0.0748	0.0014960000000000002
2988	0.0745	0.00149
2989	0.0742	0.001484
2990	0.0739	0.001478
2991	0.0737	0.001474
2992	0.0734	0.0014680000000000001
2993	0.0731	0.001462
2994	0.0729	0.001458
2995	0.0726	0.001452
2996	0.0724	0.001448
2997	0.0722	0.001444
2998	0.072	0.0014399999999999999
2999	0.0719	0.001438
3000	0.0718	0.001436
3001	0.0716	0.001432
3002	0.0715	0.0014299999999999998
3003	0.0713	0.001426
3004	0.0712	0.001424
3005	0.0711	0.0014219999999999999
3006	0.0709	0.0014180000000000002
3007	0.0708	0.0014160000000000002
3008	0.0707	0.0014140000000000001
3009	0.0706	0.0014119999999999998
3010	0.0704	0.0014080000000000002
3011	0.0703	0.0014060000000000001
3012	0.0701	0.001402
3013	0.07	0.0014000000000000002
3014	0.0699	0.0013980000000000002
3015	0.0697	0.001394
3016	0.0696	0.001392
3017	0.0695	0.0013900000000000002
3018	0.0694	0.0013880000000000001
3019	0.0693	0.001386
3020	0.0692	0.001384
3021	0.0691	0.001382
3022	0.069	0.0013800000000000002
3023	0.0689	0.001378
3024	0.0688	0.001376
3025	0.0687	0.001374
3026	0.0686	0.001372
3027	0.0685	0.0013700000000000001
3028	0.0684	0.001368
3029	0.0683	0.001366
3030	0.0683	0.001366
3031	0.0682	0.001364
3032	0.0681	0.001362
3033	0.0681	0.001362
3034	0.068	0.00136
3035	0.0679	0.001358
3036	0.0678	0.001356
3037	0.0678	0.001356
3038	0.0677	0.001354
3039	0.0676	0.001352
3040	0.0677	0.001354
3041	0.0676	0.001352
3042	0.0676	0.001352
3043	0.0675	0.00135
3044	0.0675	0.00135
3045	0.0674	0.001348
3046	0.0674	0.001348
3047	0.0674	0.001348
3048	0.0674	0.001348
3049	0.0674	0.001348
3050	0.0674	0.001348
3051	0.0673	0.001346
3052	0.0674	0.001348
3053	0.0674	0.001348
3054	0.0674	0.001348
3055	0.0674	0.001348
3056	0.0674	0.001348
3057	0.0674	0.001348
3058	0.0674	0.001348
3059	0.0673	0.001346
3060	0.0673	0.001346
3061	0.0673	0.001346
3062	0.0673	0.001346
3063	0.0674	0.001348
3064	0.0673	0.001346
3065	0.0673	0.001346
3066	0.0673	0.001346
3067	0.0673	0.001346
3068	0.0672	0.001344
3069	0.0672	0.001344
3070	0.0672	0.001344
3071	0.0671	0.001342
3072	0.0671	0.001342
3073	0.0671	0.001342
3074	0.0671	0.001342
3075	0.0671	0.001342
3076	0.067	0.00134
3077	0.067	0.00134
3078	0.0669	0.001338
3079	0.0669	0.001338
3080	0.0668	0.001336
3081	0.0668	0.001336
3082	0.0667	0.001334
