depth,sulfate
0.018,72.3
0.058,27.85
0.108,51.19
0.153,43.06
0.198,43.35
0.223,54.76
0.273,56.65
0.323,40.85
0.368,40.78
0.413,44.13
0.458,53.81
0.498,49.45
0.548,62.54
0.588,67.38
0.633,74.7
0.663,47.81
0.718,56.99
0.758,36.87
0.818,43.98
0.853,66.81
0.903,76.97
0.943,68.69
0.993,71.21
1.038,83.23
1.073,171.02
1.113,145.48
1.148,207.56
1.188,127.37
1.233,173.7
1.283,213.52
1.318,99.74
1.368,165.6
1.423,187.0
1.473,41.75
1.523,54.96
1.563,49.86
1.613,43.08
1.653,78.0
1.693,44.29
1.733,38.87
1.793,55.71
1.833,101.14
1.878,78.51
1.923,62.64
1.968,141.43
2.018,87.79
2.068,50.03
2.108,58.22
2.148,43.55
2.188,16.8
2.238,42.16
2.268,40.69
2.323,49.95
2.363,129.34
2.408,79.55
2.448,46.63
2.493,52.17
2.538,40.79
2.585,98.49
2.606,122.87
2.626,88.35
2.647,78.48
2.668,67.21
2.689,91.06
2.709,77.92
2.73,101.84
2.751,113.04
2.772,109.77
2.792,65.65
2.813,51.06
2.834,8.6
2.855,65.06
2.875,80.54
2.896,118.14
2.917,73.87
2.937,45.88
2.958,42.01
2.979,77.73
3.0,63.48
3.02,75.97
3.041,76.18
3.062,52.98
3.083,34.98
3.103,45.51
3.124,87.49
3.15,47.27
3.171,41.86
3.191,50.01
3.212,46.8
3.233,40.47
3.254,44.44
3.274,58.72
3.295,61.76
3.316,107.76
3.337,76.37
3.357,32.04
3.378,41.76
3.399,59.46
3.42,74.32
3.44,56.32
3.461,58.91
3.482,44.92
3.502,43.11
3.523,42.89
3.544,44.19
3.565,50.83
3.575,62.19
3.596,85.17
3.618,83.6
3.639,88.02
3.661,101.34
3.682,100.99
3.703,102.02
3.725,110.46
3.746,117.31
3.767,120.24
3.789,124.22
3.81,127.8
3.832,33.02
3.853,32.03
3.874,23.72
3.896,24.08
3.917,24.71
3.939,24.42
3.96,39.44
3.981,32.1
4.003,24.0
4.024,16.42
4.045,21.21
4.067,51.38
4.088,43.71
4.11,90.59
4.131,48.1
4.152,32.1
4.174,23.56
4.195,19.17
4.216,19.18
4.238,46.73
4.254,83.55
4.27,90.8
4.291,70.66
4.313,89.59
4.334,37.37
4.355,46.76
4.377,52.97
4.398,63.85
4.42,59.97
4.441,39.25
4.462,65.67
4.484,58.82
4.505,53.45
4.527,53.03
4.548,56.42
4.564,33.37
4.58,42.45
4.6,41.1
4.621,52.04
4.641,53.99
4.662,102.11
4.682,93.43
4.702,44.44
4.723,35.06
4.743,47.41
4.764,59.2
4.784,59.07
4.804,45.23
4.825,32.34
4.845,76.52
4.866,30.06
4.886,26.61
4.907,39.99
4.927,72.08
4.947,70.76
4.968,73.38
4.988,71.86
5.009,61.92
5.029,48.04
5.049,70.75
5.07,67.9
5.09,87.12
5.111,89.53
5.131,74.3
5.151,52.95
5.172,37.32
5.192,87.06
5.213,82.78
5.233,55.76
5.253,68.95
5.274,43.69
5.294,45.21
5.315,44.02
5.335,43.84
5.356,45.33
5.376,55.19
5.396,85.73
5.407,340.49
5.417,95.76
5.437,54.03
5.458,53.79
5.478,53.75
5.498,37.96
5.519,42.24
5.539,83.28
5.565,79.9
5.58,69.98
5.6,61.43
5.619,43.94
5.639,48.35
5.658,55.14
5.678,36.91
5.698,34.52
5.717,38.92
5.737,116.22
5.756,107.52
5.776,112.77
5.796,25.94
5.815,31.72
5.835,38.33
5.855,47.69
5.874,49.0
5.894,65.39
5.913,78.9
5.933,127.9
5.953,114.3
5.972,108.47
5.992,97.76
6.011,127.99
6.031,130.4
6.051,155.89
6.07,150.89
6.09,118.87
6.109,83.36
6.129,54.71
6.149,61.08
6.168,87.18
6.188,69.92
6.207,49.82
6.227,72.9
6.247,77.58
6.266,67.17
6.286,52.33
6.305,39.75
6.325,53.89
6.345,62.42
6.364,77.08
6.384,67.56
6.404,47.86
6.423,36.36
6.443,56.73
6.462,70.06
6.482,82.5
6.502,59.53
6.521,42.42
6.551,43.98
6.58,38.88
6.6,32.2
6.62,30.95
6.64,37.51
6.66,103.23
6.68,65.48
6.699,51.43
6.719,55.93
6.739,94.28
6.759,123.95
6.779,97.87
6.799,28.43
6.819,38.62
6.839,21.46
6.859,41.09
6.879,24.37
6.898,50.0
6.918,67.05
6.938,62.08
6.958,43.82
6.978,42.95
6.998,53.93
7.018,40.08
7.038,39.55
7.058,39.94
7.078,44.31
7.097,50.53
7.117,53.79
7.137,33.98
7.157,42.23
7.177,48.62
7.197,50.84
7.217,48.84
7.237,50.25
7.257,69.9
7.281,39.14
7.301,59.78
7.321,54.31
7.341,34.88
7.361,60.39
7.381,66.28
7.401,68.45
7.421,35.14
7.441,71.8
7.461,38.39
7.48,52.67
7.5,64.84
7.52,67.14
7.54,62.63
7.56,95.44
7.58,101.47
7.6,52.41
7.62,53.98
7.64,42.76
7.66,51.48
7.68,131.11
7.699,148.48
7.719,118.39
7.739,97.58
7.759,82.1
7.779,44.37
7.799,21.72
7.819,49.57
7.839,47.63
7.859,64.89
7.879,70.76
7.898,51.81
7.918,35.32
7.938,42.91
7.958,36.0
7.978,47.08
7.998,75.54
8.023,122.97
8.043,119.04
8.063,46.99
8.082,57.02
8.102,74.69
8.122,82.13
8.142,95.29
8.162,90.23
8.182,62.45
8.202,47.83
8.222,50.46
8.242,64.77
8.262,87.91
8.281,49.74
8.301,51.02
8.321,70.17
8.341,92.95
8.361,103.81
8.381,96.58
8.401,67.28
8.421,45.01
8.441,56.93
8.461,48.14
8.48,42.34
8.5,45.81
8.52,42.44
8.54,42.99
8.56,40.02
8.58,40.81
8.622,50.2
8.766,57.67
8.948,70.08
9.064,43.01
9.234,56.33
9.442,41.0
9.572,46.12
9.68,53.36
9.834,66.9
9.976,46.88
10.186,65.68
10.3,28.32
10.444,57.98
10.602,90.33
10.736,46.85
10.832,45.76
10.95,47.69
11.102,54.27
11.212,53.2
11.326,47.36
11.44,44.54
11.62,55.62
11.706,42.96
11.868,42.82
11.966,40.09
12.134,48.14
12.356,46.72
12.464,53.73
12.546,69.06
12.626,54.35
12.738,57.69
12.866,48.91
13.03,52.53
13.14,64.96
13.228,52.56
13.302,70.75
13.378,68.31
13.46,46.04
13.64,57.74
13.716,56.74
13.816,56.83
13.936,64.28
14.01,69.26
14.084,72.44
14.166,67.89
14.31,53.45
14.424,44.71
14.566,48.39
14.674,52.79
14.754,59.8
14.856,42.8
15.008,64.98
15.16,68.49
15.26,84.66
15.372,64.34
15.518,65.21
15.639,83.58
15.755,61.74
15.929,66.22
16.035,124.71
16.173,163.51
16.259,199.1
16.329,55.14
16.487,64.44
16.631,44.81
16.789,70.5
16.887,45.15
17.013,68.17
17.083,68.05
17.197,36.38
17.379,60.08
17.459,72.94
17.549,64.85
17.654,73.65
17.81,46.31
17.97,49.73
18.07,45.04
18.138,47.21
18.238,45.32
18.362,50.95
18.456,61.26
18.602,55.6
18.732,87.65
18.868,92.86
18.97,88.53
19.086,68.69
19.152,67.27
19.274,57.67
19.414,84.37
19.494,81.73
19.601,60.38
19.679,63.55
19.767,73.73
19.853,66.23
19.951,63.91
20.019,46.86
20.167,61.58
20.287,63.48
20.375,54.95
20.487,52.32
20.655,70.26
20.779,67.05
20.897,67.45
21.001,58.9
21.099,74.85
21.169,71.54
21.257,101.59
21.397,79.2
21.485,79.27
21.553,91.89
21.681,141.44
21.765,81.63
21.893,51.25
22.029,89.37
22.121,100.28
22.203,79.51
22.283,43.92
22.455,59.67
22.606,77.74
22.706,45.52
22.816,66.09
22.906,66.52
23.01,95.29
23.114,90.34
23.272,82.99
23.366,76.61
23.504,73.5
23.57,73.97
23.649,204.2
23.733,287.94
23.873,276.75
23.931,67.59
24.031,55.41
24.085,62.03
24.191,47.67
24.295,80.17
24.475,285.75
24.547,148.74
24.621,44.4
24.719,54.29
24.789,49.43
24.891,46.51
25.029,72.1
25.135,50.91
25.265,53.48
25.399,59.24
25.479,53.69
25.611,43.38
25.751,69.12
25.875,50.44
25.995,52.1
26.123,81.01
26.237,55.45
26.403,59.31
26.513,74.29
26.623,71.82
26.689,94.57
26.787,65.01
26.859,61.13
26.965,73.64
27.089,58.21
27.165,54.02
27.285,79.68
27.393,63.95
27.493,65.41
27.651,61.45
27.725,56.18
27.839,58.71
27.943,56.51
28.053,70.93
28.119,41.65
28.213,52.77
28.373,72.36
28.459,63.23
28.549,74.66
28.629,77.85
28.715,51.94
28.837,52.43
28.925,54.63
29.005,84.05
29.105,52.1
29.193,57.22
29.247,53.77
29.363,67.95
29.469,91.76
29.596,71.98
29.666,54.49
29.726,50.23
29.86,45.25
29.97,54.45
30.056,47.94
30.206,52.97
30.306,72.08
30.404,74.63
30.462,48.16
30.546,46.0
30.656,55.39
30.78,63.73
30.906,46.76
30.97,59.27
31.07,52.91
31.166,59.22
31.262,57.27
31.372,54.34
31.47,53.59
31.586,42.83
31.682,66.8
31.754,69.61
31.818,56.04
31.874,56.28
31.97,62.06
32.038,65.23
32.124,59.48
32.2,61.21
32.362,48.7
32.482,38.59
32.624,60.99
32.736,57.16
32.852,52.56
32.92,65.45
33.608,56.3
33.712,65.93
33.784,52.81
33.862,47.63
33.934,40.0
34.058,75.1
34.16,79.6
34.228,75.29
34.298,78.32
34.378,74.86
34.468,49.9
34.562,52.45
34.674,65.98
34.784,66.39
34.856,59.02
34.938,56.64
35.088,60.43
35.186,68.07
35.264,68.6
35.318,62.97
35.386,51.02
35.532,73.77
35.664,102.77
35.74,135.85
35.82,185.41
35.93,161.49
36.052,68.63
36.21,59.65
36.326,85.81
36.424,140.54
36.498,55.72
36.606,56.12
36.698,36.34
36.778,42.8
36.866,62.35
36.952,67.26
37.062,56.81
37.14,43.98
37.248,53.18
37.328,66.41
37.4,51.2
37.516,63.04
37.592,73.4
37.678,77.24
37.74,130.28
37.834,80.11
37.958,84.58
38.058,67.49
38.172,47.31
38.244,33.23
38.3,86.06
38.354,57.02
38.408,49.49
38.532,41.76
38.596,56.02
38.658,65.31
38.732,74.5
38.806,56.95
38.852,59.17
38.91,83.95
39.002,75.94
39.108,73.55
39.182,77.63
39.258,38.26
39.33,71.84
39.4,80.3
39.491,64.13
39.535,66.99
39.645,55.85
39.727,53.95
39.791,40.34
39.895,55.91
39.967,52.65
40.063,62.91
40.169,66.76
40.237,79.87
40.299,42.8
40.44,68.01
40.512,66.69
40.618,124.93
40.694,204.44
40.8,120.75
40.854,93.32
40.91,75.72
41.024,51.33
41.15,50.38
41.22,57.64
41.358,54.9
41.442,50.44
41.524,52.64
41.598,59.85
41.708,65.14
41.814,60.56
41.884,67.32
41.984,70.55
42.062,69.69
42.152,60.25
42.222,53.3
42.28,83.75
42.408,111.11
42.534,164.75
42.572,91.09
42.674,58.64
42.766,65.8
42.858,56.9
42.952,61.34
43.01,53.5
43.096,57.98
43.206,55.28
43.348,47.56
43.477,65.77
43.559,61.58
43.677,58.0
43.755,69.48
43.815,80.58
43.921,46.09
43.973,54.87
44.119,81.99
44.293,132.2
44.399,113.11
44.52,82.65
44.608,78.94
44.668,141.27
44.746,129.63
44.838,147.29
44.942,55.14
45.052,77.24
45.158,113.18
45.26,62.36
45.404,74.85
45.468,78.65
45.514,87.22
45.618,62.09
45.698,58.48
45.806,73.43
45.92,79.3
45.998,55.13
46.07,54.46
46.134,62.77
46.252,49.45
46.32,80.62
46.415,67.74
46.531,66.38
46.593,54.25
46.665,94.51
46.715,81.01
46.801,53.28
46.865,33.17
46.925,39.0
47.023,56.24
47.105,41.24
47.217,66.6
47.293,57.44
47.391,51.53
47.509,76.98
47.579,65.71
47.639,47.91
47.743,46.68
47.815,50.79
47.919,48.9
47.995,76.02
48.099,58.36
48.213,74.19
48.335,104.17
48.393,80.67
48.465,55.06
48.543,62.21
48.611,63.79
48.701,54.57
48.777,54.53
48.861,53.49
48.931,47.43
49.053,52.95
49.127,61.24
49.249,50.4
49.319,55.06
49.379,88.68
49.453,68.81
49.589,100.33
49.659,81.94
49.785,59.03
49.827,74.16
49.879,63.08
49.949,45.83
50.071,65.19
50.195,48.44
50.261,43.92
50.359,53.87
50.439,67.97
50.489,62.13
50.567,40.92
50.701,66.76
50.801,74.48
50.867,64.25
50.941,54.74
51.033,49.09
51.137,59.23
51.205,64.59
51.257,56.51
51.387,54.72
51.475,63.48
51.545,52.37
51.593,65.06
51.647,60.59
51.687,41.83
51.765,91.62
51.813,72.87
51.865,117.13
51.953,53.74
52.071,68.75
52.115,44.03
52.195,79.96
52.286,55.11
52.356,84.67
52.458,57.17
52.548,52.79
52.624,102.01
52.71,122.68
52.782,55.52
52.878,71.43
53.02,57.42
53.08,57.75
53.192,72.62
53.301,60.88
53.355,63.97
53.469,48.16
53.567,71.72
53.635,68.75
53.715,57.94
53.807,72.65
53.907,60.52
53.989,76.08
54.073,77.99
54.131,88.79
54.177,59.38
54.27,45.61
54.354,39.23
54.412,28.24
54.494,39.61
54.598,66.96
54.712,74.77
54.782,52.06
54.896,79.61
54.988,77.92
55.042,69.1
55.126,83.11
55.244,108.67
55.322,77.79
55.408,74.87
55.488,61.12
55.556,45.79
55.638,56.16
55.716,74.44
55.804,82.3
55.884,54.11
55.988,50.2
56.048,59.78
56.114,63.41
56.158,50.54
56.192,47.17
56.284,122.91
56.396,114.69
56.484,97.15
56.59,77.35
56.678,141.39
56.746,453.44
56.854,307.0
56.926,86.28
57.012,71.01
57.084,98.97
57.152,101.88
57.226,110.71
57.26,84.6
57.29,87.32
57.368,42.4
57.456,50.28
57.51,62.26
57.616,77.06
57.676,96.44
57.788,46.51
57.904,67.96
57.984,81.35
58.084,65.8
58.188,49.67
58.23,60.47
58.28,71.09
58.388,53.38
58.456,72.67
58.532,56.37
58.598,95.88
58.672,53.45
58.776,68.05
58.862,57.03
58.96,59.2
59.022,38.7
59.064,80.46
59.126,62.77
59.2,75.87
59.262,63.69
59.368,102.07
59.42,68.12
59.476,68.3
59.582,64.15
59.64,60.81
59.678,56.28
59.802,76.4
59.916,51.3
59.99,56.14
60.032,68.33
60.124,56.99
60.2,67.39
60.269,66.33
60.333,55.4
60.403,62.11
60.481,80.41
60.563,70.33
60.617,55.16
60.709,66.15
60.761,45.03
60.847,51.24
60.953,64.0
61.033,50.25
61.115,98.19
61.189,59.32
61.28,46.55
61.374,48.21
61.424,81.0
61.48,62.2
61.57,61.04
61.644,47.4
61.708,51.61
61.834,48.89
61.906,57.45
61.958,47.17
62.056,48.39
62.128,78.51
62.194,59.86
62.274,73.68
62.348,145.02
62.414,93.91
62.49,63.38
62.628,55.38
62.712,57.95
62.81,58.91
62.892,62.53
62.988,55.51
63.114,99.32
63.248,65.76
63.318,78.68
63.388,90.61
63.442,102.43
63.528,58.93
63.636,59.8
63.73,51.27
63.832,54.77
63.882,47.56
63.936,53.93
64.03,55.94
64.084,41.45
64.164,54.93
64.262,65.22
64.326,84.4
64.426,68.01
64.516,68.22
64.624,104.72
64.67,72.8
64.76,71.27
64.838,95.91
64.898,66.77
65.046,56.42
65.146,70.02
65.261,71.33
65.341,72.4
65.409,58.42
65.527,83.87
65.611,47.53
65.677,48.94
65.787,77.48
65.857,146.81
65.977,149.72
66.059,68.92
66.173,66.44
66.272,62.37
66.36,56.19
66.478,59.98
66.582,71.5
66.668,85.21
66.802,68.66
66.912,71.45
66.994,57.62
67.07,47.43
67.182,61.44
67.252,51.97
67.352,47.99
67.422,73.25
67.478,64.81
67.56,34.89
67.67,40.67
67.77,63.03
67.858,43.37
67.924,33.59
67.988,45.67
68.06,51.42
68.126,60.66
68.172,64.16
68.233,66.26
68.345,70.12
68.429,64.58
68.493,57.55
68.563,60.91
68.657,64.24
68.713,70.17
68.779,60.5
68.855,80.28
68.899,74.76
68.985,102.3
69.039,81.6
69.081,71.86
69.145,61.94
69.232,54.08
69.296,49.45
69.396,59.57
69.464,80.46
69.552,60.96
69.626,59.65
69.68,59.59
69.746,61.99
69.8,65.05
69.868,64.02
69.962,60.7
70.038,79.53
70.11,91.86
70.189,88.73
70.263,78.51
70.335,75.07
70.403,119.23
70.479,219.93
70.583,234.75
70.651,68.66
70.721,12.63
70.843,68.54
70.895,62.13
70.943,66.35
71.013,59.0
71.113,139.78
71.199,318.66
71.287,91.26
71.403,90.56
71.463,63.26
71.519,65.64
71.585,55.88
71.701,103.62
71.767,266.28
71.845,165.15
71.925,69.93
71.989,69.38
72.063,65.78
72.137,80.7
72.195,95.3
72.247,74.52
72.299,60.37
72.389,164.98
72.455,425.6
72.525,601.65
72.617,313.51
72.675,59.16
72.769,66.33
72.815,44.15
72.943,58.81
73.017,35.58
73.125,73.88
73.184,50.51
73.276,50.48
73.326,50.03
73.398,62.88
73.506,48.16
73.564,61.93
73.604,58.76
73.648,72.7
73.77,69.28
73.872,79.09
73.946,67.85
73.994,70.59
74.056,53.52
74.2,90.38
74.26,117.33
74.342,62.09
74.416,81.76
74.462,60.16
74.508,78.46
74.558,86.71
74.608,119.41
74.68,219.6
74.754,136.1
74.85,60.02
74.912,50.28
74.978,50.96
75.062,69.58
75.14,87.1
75.193,52.06
75.283,61.97
75.341,54.99
75.425,47.4
75.477,77.75
75.577,42.01
75.671,62.97
75.727,69.45
75.845,71.65
75.923,50.66
75.991,54.95
76.055,51.46
76.121,49.27
76.177,55.2
76.223,57.75
76.305,65.31
76.421,56.03
76.531,78.52
76.603,65.88
76.647,60.86
76.719,60.44
76.789,63.95
76.873,87.95
76.929,65.77
77.029,50.68
77.097,53.2
77.151,54.32
77.215,50.58
77.315,65.32
77.375,55.04
77.455,69.25
77.539,101.55
77.623,144.33
77.699,143.64
77.791,111.18
77.853,63.31
77.955,59.4
78.041,67.32
78.099,84.63
78.173,48.75
78.245,39.64
78.325,57.17
78.401,111.99
78.457,56.42
78.525,56.43
78.597,60.2
78.681,66.25
78.763,58.14
78.851,50.25
78.957,52.98
78.999,73.02
79.073,141.88
79.186,213.73
79.264,55.34
79.358,90.39
79.408,54.4
79.468,62.53
79.508,77.47
79.588,77.31
79.638,55.63
79.746,61.73
79.852,46.36
79.92,47.2
79.984,65.07
80.04,104.58
80.126,46.59
80.217,57.83
80.289,46.21
80.359,47.98
80.419,52.44
80.471,45.56
80.553,53.95
80.625,69.02
80.719,47.1
80.785,46.76
80.847,48.37
80.917,48.34
80.999,43.6
81.113,56.67
81.188,71.37
81.246,63.79
81.336,56.97
81.404,58.88
81.49,51.14
81.55,62.23
81.612,57.77
81.694,66.59
81.752,71.57
81.826,48.03
81.894,49.93
81.984,57.42
82.046,91.77
82.15,56.57
82.222,38.42
82.292,55.56
82.36,45.8
82.488,83.53
82.57,99.96
82.622,81.05
82.702,63.08
82.746,55.06
82.838,60.08
82.884,69.62
82.992,75.7
83.03,55.57
83.118,51.63
83.15,118.59
83.197,80.31
83.265,60.44
83.333,62.38
83.377,69.6
83.439,74.6
83.509,133.84
83.585,113.21
83.651,54.5
83.717,88.15
83.787,129.16
83.857,71.02
83.921,54.85
84.053,71.65
84.115,59.64
84.181,53.76
84.285,56.25
84.371,62.36
84.455,63.29
84.571,56.87
84.671,69.2
84.745,79.44
84.883,79.49
84.937,64.55
85.023,56.2
85.087,72.2
85.171,78.4
85.251,63.95
85.319,71.24
85.375,64.68
85.473,58.69
85.529,50.13
85.615,84.49
85.673,44.24
85.781,87.53
85.865,44.09
85.919,80.53
85.975,68.51
86.049,63.57
86.091,71.74
86.173,51.72
86.257,52.51
86.347,60.76
86.421,46.47
86.519,94.33
86.579,90.01
86.657,80.8
86.721,52.41
86.785,78.47
86.855,62.93
86.957,54.51
87.081,80.42
87.129,75.02
87.193,54.83
87.265,75.05
87.353,80.9
87.439,51.24
87.525,50.77
87.593,41.53
87.717,50.54
87.801,53.07
87.899,89.38
87.989,68.54
88.075,49.96
88.165,51.4
88.227,58.33
88.301,58.51
88.343,78.7
88.405,69.77
88.453,63.86
88.523,69.16
88.631,124.84
88.727,132.01
88.791,73.67
88.857,66.29
88.935,58.25
89.057,60.46
89.131,57.14
89.229,67.2
89.281,59.63
89.353,86.58
89.391,94.67
89.473,104.47
89.541,59.49
89.617,55.32
89.703,45.03
89.795,75.12
89.829,48.34
89.977,57.5
90.051,54.24
90.113,59.92
90.175,47.0
90.255,42.31
90.335,70.5
90.387,75.19
90.435,63.96
90.519,77.89
90.583,69.52
90.675,53.16
90.729,71.17
90.803,74.25
90.861,64.6
90.939,75.43
90.991,61.31
91.071,102.88
91.111,86.4
91.211,72.86
91.293,60.24
91.369,70.82
91.479,62.74
91.575,69.51
91.643,58.49
91.689,62.89
91.763,59.51
91.841,55.65
91.915,56.15
91.965,59.14
92.025,59.3
92.065,58.38
92.151,89.74
92.235,115.37
92.283,52.92
92.333,55.51
92.407,60.88
92.537,82.8
92.615,59.7
92.655,73.13
92.699,63.62
92.767,63.56
92.845,65.23
92.915,66.29
92.953,96.33
92.991,73.85
93.037,57.15
93.097,90.5
93.168,67.8
93.226,111.34
93.312,97.42
93.382,61.38
93.446,64.51
93.51,50.59
93.564,46.22
93.592,67.75
93.652,58.57
93.704,45.15
93.796,39.38
93.858,61.4
93.92,61.35
93.994,68.37
94.038,60.92
94.088,76.92
94.148,58.04
94.232,68.64
94.344,123.46
94.396,103.29
94.486,69.02
94.572,63.91
94.624,70.62
94.666,47.15
94.774,61.56
94.842,47.46
94.934,55.14
94.984,98.5
95.042,112.26
95.078,85.49
95.152,57.57
95.209,61.86
95.283,68.75
95.345,71.5
95.405,86.42
95.476,43.01
95.546,49.77
95.617,69.95
95.687,68.75
95.758,53.0
95.828,75.75
95.898,73.33
95.969,83.51
96.039,65.22
96.109,90.92
96.14,50.91
96.18,63.6
96.25,58.28
96.32,63.95
96.391,55.22
96.461,61.85
96.531,49.06
96.601,106.5
96.672,92.93
96.742,78.22
96.812,67.84
96.882,61.82
96.952,57.57
97.023,54.21
97.093,59.0
97.163,64.74
97.233,88.64
97.303,78.99
97.373,72.83
97.443,61.87
97.513,64.25
97.583,63.04
97.653,89.64
97.723,52.09
97.793,75.45
97.863,58.45
97.933,55.22
98.003,73.57
98.073,54.0
98.143,58.2
98.213,78.45
98.283,92.26
98.353,61.52
98.423,54.37
98.493,75.95
98.562,100.25
98.632,96.98
98.702,71.09
98.772,62.3
98.842,43.84
98.912,55.15
98.981,49.59
99.051,104.2
99.121,86.45
99.191,72.72
99.26,46.0
99.33,36.63
99.4,71.15
99.469,59.96
99.539,68.55
99.609,50.37
99.678,66.4
99.748,76.22
99.818,73.86
99.887,79.31
99.957,102.43
100.027,59.51
100.096,61.81
100.166,58.66
100.235,73.56
100.305,61.41
100.374,67.83
100.444,81.91
100.513,84.82
100.583,82.06
100.652,93.26
100.722,98.99
100.791,47.27
100.861,39.94
100.93,59.14
101.0,62.03
101.069,59.2
101.138,54.91
101.208,58.61
101.277,77.8
101.347,118.37
101.416,97.47
101.485,62.15
101.555,88.35
101.624,117.46
101.693,107.3
101.763,100.95
101.832,84.24
101.901,74.88
101.97,79.14
102.04,56.87
102.109,58.09
102.178,78.48
102.247,64.77
102.317,60.3
102.386,59.07
102.455,62.23
102.524,65.29
102.593,67.88
102.663,47.73
102.732,54.96
102.801,65.44
102.87,81.97
102.939,57.89
103.008,87.81
103.077,60.06
103.146,61.21
103.215,64.76
103.285,50.31
103.354,54.13
103.423,51.62
103.492,61.14
103.561,46.48
103.63,66.83
103.699,51.52
103.768,75.19
103.837,47.2
103.906,68.04
103.975,50.79
104.044,64.93
104.112,114.93
104.181,115.79
104.25,61.54
104.319,58.04
104.388,55.99
104.457,66.82
104.526,50.07
104.595,57.38
104.664,79.64
104.733,81.03
104.801,75.77
104.87,51.33
104.939,59.39
105.008,74.87
105.077,52.94
105.145,76.43
105.214,58.81
105.283,76.74
105.352,63.9
105.42,62.83
105.489,78.14
105.558,77.52
105.627,69.63
105.695,65.59
105.764,72.13
105.833,57.24
105.902,58.45
105.97,60.25
106.039,82.84
106.108,60.09
106.176,55.03
106.245,58.54
106.313,63.9
106.382,62.51
106.451,73.61
106.519,50.26
106.588,50.3
106.656,60.52
106.725,59.51
106.794,34.78
106.862,47.96
106.931,67.06
106.999,66.14
107.068,48.42
107.136,56.38
107.205,45.24
107.273,65.73
107.342,62.65
107.41,52.32
107.479,56.5
107.547,54.61
107.616,68.83
107.684,58.85
107.753,53.1
107.821,63.04
107.89,54.42
107.958,90.88
108.026,78.99
108.095,60.27
108.163,52.32
108.232,44.99
108.3,49.27
108.368,49.64
108.437,50.91
108.505,67.93
108.573,67.39
108.642,74.2
108.71,52.59
108.778,72.87
108.847,73.29
108.915,99.19
108.983,134.59
109.052,96.02
109.12,48.33
109.188,57.59
109.256,72.17
109.325,71.52
109.393,63.43
109.461,57.34
109.529,56.91
109.598,78.89
109.666,66.86
109.734,73.37
109.802,77.22
109.87,55.52
109.939,56.08
110.007,65.36
110.075,91.92
110.143,61.96
110.211,57.01
110.279,66.38
110.348,58.64
110.416,50.96
110.484,78.89
110.552,34.16
110.62,52.53
110.688,72.82
110.756,78.46
110.824,125.94
110.892,92.02
110.961,85.25
111.029,64.94
111.097,50.8
111.165,171.7
111.233,101.01
111.301,70.19
111.369,90.49
111.437,88.7
111.505,69.07
111.573,62.83
111.641,62.24
111.709,56.84
111.777,71.77
111.845,78.32
111.913,63.38
112.049,83.45
112.117,78.92
112.185,72.82
112.253,91.19
112.32,98.31
112.388,93.6
112.456,67.87
112.524,66.45
112.592,86.67
112.66,61.5
112.728,63.78
112.796,76.16
112.864,57.26
112.932,80.84
112.999,78.33
113.067,91.83
113.135,168.95
113.203,153.21
113.271,232.07
113.339,308.7
113.406,82.2
113.474,49.78
113.542,88.93
113.61,51.67
113.678,59.69
113.745,71.89
113.813,40.48
113.881,55.83
113.949,50.24
114.017,62.26
114.084,66.64
114.152,54.19
114.22,45.87
114.288,47.21
114.355,63.25
114.423,58.69
114.491,67.67
114.558,79.26
114.626,47.5
114.694,81.38
114.762,78.26
114.829,41.23
114.897,57.33
114.965,64.51
115.032,64.63
115.1,75.48
115.168,57.66
115.235,53.13
115.303,53.52
115.371,82.43
115.438,116.63
115.506,55.57
115.573,77.51
115.641,49.31
115.709,41.74
115.776,61.78
115.844,104.29
115.911,63.38
115.979,75.33
116.047,77.62
116.114,64.3
116.182,80.51
116.249,90.64
116.317,58.2
116.384,57.13
116.452,68.53
116.52,54.66
116.587,75.61
116.655,74.0
116.722,139.29
116.79,135.6
116.857,86.04
116.925,65.38
116.992,57.84
117.06,68.03
117.127,65.04
117.195,51.86
117.262,76.66
117.33,63.67
117.397,62.07
117.465,63.28
117.532,54.74
117.599,41.27
117.667,43.31
117.734,62.7
117.802,61.12
117.869,48.51
117.937,57.95
118.004,44.87
118.071,54.9
118.139,55.63
118.206,80.25
118.274,67.47
118.341,61.83
118.408,101.49
118.476,66.06
118.543,64.53
118.611,61.24
118.678,55.75
118.745,44.17
118.813,31.7
118.88,69.59
118.947,92.26
119.015,110.18
119.082,56.23
119.217,58.43
119.284,59.85
119.351,54.93
119.419,71.36
119.486,57.05
119.553,71.69
119.621,122.26
119.688,98.92
119.755,61.97
119.822,81.34
119.89,66.25
119.957,49.73
120.024,59.3
120.092,72.18
120.159,68.92
120.226,62.36
120.293,45.47
120.361,85.91
120.428,112.66
120.495,172.23
120.562,344.15
120.629,231.75
120.697,61.12
120.764,72.48
120.831,66.0
120.898,57.49
120.966,46.01
121.033,48.39
121.1,46.73
121.167,45.36
121.234,59.11
121.301,51.12
121.369,60.44
121.436,62.28
121.503,55.09
121.57,50.13
121.637,43.14
121.704,30.28
121.772,56.8
121.839,52.04
121.906,53.76
121.973,61.46
122.04,35.44
122.107,49.0
122.174,40.9
122.242,55.46
122.309,44.74
122.376,54.24
122.443,75.88
122.51,60.97
122.577,78.59
122.644,78.89
122.711,52.73
122.778,120.51
122.845,238.85
122.912,259.32
122.98,104.66
123.047,82.15
123.114,94.14
123.181,69.71
123.248,70.9
123.315,64.32
123.382,59.62
123.449,52.82
123.516,47.93
123.583,64.55
123.65,70.21
123.717,107.82
123.784,94.7
123.851,66.4
123.918,55.08
123.985,56.66
124.052,57.04
124.119,74.89
124.186,63.88
124.253,50.61
124.32,81.65
124.387,59.44
124.454,62.19
124.521,47.91
124.588,52.05
124.655,67.66
124.722,72.2
124.789,85.37
124.856,87.37
124.923,48.36
124.99,59.3
125.057,66.15
125.124,47.18
125.191,59.78
125.258,64.22
125.324,85.93
125.391,83.74
125.458,73.03
125.525,41.38
125.592,53.86
125.659,59.53
125.726,52.78
125.793,68.01
125.86,134.19
125.927,134.78
125.994,70.96
126.06,122.73
126.127,71.28
126.194,69.51
126.261,70.03
126.328,52.35
126.395,49.82
126.462,64.27
126.529,46.49
126.595,31.26
126.662,74.18
126.729,62.63
126.796,43.84
126.863,39.62
126.93,55.35
126.997,56.0
127.03,59.2
127.063,98.83
127.13,63.99
127.197,44.03
127.264,52.31
127.331,53.2
127.398,60.09
127.464,60.13
127.531,60.6
127.598,70.84
127.665,55.82
127.732,69.3
127.798,71.3
127.865,81.32
127.932,81.17
127.999,48.57
128.066,77.87
128.132,101.79
128.199,72.2
128.266,61.67
128.333,55.28
128.399,74.09
128.466,66.23
128.533,59.82
128.6,85.02
128.667,66.9
128.733,59.63
128.8,83.32
128.867,65.9
128.934,36.76
129.0,52.43
129.067,53.38
129.134,75.54
129.2,79.06
129.267,55.11
129.334,73.62
129.401,79.65
129.467,74.16
129.534,47.08
129.601,117.07
129.667,179.78
129.734,163.05
129.801,48.76
129.868,64.98
129.934,65.39
130.001,81.3
130.068,51.73
130.134,47.39
130.201,63.04
130.268,44.89
130.334,51.62
130.401,72.68
130.468,71.85
130.534,76.45
130.601,70.65
130.668,61.13
130.734,37.97
130.801,53.9
130.868,63.99
130.934,55.82
131.001,50.31
131.068,58.55
131.134,52.23
131.201,60.9
131.268,51.02
131.334,53.28
131.401,75.39
131.468,72.01
131.534,65.9
131.601,59.17
131.667,59.33
131.734,59.98
131.801,66.57
131.867,72.63
131.934,68.26
132.001,52.06
132.067,70.14
132.134,56.96
132.2,53.98
132.267,58.64
132.334,81.13
132.4,108.68
132.467,45.72
132.533,74.04
132.6,59.89
132.667,92.57
132.733,75.55
132.8,111.22
132.866,53.13
132.933,44.62
132.999,52.59
133.066,56.76
133.133,64.46
133.199,63.99
133.266,55.28
133.332,63.46
133.399,64.82
133.465,62.01
133.532,82.0
133.598,54.51
133.665,50.97
133.731,76.9
133.798,80.58
133.865,75.29
133.931,41.12
133.96,41.98
133.998,51.09
134.064,54.28
134.131,77.86
134.197,70.03
134.264,69.44
134.33,51.64
134.397,53.84
134.463,63.53
134.53,58.04
134.596,85.62
134.663,79.76
134.729,73.06
134.796,54.38
134.862,51.44
134.929,80.04
134.995,86.31
135.062,83.64
135.128,56.21
135.195,50.95
135.261,42.23
135.328,41.72
135.394,52.5
135.461,54.89
135.527,61.26
135.594,85.95
135.66,98.19
135.727,94.46
135.793,51.94
135.86,39.2
135.926,65.94
135.992,73.47
136.025,46.72
136.059,54.56
136.125,73.02
136.192,70.83
136.258,88.79
136.325,99.32
136.391,108.1
136.458,87.01
136.524,64.82
136.59,54.44
136.657,55.88
136.723,88.63
136.79,67.88
136.856,57.0
136.923,70.12
136.989,91.49
137.056,64.17
137.122,59.51
137.188,79.48
137.255,50.22
137.321,84.33
137.388,63.2
137.454,53.41
137.52,70.33
137.587,57.21
137.653,55.92
137.72,55.0
137.786,72.79
137.852,59.06
137.919,63.33
137.985,61.67
138.052,33.33
138.118,71.89
138.184,91.8
138.251,186.65
138.317,102.36
138.384,56.63
138.45,68.11
138.516,61.93
138.583,60.29
138.649,68.08
138.715,65.07
138.782,52.71
138.848,54.49
138.915,72.3
138.981,68.31
139.047,65.38
139.114,86.58
139.18,86.6
139.246,53.99
139.313,67.67
139.379,48.37
139.445,56.12
139.512,50.42
139.578,59.0
139.644,53.76
139.711,68.8
139.777,87.25
139.843,94.92
139.91,61.27
139.976,71.91
140.042,59.81
140.109,47.33
140.175,47.17
140.241,53.73
140.308,37.71
140.374,63.87
140.44,84.27
140.507,51.65
140.573,56.2
140.639,71.34
140.706,84.03
140.772,97.54
140.838,121.51
140.905,105.28
140.971,70.53
141.037,52.2
141.104,56.56
141.17,58.93
141.236,53.12
141.302,85.17
141.369,68.64
141.435,71.95
141.501,48.94
141.568,41.27
141.634,54.63
141.7,79.6
141.766,62.39
141.833,71.92
141.899,74.3
141.965,40.29
142.032,65.02
142.098,66.24
142.164,65.17
142.23,76.25
142.297,86.97
142.363,100.94
142.429,76.75
142.496,69.04
142.562,79.1
142.628,53.88
142.694,82.74
142.761,161.82
142.827,204.52
142.893,115.03
142.959,54.51
143.026,58.8
143.092,62.93
143.158,66.42
143.224,64.07
143.291,89.19
143.357,51.9
143.423,89.69
143.489,55.13
143.556,65.65
143.622,52.21
143.688,70.64
143.754,83.96
143.82,63.06
143.887,51.83
143.953,77.35
144.019,66.76
144.085,91.83
144.152,76.67
144.218,73.3
144.284,75.67
144.35,81.55
144.417,58.4
144.483,66.05
144.549,63.21
144.615,62.44
144.681,59.98
144.748,58.56
144.814,98.81
144.88,187.62
144.946,172.16
145.012,65.82
145.079,74.13
145.145,83.42
145.211,45.47
145.277,62.99
145.343,67.01
145.41,63.32
145.476,83.41
145.542,71.14
145.608,56.41
145.674,73.11
145.741,59.38
145.807,65.78
145.873,57.73
145.939,63.91
146.005,75.76
146.072,56.0
146.138,54.67
146.204,49.97
146.27,69.13
146.336,64.52
146.402,61.09
146.469,56.46
146.535,51.89
146.601,51.38
146.667,57.51
146.733,36.78
146.799,52.04
146.866,53.83
146.932,64.67
146.998,96.78
147.064,65.44
147.13,116.51
147.196,156.37
147.263,176.36
147.329,89.87
147.395,68.07
147.461,81.1
147.527,49.36
147.593,55.96
147.659,59.45
147.726,77.41
147.792,62.76
147.858,79.91
147.924,65.72
147.99,49.83
148.056,49.24
148.122,44.45
148.189,42.82
148.255,52.29
148.321,78.28
