#Includes tiepoints from Svensson Links Unpub 2025
#DF1-EDC99	Fujita
depth1	depth2	age_unc	comment
314.57	312.765	5.0	
322.43	320.949	5.0	
339.14	338.556	5.0	
344.97	344.807	5.0	
349.66	349.927	5.0	
352.45	352.845	5.0	
369.5049909	370.087	5.0	
371.46	371.943	5.0	
384.93	384.13100000000003	5.0	
388.27	387.279	5.0	
388.99	388.03000000000003	5.0	
389.63	388.708	5.0	
390.31	389.357	5.0	
394.31	393.008	5.0	
402.25	400.284	5.0	
406.4	404.13920631263164	5.0	
419.62	417.1	5.0	
424.34	421.883	5.0	
425.66	423.062	5.0	
429.97	427.105	5.0	
441.82	438.08	5.0	
457.02	451.532	5.0	
459.74	454.0	5.0	
466.98	460.42	5.0	
470.87	463.53	5.0	
482.85	473.69709690197794	5.0	
488.79	478.86775318871827	5.0	
496.84	486.1	5.0	
503.93	492.5	5.0	
511.4	499.209065483871	5.0	
515.14	502.75	5.0	
528.65	514.7724498692241	5.0	
542.01	526.45	5.0	
557.82	540.32	5.0	
559.708053097345	541.95651	5.0	
562.96	544.8	5.0	
565.86	547.36	5.0	
572.46	553.1	5.0	
572.75	553.32	5.0	
582.17	561.376	5.0	
583.68	562.58	5.0	
585.87	564.41	5.0	
590.34	568.22	5.0	
592.29	569.95	5.0	
593.97	571.2	5.0	
594.9	571.93	5.0	
602.98	579.0	5.0	
611.23	586.28	5.0	
619.782267428027	593.45	5.0	
626.30515108256	598.86	5.0	
635.89	606.98	5.0	
643.53	613.2	5.0	
646.95	616.0	5.0	
659.48	626.54	5.0	
666.29	632.28	5.0	
671.04	636.42	5.0	
681.01	644.76	5.0	
682.43	645.9	5.0	
701.01	661.85	5.0	
706.27	666.38	5.0	
711.59	670.99	5.0	
714.22	673.1726553966189	5.0	
718.91	677.14	5.0	
721.68	679.52	5.0	
729.35	686.23	5.0	
733.04	689.12	5.0	
735.39	691.11	5.0	
744.19	699.02	5.0	
746.51	701.27	5.0	
750.0	704.155	5.0	
767.61	718.95	5.0	
772.69	723.22	5.0	
776.242308626974	726.31	5.0	
788.98	737.48	5.0	
801.0	748.08	5.0	
802.14	748.96	5.0	
803.87	750.33	5.0	
808.42	754.28	5.0	
814.12	759.56	5.0	
818.28	763.25	5.0	
831.48	775.02	5.0	
834.28	777.65	5.0	
837.4	780.58	5.0	
843.07	785.82	5.0	
847.01	789.4	5.0	
847.98	790.56	5.0	
849.55	791.88	5.0	
856.33	798.503	5.0	
861.08	802.85	5.0	
875.39	815.27	5.0	
887.43	826.0	5.0	
890.19	828.55	5.0	
900.03	837.56	5.0	
904.64	841.62	5.0	
912.5	848.95	5.0	
921.001	856.76	5.0	
923.92	859.49	5.0	
936.57	871.43	5.0	
942.07	876.66	5.0	
946.02	880.53	5.0	
947.92	882.27	5.0	
955.68	889.3	5.0	
958.14	891.34	5.0	
960.65	893.62	5.0	
962.83	895.59	5.0	
965.07	897.7	5.0	
968.54	900.9	5.0	
974.92	906.82	5.0	
978.99	910.2	5.0	
983.03	913.91	5.0	
983.54	914.42	5.0	
984.95	915.695	5.0	
988.59	919.18	5.0	
995.79	925.74	5.0	
997.31	927.11	5.0	
999.56	929.2	5.0	
1002.18	931.64	5.0	
1010.42	939.54	5.0	
1012.31	941.3	5.0	
1016.07	944.59	5.0	
1017.73	946.097	5.0	
1029.47	956.34	5.0	
1036.03	962.0	5.0	
1038.89	964.46	5.0	
1052.1	975.658	5.0	
1080.68	1000.676	5.0	
1087.63	1006.668	5.0	
1095.7	1013.72	5.0	
1102.12	1019.41	5.0	
1110.34	1026.781	5.0	
1123.38	1038.55	5.0	
1127.14	1041.9	5.0	
1127.59	1042.318	5.0	
1131.7	1046.085	5.0	
1141.34	1055.413	5.0	
1143.85	1057.974	5.0	
1149.61	1063.95	5.0	
1150.46	1064.67	5.0	
1156.6	1070.2	5.0	
1156.77	1070.4	5.0	
1157.73	1071.194	5.0	
1166.23	1078.96	5.0	
1167.29	1079.72	5.0	
1168.95	1081.27	5.0	
1170.11	1082.29	5.0	
1175.74	1087.93	5.0	
1179.97	1092.32	5.0	
1185.55	1097.96	5.0	
1190.42	1102.911	5.0	
1192.92	1105.215	5.0	
1201.23	1113.0	5.0	
1205.59	1116.88	5.0	
1207.35	1118.45	5.0	
1210.16	1120.9	5.0	
1214.33	1124.95	5.0	
1224.9	1134.95	5.0	
1230.85	1140.57	5.0	
1237.72	1147.1	5.0	
1243.32	1152.77	5.0	
1247.78	1156.9	5.0	
1254.26	1163.2	5.0	
1264.5	1173.03	5.0	
1267.65	1176.06	5.0	
1270.78	1178.96	5.0	
1284.32	1192.18	5.0	
1291.67	1199.42	5.0	
1295.32	1202.91	5.0	
1297.97	1205.68	5.0	
1307.58	1214.6	5.0	
1326.86	1232.62	5.0	
1333.24	1238.72	5.0	
1351.34	1254.6	5.0	
1357.76	1260.86	5.0	
1359.17	1262.49	5.0	
1364.32	1267.43	5.0	
1367.97	1271.19	5.0	
1376.11	1279.15	5.0	
1382.72	1285.88	5.0	
1388.33	1291.6	5.0	
1399.37	1303.14	5.0	
1409.88	1314.14	5.0	
1411.95	1316.3	5.0	
1413.65	1318.1	5.0	
1427.55	1332.5	5.0	
1437.74	1342.71	5.0	
1446.2	1351.21	5.0	
1463.72	1368.08	5.0	
1465.54	1369.77	5.0	
1466.97	1371.1	5.0	
1469.28	1373.28	5.0	
1473.27	1377.0	5.0	
1486.02	1388.89	5.0	
1491.82	1394.15	5.0	
1495.95	1397.75	5.0	
1502.15	1402.62	5.0	
1503.91	1404.33	5.0	
1512.07	1411.22	5.0	
1512.94	1411.92	5.0	
1519.8	1417.81	5.0	
1533.01	1429.11	5.0	
1534.38	1430.34	5.0	
1545.01	1439.87	5.0	
1559.28	1452.36	5.0	
1563.42	1455.97	5.0	
215.0	267.0	5.0	
300.0	305.0	5.0	
0.7166666666666667	0.8754098360655738	5.0	
11.26	12.11	5.0	
11.68	12.55	5.0	
18.9	19.55	5.0	
20.38	21.09	5.0	
21.41	22.03	5.0	
22.38	22.89	5.0	
28.92	29.59	5.0	
36.68	36.87	5.0	
37.08	37.19	5.0	
37.4	37.41	5.0	
37.83	37.91	5.0	
38.96	39.05	5.0	
60.39	60.21	5.0	
63.72	63.53	5.0	
65.45	65.15	5.0	
69.21	68.95	5.0	
73.78	73.43	5.0	
75.13	74.65	5.0	
76.12	75.65	5.0	
77.21	76.71	5.0	
78.35	77.87	5.0	
88.11	87.39	5.0	
97.65	96.85	5.0	
100.48	99.73	5.0	
120.82	119.49	5.0	
123.36	121.99	5.0	
126.37	125.01	5.0	
131.76	130.53	5.0	
134.86	133.56	5.0	
141.33	140.02	5.0	
142.59	141.28	5.0	
152.69	151.32	5.0	
157.93	156.56	5.0	
161.33	159.96	5.0	
171.08	169.26	5.0	
176.53	174.5	5.0	
188.23	185.82	5.0	
191.89	189.66	5.0	
192.41	190.08	5.0	
201.1	198.54	5.0	
211.26	208.54	5.0	
212.41	209.74	5.0	
215.7	212.94	5.0	
216.5	213.82	5.0	
218.53	215.78	5.0	
221.54	218.8	5.0	
235.57	232.56	5.0	
237.29	234.26	5.0	
246.26	243.12	5.0	
252.32	249.1	5.0	
254.38	251.24	5.0	
262.59	259.32	5.0	
263.88	260.54	5.0	
266.37	263.02	5.0	
267.44	264.0	5.0	
274.03	270.38	5.0	
280.43	276.98	5.0	
286.39	283.04	5.0	
286.91	283.52	5.0	
293.17	289.98	5.0	
304.72	302.36	5.0	
305.7	303.52	5.0	
306.42	304.28	5.0	
307.74	305.52	5.0	
308.71	306.36	5.0	
310.71	308.48	5.0	
312.81	310.94	5.0	
315.48	313.64	5.0	
319.0	317.3	5.0	
320.19	318.58	5.0	
323.26	321.94	5.0	
323.65	322.39	5.0	
326.35	325.14	5.0	
339.87	339.26	5.0	
342.6	342.36	5.0	
342.91	342.66	5.0	
343.8	343.58	5.0	
348.49	348.54	5.0	
350.37	350.62	5.0	
371.64	372.1	5.0	
379.46	379.32	5.0	
385.99	385.16	5.0	
386.77	385.9	5.0	
391.15	390.24	5.0	
392.35	391.28	5.0	
399.69	397.78	5.0	
400.14	398.24	5.0	
404.59	401.96	5.0	
405.1	402.48	5.0	
407.65	405.36	5.0	
409.95	407.6	5.0	
417.89	415.38	5.0	
418.86	416.34	5.0	
426.79	424.1	5.0	
427.5	424.86	5.0	
427.79	425.1	5.0	
428.7	425.9	5.0	
429.21	426.38	5.0	
434.31	431.12	5.0	
435.16	431.94	5.0	
442.91	438.9	5.0	
443.38	439.2	5.0	
443.91	439.58	5.0	
455.92	450.54	5.0	
491.69	481.48	5.0	
506.3	494.64	5.0	
532.1	517.6	5.0	
536.14	521.18	5.0	
550.34	533.86	5.0	
552.33	535.54	5.0	
559.01	541.38	5.0	
560.18	542.14	5.0	
564.83	546.38	5.0	
577.85	557.64	5.0	
580.27	559.7	5.0	
580.68	560.03	5.0	
586.83	565.16	5.0	
589.58	567.46	5.0	
590.0	567.86	5.0	
600.65	576.08	5.0	
603.78	578.92	5.0	
604.21	579.34	5.0	
605.68	580.58	5.0	
609.48	583.96	5.0	
646.66	615.78	5.0	
672.2	637.44	5.0	
681.41	645.2	5.0	
698.7	660.06	5.0	
699.8	660.78	5.0	
708.95	668.68	5.0	
712.32	671.56	5.0	
712.9	671.86	5.0	
714.85	673.7	5.0	
716.05	674.77	5.0	
716.44	675.12	5.0	
716.77	675.4	5.0	
718.25	676.62	5.0	
719.58	677.88	5.0	
725.68	682.96	5.0	
727.11	684.16	5.0	
728.99	685.6	5.0	
733.31	689.34	5.0	
735.07	690.88	5.0	
735.56	691.3	5.0	
737.26	692.8	5.0	
738.29	693.74	5.0	
739.62	694.74	5.0	
743.76	698.66	5.0	
745.81	700.62	5.0	
746.09	700.82	5.0	
751.55	705.46	5.0	
751.73	705.7	5.0	
753.4	706.9	5.0	
755.27	708.36	5.0	
755.71	708.68	5.0	
760.7	713.0	5.0	
769.51	720.49	5.0	
783.82	733.02	5.0	
790.74	739.12	5.0	
817.35	762.22	5.0	
818.81	763.64	5.0	
820.12	764.94	5.0	
828.84	772.8	5.0	
841.77	784.74	5.0	
844.5	787.14	5.0	
844.98	787.56	5.0	
851.02	793.28	5.0	
853.39	795.7	5.0	
854.49	796.58	5.0	
859.1	801.18	5.0	
861.52	803.44	5.0	
862.17	803.84	5.0	
862.8	804.4	5.0	
863.7	805.16	5.0	
864.15	805.58	5.0	
864.74	806.1	5.0	
865.18	806.5	5.0	
866.66	807.74	5.0	
867.69	808.66	5.0	
868.61	809.52	5.0	
869.06	809.78	5.0	
875.07	814.94	5.0	
875.68	815.4	5.0	
876.83	816.44	5.0	
889.52	827.94	5.0	
890.81	829.32	5.0	
897.17	834.86	5.0	
911.29	847.54	5.0	
911.63	847.9	5.0	
912.03	848.28	5.0	
913.12	849.22	5.0	
922.26	857.86	5.0	
924.1	859.66	5.0	
924.73	860.34	5.0	
927.04	862.48	5.0	
927.32	862.72	5.0	
927.72	863.14	5.0	
928.61	864.06	5.0	
929.11	864.4	5.0	
929.46	864.76	5.0	
929.84	865.06	5.0	
930.79	866.14	5.0	
931.44	866.66	5.0	
932.26	867.4	5.0	
933.1	868.18	5.0	
933.81	868.92	5.0	
934.53	869.56	5.0	
934.85	869.74	5.0	
936.04	870.84	5.0	
939.5	874.2	5.0	
940.87	875.56	5.0	
942.86	877.38	5.0	
945.22	879.72	5.0	
948.62	883.0	5.0	
949.94	884.12	5.0	
950.42	884.54	5.0	
952.72	886.62	5.0	
956.87	890.36	5.0	
957.54	890.78	5.0	
958.44	891.6	5.0	
958.96	892.06	5.0	
961.45	894.3	5.0	
966.59	898.94	5.0	
968.78	901.16	5.0	
969.98	902.34	5.0	
973.15	904.98	5.0	
974.1	905.9	5.0	
976.02	907.8	5.0	
982.1	913.04	5.0	
982.28	913.24	5.0	
983.21	914.16	5.0	
984.23	915.12	5.0	
985.97	916.7	5.0	
987.4	918.0	5.0	
988.36	918.96	5.0	
989.99	920.34	5.0	
990.58	920.96	5.0	
992.31	922.54	5.0	
993.63	923.72	5.0	
995.13	925.14	5.0	
998.21	927.98	5.0	
998.76	928.4	5.0	
999.27	929.0	5.0	
1003.66	933.14	5.0	
1004.33	933.76	5.0	
1007.53	936.86	5.0	
1011.04	940.14	5.0	
1011.69	940.74	5.0	
1015.14	943.86	5.0	
1016.95	945.36	5.0	
1018.48	946.78	5.0	
1018.85	947.08	5.0	
1020.44	948.68	5.0	
1021.18	949.1	5.0	
1021.78	949.62	5.0	
1021.96	949.86	5.0	
1023.58	951.3	5.0	
1024.46	951.98	5.0	
1025.13	952.6	5.0	
1025.61	953.02	5.0	
1026.76	954.14	5.0	
1027.64	954.8	5.0	
1027.87	954.92	5.0	
1028.28	955.24	5.0	
1030.15	956.92	5.0	
1030.99	957.5	5.0	
1031.24	957.66	5.0	
1032.14	958.66	5.0	
1033.63	959.9	5.0	
1034.53	960.68	5.0	
1034.76	960.96	5.0	
1035.16	961.2	5.0	
1036.61	962.54	5.0	
1036.81	962.7	5.0	
1038.14	963.98	5.0	
1038.72	964.3	5.0	
1039.78	965.18	5.0	
1040.12	965.58	5.0	
1040.47	965.86	5.0	
1040.7	966.08	5.0	
1040.93	966.26	5.0	
1041.46	966.74	5.0	
1042.22	967.26	5.0	
1043.31	968.08	5.0	
1044.08	968.8	5.0	
1044.54	969.18	5.0	
1046.11	970.62	5.0	
1047.07	971.44	5.0	
1050.1	974.06	5.0	
1050.67	974.44	5.0	
1052.43	975.96	5.0	
1052.77	976.18	5.0	
1053.26	976.52	5.0	
1053.65	976.94	5.0	
1085.43	1004.86	5.0	
1086.72	1005.96	5.0	
1105.13	1022.12	5.0	
1113.19	1029.28	5.0	
1114.17	1030.08	5.0	
1115.71	1031.52	5.0	
1117.67	1033.14	5.0	
1154.41	1068.28	5.0	
1154.73	1068.56	5.0	
1154.88	1068.78	5.0	
1157.49	1070.88	5.0	
1159.12	1072.26	5.0	
1159.33	1072.46	5.0	
1160.21	1073.38	5.0	
1161.12	1074.16	5.0	
1161.52	1074.54	5.0	
1165.96	1078.64	5.0	
1167.73	1079.98	5.0	
1170.29	1082.48	5.0	
1171.91	1084.14	5.0	
1172.12	1084.38	5.0	
1172.42	1084.72	5.0	
1172.82	1085.14	5.0	
1173.27	1085.46	5.0	
1174.03	1086.16	5.0	
1174.83	1087.0	5.0	
1175.5	1087.66	5.0	
1176.01	1088.22	5.0	
1177.29	1089.54	5.0	
1179.28	1091.6	5.0	
1179.43	1091.76	5.0	
1179.74	1091.98	5.0	
1180.41	1092.83	5.0	
1182.15	1094.36	5.0	
1183.13	1095.44	5.0	
1183.42	1095.78	5.0	
1183.95	1096.34	5.0	
1185.07	1097.44	5.0	
1186.22	1098.62	5.0	
1187.0	1099.5	5.0	
1187.2	1099.72	5.0	
1188.1	1100.48	5.0	
1188.68	1101.16	5.0	
1188.85	1101.32	5.0	
1189.27	1101.7	5.0	
1192.33	1104.78	5.0	
1195.7	1107.74	5.0	
1196.22	1108.38	5.0	
1197.03	1108.96	5.0	
1197.28	1109.18	5.0	
1197.5	1109.42	5.0	
1197.91	1109.78	5.0	
1197.95	1109.8	5.0	
1198.14	1109.96	5.0	
1202.17	1113.42	5.0	
1203.5	1114.74	5.0	
1206.05	1117.32	5.0	
1206.54	1117.78	5.0	
1206.81	1118.04	5.0	
1207.12	1118.3	5.0	
1207.52	1118.64	5.0	
1208.88	1119.72	5.0	
1209.4	1120.28	5.0	
1215.76	1126.52	5.0	
1216.19	1126.78	5.0	
1220.0	1130.26	5.0	
1220.33	1130.6	5.0	
1220.95	1131.24	5.0	
1221.19	1131.4	5.0	
1221.73	1132.1	5.0	
1222.11	1132.4	5.0	
1222.48	1132.72	5.0	
1223.15	1133.42	5.0	
1223.48	1133.74	5.0	
1224.71	1134.74	5.0	
1225.64	1135.62	5.0	
1226.43	1136.32	5.0	
1227.78	1137.66	5.0	
1228.49	1138.34	5.0	
1229.42	1139.24	5.0	
1229.78	1139.52	5.0	
1230.37	1140.1	5.0	
1231.21	1140.96	5.0	
1231.71	1141.34	5.0	
1231.91	1141.58	5.0	
1232.59	1142.22	5.0	
1233.01	1142.54	5.0	
1233.57	1143.2	5.0	
1234.09	1143.64	5.0	
1234.42	1143.96	5.0	
1234.76	1144.18	5.0	
1235.07	1144.54	5.0	
1235.18	1144.68	5.0	
1235.51	1144.94	5.0	
1235.7	1145.18	5.0	
1236.0	1145.46	5.0	
1236.77	1146.18	5.0	
1237.01	1146.36	5.0	
1237.42	1146.76	5.0	
1238.39	1147.74	5.0	
1238.82	1148.28	5.0	
1239.43	1148.88	5.0	
1241.18	1150.56	5.0	
1241.98	1151.38	5.0	
1242.29	1151.7	5.0	
1242.97	1152.48	5.0	
1243.78	1153.18	5.0	
1246.58	1155.78	5.0	
1246.94	1156.14	5.0	
1247.22	1156.34	5.0	
1248.6	1157.66	5.0	
1249.01	1158.06	5.0	
1249.44	1158.34	5.0	
1249.75	1158.7	5.0	
1250.16	1159.18	5.0	
1251.54	1160.62	5.0	
1252.06	1161.1	5.0	
1252.57	1161.6	5.0	
1256.58	1165.38	5.0	
1256.86	1165.68	5.0	
1258.73	1167.46	5.0	
1259.47	1168.16	5.0	
1260.11	1168.8	5.0	
1260.45	1169.1	5.0	
1261.41	1170.04	5.0	
1261.69	1170.3	5.0	
1262.95	1171.42	5.0	
1263.27	1171.8	5.0	
1263.6	1172.18	5.0	
1264.08	1172.6	5.0	
1265.07	1173.6	5.0	
1265.32	1173.84	5.0	
1266.11	1174.52	5.0	
1272.48	1180.5	5.0	
1274.06	1182.06	5.0	
1274.42	1182.4	5.0	
1276.48	1184.36	5.0	
1280.19	1187.96	5.0	
1280.87	1188.46	5.0	
1283.68	1191.62	5.0	
1292.21	1199.94	5.0	
1294.29	1202.02	5.0	
1296.06	1203.74	5.0	
1296.62	1204.3	5.0	
1296.84	1204.54	5.0	
1297.21	1204.86	5.0	
1298.27	1206.04	5.0	
1298.95	1206.56	5.0	
1299.27	1206.82	5.0	
1299.55	1207.06	5.0	
1301.45	1208.9	5.0	
1302.63	1210.1	5.0	
1303.31	1210.7	5.0	
1303.65	1211.02	5.0	
1304.42	1211.78	5.0	
1306.19	1213.42	5.0	
1307.15	1214.22	5.0	
1308.18	1215.14	5.0	
1308.65	1215.58	5.0	
1308.88	1215.74	5.0	
1309.41	1216.44	5.0	
1309.8	1216.76	5.0	
1314.76	1221.7	5.0	
1315.25	1222.34	5.0	
1315.83	1222.66	5.0	
1316.19	1222.98	5.0	
1316.98	1223.76	5.0	
1317.4	1224.1	5.0	
1318.59	1224.82	5.0	
1321.67	1227.64	5.0	
1322.25	1228.08	5.0	
1322.81	1228.66	5.0	
1327.34	1233.06	5.0	
1333.63	1239.08	5.0	
1334.11	1239.56	5.0	
1346.93	1250.38	5.0	
1347.19	1250.6	5.0	
1349.15	1252.54	5.0	
1349.92	1253.38	5.0	
1350.33	1253.68	5.0	
1350.91	1254.16	5.0	
1352.22	1255.46	5.0	
1352.63	1255.84	5.0	
1357.4	1260.46	5.0	
1358.41	1261.6	5.0	
1359.02	1262.26	5.0	
1359.49	1262.84	5.0	
1360.49	1263.9	5.0	
1367.09	1270.26	5.0	
1368.94	1272.26	5.0	
1369.64	1273.04	5.0	
1374.14	1277.38	5.0	
1375.1	1278.2	5.0	
1375.54	1278.58	5.0	
1377.83	1280.96	5.0	
1378.08	1281.14	5.0	
1378.92	1282.06	5.0	
1381.04	1284.22	5.0	
1382.19	1285.4	5.0	
1383.57	1286.86	5.0	
1384.89	1288.12	5.0	
1385.83	1289.02	5.0	
1387.21	1290.44	5.0	
1389.44	1292.8	5.0	
1390.22	1293.56	5.0	
1390.94	1294.26	5.0	
1391.14	1294.44	5.0	
1391.7	1295.14	5.0	
1393.39	1296.7	5.0	
1397.07	1300.76	5.0	
1397.72	1301.34	5.0	
1397.97	1301.76	5.0	
1398.36	1301.98	5.0	
1399.66	1303.28	5.0	
1399.69	1303.54	5.0	
1401.27	1304.96	5.0	
1401.71	1305.4	5.0	
1401.99	1305.86	5.0	
1402.8	1306.52	5.0	
1403.42	1307.24	5.0	
1403.84	1307.66	5.0	
1405.32	1309.18	5.0	
1406.97	1310.98	5.0	
1407.43	1311.44	5.0	
1408.25	1312.36	5.0	
1408.82	1312.98	5.0	
1409.07	1313.32	5.0	
1410.18	1314.36	5.0	
1412.75	1317.14	5.0	
1413.37	1317.84	5.0	
1413.88	1318.3	5.0	
1414.22	1318.8	5.0	
1414.88	1319.36	5.0	
1415.81	1320.28	5.0	
1419.67	1324.24	5.0	
1420.99	1325.7	5.0	
1421.38	1326.18	5.0	
1423.96	1328.8	5.0	
1424.68	1329.46	5.0	
1425.35	1330.22	5.0	
1425.94	1330.82	5.0	
1426.54	1331.42	5.0	
1427.27	1332.24	5.0	
1428.26	1333.12	5.0	
1429.2	1334.1	5.0	
1429.52	1334.44	5.0	
1429.76	1334.7	5.0	
1430.11	1334.94	5.0	
1430.51	1335.32	5.0	
1430.78	1335.64	5.0	
1431.25	1336.14	5.0	
1431.73	1336.68	5.0	
1432.27	1337.18	5.0	
1433.18	1338.3	5.0	
1433.62	1338.6	5.0	
1434.33	1339.2	5.0	
1434.83	1339.72	5.0	
1437.13	1342.06	5.0	
1437.55	1342.54	5.0	
1438.06	1343.06	5.0	
1438.61	1343.54	5.0	
1439.27	1344.22	5.0	
1440.51	1345.42	5.0	
1441.26	1346.18	5.0	
1443.62	1348.52	5.0	
1444.12	1349.08	5.0	
1444.26	1349.2	5.0	
1444.71	1349.66	5.0	
1445.16	1350.14	5.0	
1445.57	1350.58	5.0	
1445.82	1350.84	5.0	
1446.02	1351.02	5.0	
1446.64	1351.58	5.0	
1446.94	1351.88	5.0	
1447.46	1352.36	5.0	
1447.8	1352.78	5.0	
1448.29	1353.22	5.0	
1448.51	1353.4	5.0	
1452.86	1357.78	5.0	
1455.59	1360.24	5.0	
1456.0	1360.62	5.0	
1459.99	1364.46	5.0	
1460.78	1365.22	5.0	
1461.25	1365.74	5.0	
1461.74	1366.14	5.0	
1461.96	1366.36	5.0	
1462.39	1366.76	5.0	
1462.67	1367.04	5.0	
1464.33	1368.64	5.0	
1467.17	1371.34	5.0	
1467.89	1371.92	5.0	
1468.1	1372.1	5.0	
1468.83	1372.8	5.0	
1468.99	1372.9	5.0	
1470.11	1373.9	5.0	
1471.68	1375.44	5.0	
1472.09	1375.8	5.0	
1472.59	1376.34	5.0	
1473.68	1377.38	5.0	
1474.82	1378.44	5.0	
1475.02	1378.56	5.0	
1475.43	1379.1	5.0	
1476.31	1379.86	5.0	
1477.08	1380.6	5.0	
1477.69	1381.14	5.0	
1478.17	1381.56	5.0	
1479.32	1382.68	5.0	
1479.91	1383.14	5.0	
1481.0	1384.32	5.0	
1481.82	1385.1	5.0	
1482.41	1385.48	5.0	
1483.19	1386.24	5.0	
1483.49	1386.38	5.0	
1483.87	1386.88	5.0	
1485.07	1387.86	5.0	
1485.49	1388.36	5.0	
1486.51	1389.32	5.0	
1491.48	1393.88	5.0	
1493.19	1395.46	5.0	
1493.98	1396.14	5.0	
1494.21	1396.36	5.0	
1496.84	1398.38	5.0	
1497.0	1398.6	5.0	
1499.08	1400.14	5.0	
1499.5	1400.54	5.0	
1499.97	1400.92	5.0	
1502.64	1403.14	5.0	
1503.39	1403.76	5.0	
1506.18	1406.2	5.0	
1506.46	1406.46	5.0	
1507.46	1407.3	5.0	
1511.88	1411.06	5.0	
1512.41	1411.52	5.0	
1513.24	1412.2	5.0	
1513.7	1412.58	5.0	
1513.98	1412.86	5.0	
1514.49	1413.28	5.0	
1515.13	1413.82	5.0	
1516.04	1414.56	5.0	
1517.53	1415.9	5.0	
1517.88	1416.16	5.0	
1519.29	1417.5	5.0	
1520.08	1418.06	5.0	
1520.8	1418.66	5.0	
1521.21	1419.08	5.0	
1521.7	1419.44	5.0	
1524.37	1421.68	5.0	
1525.39	1422.56	5.0	
1528.25	1425.1	5.0	
1530.4	1426.86	5.0	
1531.05	1427.38	5.0	
1531.34	1427.72	5.0	
1533.18	1429.28	5.0	
1534.09	1430.12	5.0	
1535.9	1431.68	5.0	
1536.39	1432.02	5.0	
1536.89	1432.48	5.0	
1537.45	1433.14	5.0	
1538.74	1434.1	5.0	
1539.45	1434.86	5.0	
1539.87	1435.22	5.0	
1542.63	1437.58	5.0	
1543.19	1438.16	5.0	
1545.54	1440.28	5.0	
1546.08	1440.84	5.0	
1547.92	1442.4	5.0	
1548.22	1442.78	5.0	
1548.69	1443.16	5.0	
1549.0	1443.4	5.0	
1549.35	1443.8	5.0	
1549.77	1444.06	5.0	
1552.34	1446.34	5.0	
1553.89	1447.7	5.0	
1554.15	1447.92	5.0	
1554.3	1448.16	5.0	
1554.68	1448.38	5.0	
1555.35	1449.06	5.0	
1555.55	1449.1	5.0	
1555.89	1449.4	5.0	
1557.28	1450.64	5.0	
1557.54	1450.8	5.0	
1557.72	1451.02	5.0	
1558.32	1451.48	5.0	
1558.74	1451.92	5.0	
1560.49	1453.4	5.0	
1560.94	1453.78	5.0	
1561.24	1454.06	5.0	
1561.68	1454.38	5.0	
1561.97	1454.66	5.0	
1563.26	1455.8	5.0	
1564.2	1456.58	5.0	
1564.44	1456.8	5.0	
1564.72	1457.16	5.0	
1565.43	1457.66	5.0	
1565.83	1458.06	5.0	
1566.64	1458.78	5.0	
1567.55	1459.7	5.0	
1567.97	1460.1	5.0	
1568.2	1460.32	5.0	
1568.47	1460.52	5.0	
1568.72	1460.82	5.0	
1569.1	1461.14	5.0	
1569.28	1461.26	5.0	
1571.55	1463.32	5.0	
1572.07	1463.78	5.0	
1572.61	1464.46	5.0	
1573.34	1465.06	5.0	
1573.85	1465.6	5.0	
1574.36	1466.04	5.0	
1574.65	1466.26	5.0	
1575.29	1466.92	5.0	
1575.47	1467.12	5.0	
1575.74	1467.32	5.0	
1577.97	1469.52	5.0	
1578.83	1470.4	5.0	
1579.0	1470.5	5.0	
1579.9	1471.38	5.0	
1580.19	1471.64	5.0	
1581.49	1473.08	5.0	
1582.42	1473.96	5.0	
1582.94	1474.52	5.0	
1583.66	1475.24	5.0	
1584.64	1476.24	5.0	
1584.92	1476.54	5.0	
1585.41	1477.06	5.0	
1585.8	1477.36	5.0	
1586.11	1477.74	5.0	
1586.88	1478.56	5.0	
1587.46	1479.14	5.0	
1587.67	1479.28	5.0	
1588.03	1479.56	5.0	
1588.35	1479.98	5.0	
1588.42	1480.1	5.0	
1589.31	1480.96	5.0	
1589.43	1481.16	5.0	
1590.06	1481.82	5.0	
1590.52	1482.26	5.0	
1590.95	1482.64	5.0	
1591.09	1482.8	5.0	
1591.44	1483.12	5.0	
1591.93	1483.66	5.0	
1592.16	1483.92	5.0	
1592.93	1484.64	5.0	
1593.46	1485.36	5.0	
1593.9	1485.84	5.0	
1594.29	1486.22	5.0	
1594.45	1486.54	5.0	
1595.45	1487.66	5.0	
1596.93	1488.98	5.0	
1597.06	1489.18	5.0	
1597.39	1489.56	5.0	
1597.69	1489.86	5.0	
1598.19	1490.34	5.0	
1598.58	1490.8	5.0	
1598.98	1491.16	5.0	
1600.06	1492.5	5.0	
1601.04	1493.52	5.0	
1601.21	1493.96	5.0	
1601.62	1494.24	5.0	
1601.83	1494.58	5.0	
1602.41	1495.26	5.0	
1602.77	1495.48	5.0	
1603.08	1495.92	5.0	
1604.15	1496.82	5.0	
1604.43	1497.24	5.0	
1604.92	1497.68	5.0	
1605.71	1498.5	5.0	
1606.16	1498.98	5.0	
1606.35	1499.2	5.0	
1606.6	1499.46	5.0	
1606.92	1499.86	5.0	
1607.51	1500.36	5.0	
1607.85	1500.74	5.0	
1608.32	1501.36	5.0	
1609.16	1502.46	5.0	
1609.41	1502.6	5.0	
1609.8	1503.02	5.0	
1611.15	1504.52	5.0	
1612.16	1505.62	5.0	
1612.5	1505.98	5.0	
1612.71	1506.26	5.0	
1614.44	1508.36	5.0	
1614.81	1508.74	5.0	
1615.24	1509.2	5.0	
1615.57	1509.52	5.0	
1615.97	1510.1	5.0	
1616.32	1510.6	5.0	
1616.49	1510.76	5.0	
1616.63	1510.9	5.0	
1616.83	1511.14	5.0	
1617.21	1511.52	5.0	
1617.99	1512.52	5.0	
1618.17	1512.74	5.0	
1618.39	1513.06	5.0	
1619.09	1513.84	5.0	
1619.39	1514.2	5.0	
1619.63	1514.5	5.0	
1619.99	1515.0	5.0	
1620.22	1515.28	5.0	
1621.12	1516.36	5.0	
1621.4	1516.82	5.0	
1621.77	1517.16	5.0	
1623.18	1518.84	5.0	
1624.26	1520.32	5.0	
1624.53	1520.66	5.0	
1624.93	1521.16	5.0	
1625.35	1521.62	5.0	
1625.49	1521.72	5.0	
1626.8	1523.3	5.0	
1627.13	1523.58	5.0	
1627.39	1524.0	5.0	
1627.86	1524.62	5.0	
1628.62	1525.74	5.0	
1629.03	1526.38	5.0	
1631.19	1528.86	5.0	
1631.52	1529.2	5.0	
1632.92	1530.92	5.0	
1634.22	1532.44	5.0	
1634.37	1532.74	5.0	
1634.65	1533.08	5.0	
1635.08	1533.6	5.0	
1635.33	1533.88	5.0	
1636.27	1535.12	5.0	
1639.09	1538.6	5.0	
1639.24	1538.74	5.0	
1639.85	1539.58	5.0	
1640.79	1540.78	5.0	
1642.02	1542.38	5.0	
1644.79	1545.96	5.0	
1645.3	1546.52	5.0	
1647.58	1549.32	5.0	
1648.1	1550.16	5.0	
1649.11	1551.48	5.0	
1649.5	1552.16	5.0	
1650.33	1553.12	5.0	
1650.98	1553.8	5.0	
1651.57	1554.62	5.0	
1652.24	1555.44	5.0	
1654.72	1558.5	5.0	
1655.03	1558.9	5.0	
1655.58	1559.54	5.0	
1656.26	1560.4	5.0	
1657.99	1562.6	5.0	
1658.31	1562.98	5.0	
1659.21	1564.06	5.0	
1659.68	1564.68	5.0	
1660.0	1565.06	5.0	
1660.59	1565.82	5.0	
1661.53	1566.92	5.0	
1661.8	1567.18	5.0	
1665.7	1572.2	5.0	
1666.09	1572.64	5.0	
1666.25	1572.86	5.0	
1667.69	1574.7	5.0	
1670.3	1577.96	5.0	
1672.05	1580.28	5.0	
1672.5	1580.76	5.0	
1672.71	1581.1	5.0	
1675.6	1584.8	5.0	
1675.98	1585.36	5.0	
1677.47	1587.14	5.0	
1678.22	1588.12	5.0	
1679.42	1589.62	5.0	
1679.65	1589.96	5.0	
1680.6	1591.14	5.0	
1681.75	1592.58	5.0	
1684.32	1595.8	5.0	
1685.57	1597.32	5.0	
1686.84	1598.86	5.0	
1687.0	1598.98	5.0	
1687.7	1599.94	5.0	
1688.43	1600.94	5.0	
1689.29	1602.06	5.0	
1689.97	1602.84	5.0	
1690.54	1603.6	5.0	
1690.95	1604.1	5.0	
1692.11	1605.58	5.0	
1693.4	1607.18	5.0	
1695.25	1609.44	5.0	
1695.48	1609.88	5.0	
1695.73	1610.12	5.0	
1697.69	1612.4	5.0	
1699.64	1614.72	5.0	
1700.21	1615.4	5.0	
1700.37	1615.64	5.0	
1700.78	1616.16	5.0	
1700.92	1616.38	5.0	
1701.2	1616.78	5.0	
1701.52	1617.12	5.0	
1704.23	1620.56	5.0	
1705.29	1621.96	5.0	
1707.1	1624.3	5.0	
1708.07	1625.52	5.0	
1708.92	1626.46	5.0	
1712.09	1630.56	5.0	
1712.51	1631.14	5.0	
1712.91	1631.62	5.0	
1713.27	1631.98	5.0	
1715.47	1634.76	5.0	
1716.22	1635.66	5.0	
1717.31	1637.08	5.0	
1717.78	1637.7	5.0	
1718.87	1639.12	5.0	
1719.39	1639.66	5.0	
1719.82	1640.24	5.0	
1720.46	1641.0	5.0	
1722.39	1643.36	5.0	
1727.1	1649.2	5.0	
1730.08	1652.76	5.0	
1730.59	1653.42	5.0	
1731.14	1654.1	5.0	
1732.08	1655.24	5.0	
1733.8	1657.3	5.0	
1735.04	1658.88	5.0	
1736.29	1660.64	5.0	
1737.83	1662.46	5.0	
1738.11	1662.84	5.0	
1738.77	1663.58	5.0	
1741.35	1667.14	5.0	
1748.13	1675.98	5.0	
1749.69	1678.02	5.0	
1750.28	1678.88	5.0	
1750.61	1679.34	5.0	
1751.05	1679.88	5.0	
1751.51	1680.6	5.0	
1752.47	1681.9	5.0	
1752.65	1682.16	5.0	
1752.85	1682.52	5.0	
1753.93	1683.94	5.0	
1754.73	1685.04	5.0	
1755.07	1685.42	5.0	
1756.01	1686.8	5.0	
1756.3	1687.28	5.0	
1756.93	1688.14	5.0	
1757.49	1688.86	5.0	
1757.63	1689.14	5.0	
1758.56	1690.34	5.0	
1758.88	1690.84	5.0	
1759.75	1691.96	5.0	
1759.94	1692.54	5.0	
1763.14	1696.66	5.0	
1763.42	1697.0	5.0	
1765.32	1699.56	5.0	
1765.84	1700.18	5.0	
1766.11	1700.52	5.0	
1766.61	1701.16	5.0	
1767.62	1702.58	5.0	
1768.91	1704.3	5.0	
1769.22	1704.64	5.0	
1769.91	1705.48	5.0	
1771.41	1707.36	5.0	
1772.29	1708.48	5.0	
1772.66	1708.9	5.0	
1772.79	1709.12	5.0	
1774.37	1711.06	5.0	
1774.99	1711.82	5.0	
1775.57	1712.68	5.0	
1779.0	1716.84	5.0	
1780.13	1718.22	5.0	
1781.31	1719.7	5.0	
1782.13	1720.74	5.0	
1782.67	1721.14	5.0	
1783.38	1722.18	5.0	
1784.81	1723.86	5.0	
1785.1	1724.28	5.0	
1785.73	1724.96	5.0	
1786.3	1725.58	5.0	
1786.56	1725.86	5.0	
1787.33	1726.84	5.0	
1787.56	1727.02	5.0	
1788.9	1728.74	5.0	
1789.55	1729.6	5.0	
1790.43	1730.64	5.0	
1791.37	1731.76	5.0	
1791.97	1732.54	5.0	
1792.25	1732.96	5.0	
1793.78	1734.62	5.0	
1794.09	1734.94	5.0	
1794.62	1735.52	5.0	
1794.94	1735.94	5.0	
1795.55	1736.54	5.0	
1796.68	1737.96	5.0	
1796.83	1738.2	5.0	
1797.08	1738.46	5.0	
1797.51	1738.94	5.0	
1798.71	1740.36	5.0	
1799.13	1740.94	5.0	
1799.47	1741.26	5.0	
1800.37	1742.04	5.0	
1800.63	1742.18	5.0	
1800.85	1742.4	5.0	
1803.35	1745.06	5.0	
1803.63	1745.26	5.0	
1804.07	1745.88	5.0	
1804.34	1746.34	5.0	
1805.27	1747.7	5.0	
1805.57	1748.06	5.0	
1805.97	1748.48	5.0	
1807.49	1750.42	5.0	
1808.58	1751.64	5.0	
1810.48	1753.52	5.0	
1811.12	1754.34	5.0	
1811.92	1755.24	5.0	
1812.4	1755.72	5.0	
1812.85	1756.14	5.0	
1813.48	1756.88	5.0	
1813.89	1757.28	5.0	
1814.1	1757.48	5.0	
1815.48	1759.04	5.0	
1816.06	1759.72	5.0	
1816.53	1760.32	5.0	
1816.8	1760.52	5.0	
1817.45	1761.22	5.0	
1818.3	1762.12	5.0	
1823.12	1767.38	5.0	
1824.54	1768.96	5.0	
1824.82	1769.3	5.0	
1828.07	1772.88	5.0	
1829.11	1774.02	5.0	
1829.34	1774.36	5.0	
1832.05	1777.38	5.0	
1833.74	1779.28	5.0	
1834.74	1780.4	5.0	
1834.93	1780.6	5.0	
1835.82	1781.58	5.0	
1836.8	1782.6	5.0	
1837.02	1782.82	5.0	
1837.99	1783.88	5.0	
1840.42	1786.52	5.0	
1862.96	1810.34	5.0	
1865.7	1812.86	5.0	
1866.07	1813.32	5.0	
1873.81	1821.66	5.0	
1877.37	1825.08	5.0	
1884.7	1832.94	5.0	
1886.23	1834.5	5.0	
1886.55	1834.88	5.0	
1889.47	1837.76	5.0	
1894.32	1842.82	5.0	
1896.1	1844.64	5.0	
1897.66	1846.26	5.0	
1898.43	1846.84	5.0	
1899.37	1847.66	5.0	
1920.92	1870.02	5.0	
1928.69	1878.06	5.0	
1931.53	1881.24	5.0	
1933.02	1882.8	5.0	
1934.63	1884.4	5.0	
1941.19	1891.74	5.0	
1942.08	1892.68	5.0	
1943.51	1894.22	5.0	
1944.27	1895.02	5.0	
1944.43	1895.24	5.0	
1944.79	1895.62	5.0	
1946.74	1897.72	5.0	
1947.13	1898.26	5.0	
1949.93	1901.12	5.0	
1953.18	1904.56	5.0	
1954.14	1905.68	5.0	
1954.82	1906.4	5.0	
1955.23	1906.76	5.0	
1955.59	1907.16	5.0	
1963.6	1915.86	5.0	
1966.07	1918.58	5.0	
1967.92	1920.4	5.0	
1968.89	1921.44	5.0	
1969.56	1922.12	5.0	
1971.73	1924.44	5.0	
1973.42	1926.2	5.0	
1974.08	1926.94	5.0	
1974.59	1927.4	5.0	
1974.86	1927.78	5.0	
1976.14	1929.07	5.0	
1976.89	1930.03	5.0	
1977.85	1930.85	5.0	
1978.11	1931.26	5.0	
1978.65	1931.82	5.0	
1979.0	1932.18	5.0	
1979.25	1932.5	5.0	
1979.6	1932.84	5.0	
1980.14	1933.41	5.0	
1980.42	1933.73	5.0	
1981.06	1934.52	5.0	
1981.17	1934.62	5.0	
1981.62	1934.96	5.0	
1981.9	1935.34	5.0	
1982.28	1935.72	5.0	
1982.72	1936.18	5.0	
1984.71	1938.22	5.0	
1984.87	1938.42	5.0	
1985.19	1938.82	5.0	
1985.56	1939.16	5.0	
1985.93	1939.5	5.0	
1987.25	1940.82	5.0	
1988.62	1942.24	5.0	
1989.07	1942.68	5.0	
1989.35	1943.0	5.0	
1989.93	1943.52	5.0	
1990.88	1944.5	5.0	
1992.31	1945.94	5.0	
1993.28	1946.88	5.0	
1995.57	1949.42	5.0	
1996.49	1950.4	5.0	
1996.76	1950.64	5.0	
1998.1	1951.98	5.0	
1998.99	1952.76	5.0	
1999.96	1953.78	5.0	
2001.66	1955.54	5.0	
2004.44	1958.38	5.0	
2004.76	1958.62	5.0	
2005.38	1959.23	5.0	
2005.73	1959.56	5.0	
2007.31	1961.1	5.0	
2007.5	1961.28	5.0	
2009.41	1963.02	5.0	
2012.86	1966.74	5.0	
2013.92	1968.06	5.0	
2015.82	1969.72	5.0	
2019.73	1973.46	5.0	
2020.17	1973.98	5.0	
2021.5	1975.62	5.0	
2021.82	1975.94	5.0	
2022.31	1976.44	5.0	
2022.52	1976.78	5.0	
2023.18	1977.46	5.0	
2023.78	1978.16	5.0	
2024.3	1978.64	5.0	
2026.43	1980.88	5.0	
2026.73	1981.34	5.0	
2029.32	1984.28	5.0	
2030.63	1985.82	5.0	
2031.57	1987.0	5.0	
2033.87	1989.56	5.0	
2061.82	2018.5	5.0	
2062.46	2019.4	5.0	
2062.77	2019.74	5.0	
2063.27	2020.18	5.0	
2063.8	2020.98	5.0	
2064.42	2021.62	5.0	
2065.15	2022.56	5.0	
2065.43	2022.76	5.0	
2065.8	2023.3	5.0	
2066.42	2023.94	5.0	
2066.96	2024.34	5.0	
2067.84	2025.38	5.0	
2068.3	2025.94	5.0	
2068.51	2026.0	5.0	
2068.68	2026.22	5.0	
2068.88	2026.38	5.0	
2069.1	2026.6	5.0	
2069.43	2027.06	5.0	
2069.73	2027.38	5.0	
2070.06	2027.62	5.0	
2070.93	2028.62	5.0	
2071.26	2029.1	5.0	
2071.78	2029.52	5.0	
2073.17	2031.02	5.0	
2075.05	2033.21	5.0	
2075.43	2033.56	5.0	
2077.53	2035.76	5.0	
2077.86	2036.2	5.0	
2078.66	2037.28	5.0	
2079.25	2037.9	5.0	
2081.37	2040.2	5.0	
2082.55	2041.5	5.0	
2083.34	2042.36	5.0	
2083.65	2042.78	5.0	
2084.24	2043.5	5.0	
2084.82	2043.98	5.0	
2084.97	2044.16	5.0	
2085.44	2044.8	5.0	
2086.14	2045.44	5.0	
2087.97	2047.52	5.0	
2089.28	2048.96	5.0	
2089.66	2049.16	5.0	
2090.69	2050.54	5.0	
2091.65	2051.88	5.0	
2091.9	2052.3	5.0	
2096.08	2057.62	5.0	
2096.36	2057.96	5.0	
2097.42	2059.6	5.0	
2098.04	2060.28	5.0	
2098.26	2060.58	5.0	
2098.89	2061.26	5.0	
2099.81	2062.5	5.0	
2101.0	2063.66	5.0	
2101.46	2064.36	5.0	
2104.63	2067.66	5.0	
2105.17	2068.3	5.0	
2105.33	2068.46	5.0	
2106.4	2069.56	5.0	
2113.01	2077.3	5.0	
2113.82	2078.28	5.0	
2116.09	2080.94	5.0	
2116.43	2081.34	5.0	
2121.09	2086.8	5.0	
2125.06	2091.8	5.0	
2126.47	2093.46	5.0	
2127.3	2094.58	5.0	
2129.42	2097.04	5.0	
2129.78	2097.4	5.0	
2130.7	2098.62	5.0	
2130.94	2098.9	5.0	
2131.45	2099.56	5.0	
2132.29	2100.6	5.0	
2132.57	2101.02	5.0	
2133.28	2101.8	5.0	
2134.75	2103.66	5.0	
2135.23	2104.16	5.0	
2135.88	2104.72	5.0	
2136.16	2105.2	5.0	
2138.49	2108.06	5.0	
2138.87	2108.36	5.0	
2139.13	2108.66	5.0	
2141.9	2112.02	5.0	
2142.17	2112.48	5.0	
2142.56	2112.98	5.0	
2142.82	2113.38	5.0	
2143.22	2113.8	5.0	
2145.66	2116.98	5.0	
2146.01	2117.32	5.0	
2146.26	2117.74	5.0	
2147.45	2119.28	5.0	
2148.52	2120.74	5.0	
2148.8	2121.06	5.0	
2149.31	2121.76	5.0	
2149.96	2122.56	5.0	
2151.21	2124.42	5.0	
2152.11	2125.62	5.0	
2153.15	2126.92	5.0	
2153.51	2127.42	5.0	
2153.75	2127.88	5.0	
2156.97	2132.3	5.0	
2157.4	2133.08	5.0	
2157.8	2133.52	5.0	
2159.0	2135.26	5.0	
2160.41	2137.24	5.0	
2160.85	2137.8	5.0	
2178.26	2161.98	5.0	
2179.03	2163.18	5.0	
2179.33	2163.64	5.0	
2180.0	2164.54	5.0	
2184.12	2170.34	5.0	
