NEEM-NG2_NG2
14.1
17.61
25.15
28.46
32.95
34.529
35.48
47.853
49.04
51.3
52.66
54.66
55.33
56.272
58.02
58.219
58.7
60.31
62.81
64.73
66.22
71.254
73.942
77.392
81.04
84.31
88.43
89.46
90.18
90.294
92.86
93.595
95.526
97.06
98.722
100.48
103.91
108.908
109.606
114.35
116.91
121.07
124.28
125.61
125.8
129.56
133.37
136.72
138.94
141.57
142.9
145.04
145.3
146.1
146.58
146.86
148.51
152.74
156.27
156.55
157.0
157.79
158.55
161.73
163.45
165.11
166.78
170.4
170.61
175.79
177.74
180.47
185.31
185.71
185.86
189.12
189.994
193.644
195.25
201.5
203.3
203.62
204.83
205.01
206.93
209.13
210.2
211.23
212.57
212.74
213.02
216.07
216.82
217.35
218.591
219.82
221.82
223.491
226.4
226.59
227.09
231.09
233.1
233.6
240.8
244.65
247.14
249.259
251.27
253.51
254.576
255.18
260.45
265.48
268.1
273.28
274.1
275.03
283.05
284.4
286.08
287.42
287.59
289.2
291.0
293.5
303.05
303.65
305.72
309.13
310.116
310.33
313.0
316.06
318.374
320.2
320.7
329.01
332.491
333.21
333.9
337.6
337.75
340.55
343.6
346.75
349.9
353.98
355.5
355.6
360.072
366.37
367.92
370.93
375.3
377.325
379.12
387.83
388.96
390.35
390.75
398.28
402.57
405.189
406.92
409.137
411.12
415.289
418.6
423.1
424.83
427.7
435.47
435.9
437.94
441.16
444.85
447.4
448.1
450.8
451.47
451.74
452.97
454.15
459.35
463.6
464.593
466.76
470.8
471.71
472.8
474.94
475.1
475.36
476.4
480.4
481.3
481.9
484.44
485.63
485.82
486.425
488.25
488.58
490.52
493.07
495.9
497.03
505.27
506.11
509.64
512.67
513.22
517.33
517.64
518.39
526.64
529.77
530.24
531.46
533.33
535.27
536.96
537.49
543.73
544.86
550.86
555.15
556.51
560.52
561.61
562.6
563.78
569.05
570.68
571.66
572.13
572.95
573.37
573.86
577.16
578.92
579.16
581.1
581.26
581.55
582.53
585.19
588.53
590.1
593.7
595.07
595.28
596.24
596.7
597.04
600.32
602.56
604.64
607.38
609.29
610.0
613.42
615.46
616.51
617.36
618.33
623.99
626.2
627.6
628.18
628.61
630.83
633.79
634.54
635.07
640.93
641.64
643.97
644.67
645.15
647.38
648.83
655.01
655.88
661.03
666.38
670.28
1346.554
1346.721
1347.749
1347.994
1351.282
1352.299
1354.103
1354.487
1362.883
1363.565
1368.477
1368.954
1369.132
1369.412
1369.7415
1369.952
1370.217
1370.96
1371.575
1371.937
1372.116
1372.423
1373.56
1374.083
1375.505
1375.697
1375.911
1376.067
1376.596
1377.716
1378.673
1380.089
1382.169
1383.745
1384.089
1384.47
1386.381
1387.608
1388.204
1388.752
1389.117
1390.359
1391.35
1391.684
1392.142
1393.308
1398.34
1398.997
1399.381
1400.061
1401.741
1403.032
1403.566
1403.984
1404.568
1406.207
1406.913
1407.459
1407.928
1408.707
1409.827
1410.629
1412.394
1413.631
1414.194
1416.057
1418.066
1419.0725
1420.887
1421.368
1421.944
1422.211
1424.23
1426.179
1426.709
1427.014
1428.505
1428.858
1429.597
1430.512
1430.838
1431.036
1431.246
1431.822
1432.343
1434.182
1436.014
1439.003
1440.636
1441.851
1442.793
1443.101
1445.084
1445.777
1445.956
1446.407
1447.44
1448.176
1448.677
1454.7
1456.841
1457.679
1458.222
1458.6835
1459.005
1459.204
1460.764
1464.185
1464.891
1465.129
1465.769
1466.259
1467.346
1468.02
1468.541
1469.139
1469.805
1470.635
1471.273
1472.095
1472.392
1473.84
1474.504
1475.446
1476.285
1477.834
1478.0
1479.211
1479.488
1479.705
1481.296
1481.539
1481.85
1482.504
1483.445
1484.051
1484.78
1485.0825
1485.262
1485.495
1485.705
1487.396
1487.892
1488.447
1489.028
1489.409
1490.94
1491.296
1492.643
1493.065
1500.52
1500.721
1501.841
1502.761
1504.023
1506.12
1507.008
1508.0495
1511.357
1512.102
1512.705
1516.297
1517.969
1522.213
1524.773
1525.847
1527.323
1529.03
1530.508
1531.792
1532.189
1532.816
1533.544
1537.313
1538.363
1539.717
1541.154
1541.625
1541.955
1550.168
1552.091
1554.239
1555.516
1555.783
1556.59
1557.261
1559.24
1560.136
1560.714
1562.121
1563.096
1564.501
1566.425
1567.57
1568.249
1569.528
1571.393
1573.438
1574.785
1575.297
1576.651
1577.647
1578.605
1579.969
1580.69
1581.479
1582.652
1583.041
1584.489
1587.417
1588.081
1588.892
1589.638
1590.658
1592.204
1594.596
1595.0765
1595.798
1596.273
1598.815
1599.063
1599.687
1601.546
1602.033
1602.949
1604.986
1605.737
1606.5435
1607.468
1609.441
1611.968
1619.54
1628.213
1631.627
1642.6545
1667.92
1673.21
1679.65
1684.3
1692.28
1706.1
1710.06
1728.59
1770.805
1774.15
1786.981
1787.466
1788.084
1788.409
1795.558
1800.992
1814.63
1814.9245
1815.192
1815.437
1827.205
1831.573
1837.38
1840.25
1855.714
1866.908
1869.52
1872.22
1880.0
1882.025
1888.683
1889.844
1895.235
1903.45
1908.6
1910.98
1929.875
1931.08
1939.5285
1939.945
1944.395
1948.711
1949.584
1950.5
1962.25
1967.645
1969.577
1970.419
1972.558
1973.12
1983.528
1989.8885
1992.607
1993.975
1995.425
1998.11
1998.835
2000.2055
2000.712
2002.89
2005.784
2006.239
2010.98
2018.48
2022.25
2032.324
2038.06
2038.376
2040.386
2041.243
2042.284
2042.704
2044.153
2045.01
2047.323
2049.448
2052.894
2054.1625
2055.314
2056.01
2058.24
2061.956
2063.642
2067.37
2070.24
2071.4
2072.476
2079.0
2082.16
2089.08
2094.1145
2094.894
2097.365
2100.0255
2111.571
2113.674
2115.374
2116.17
2118.661
2119.858
2121.8595
2126.363
2132.213
2133.26
2135.12
2136.941
2142.3635
2146.724
2151.7945
2156.5355
2161.98
2171.415
2172.429
2173.8785
2175.16
2177.7
2177.982
2180.453
2182.77
2189.196
2191.9795
2194.988
2197.207
2197.75
2199.2045
2201.5555
2202.256
2204.1395
2206.0
2207.147
2214.487
2217.6405
2219.084
2220.209
2224.0
2227.22
2230.18
2237.22
2241.74
2250.455
2252.8735
2255.353
2257.55
2276.788
2277.6435
2286.528
2289.3865
2293.718
2296.33
2298.041
2302.7485
2307.5955
2315.335
2318.833
2326.083
2329.061
2330.66
2333.373
2334.111
2337.93
2339.878
2344.597
2355.312
2357.412
2359.45
2362.28
2366.623
2367.521
2373.41
2378.13
2384.4
2385.227
2395.8335
2398.328
2400.6795
2407.737
2415.95
2418.556
2421.724
2422.824
2430.41
2445.9
2451.86
2458.75
2461.16
2463.4
2464.031
2475.109
2481.763
2485.19
2487.42
2495.15
2498.29
2498.592
2505.21
2506.503
2507.437
2510.06
2511.05
2525.113
2528.004
2536.117
2540.94
2541.71
2547.221
2548.01
2551.4415
2553.103
2554.029
2558.388
2562.014
2564.7
2564.871
2571.598
2572.63
2578.98
2587.6
2592.5
2593.98
2595.62
2598.24
2598.808
2603.179
2605.906
2608.471
2612.53
2619.1585
2622.218
2625.854
2629.068
2633.48
2635.289
2638.594
2641.575
2645.8
2648.218
2650.667
2653.85
2655.95
2656.952
2660.2545
2662.115
2663.8325
2666.295
2677.331
2680.365
2683.214
2685.504
2686.68
2690.066
2691.24
2694.78
2712.52
2721.21
2723.121
2725.866
2729.272
2730.468
2733.4915
2736.282
2740.698
2742.472
2744.16
2745.382
2746.62
2756.682
2756.92
2768.37
2789.144
2803.91
2806.74
2797.893
2811.08
2804.659
2834.66
2863.2
2864.73
2870.35
2887.53
2890.901
2897.2
2898.54
2899.95
2905.6
2907.451
2909.74
2919.653
2922.03
2923.066
2933.806
2934.098
2934.419
2929.68
2936.164
2936.44
2937.014
2946.48
2949.88
