0	1	0.00
1	1	0.01
2	1	0.01
3	1	0.01
4	1	0.01
5	1	0.01
6	1	0.01
7	1	0.01
8	1	0.01
9	1	0.01
10	1	0.01
11	1	0.01
12	1	0.01
17	0.9996	0.01
18	0.999	0.01
19	0.9985	0.01
20	0.9979	0.01
21	0.9973	0.01
22	0.9967	0.01
23	0.996	0.01
24	0.9953	0.01
25	0.9946	0.01
26	0.9939	0.01
27	0.9932	0.01
28	0.9924	0.01
29	0.9917	0.01
30	0.9909	0.01
31	0.9901	0.01
32	0.9893	0.01
33	0.9885	0.01
34	0.9877	0.01
35	0.9869	0.01
36	0.9861	0.01
37	0.9853	0.01
38	0.9845	0.01
39	0.9836	0.01
40	0.9828	0.01
41	0.982	0.01
42	0.9812	0.01
43	0.9805	0.01
44	0.9797	0.01
45	0.979	0.01
46	0.9783	0.01
47	0.9776	0.01
48	0.9769	0.01
49	0.9763	0.01
50	0.9756	0.01
51	0.975	0.01
52	0.9743	0.01
53	0.9737	0.01
54	0.9731	0.01
55	0.9725	0.01
56	0.9719	0.01
57	0.9713	0.01
58	0.9708	0.01
59	0.9702	0.01
60	0.9697	0.01
61	0.9692	0.01
62	0.9687	0.01
63	0.9682	0.01
64	0.9678	0.01
65	0.9673	0.01
66	0.9668	0.01
67	0.9664	0.01
68	0.9659	0.01
69	0.9654	0.01
70	0.9649	0.01
71	0.9645	0.05
72	0.964	0.05
73	0.9636	0.05
74	0.9632	0.05
75	0.9628	0.05
76	0.9624	0.05
77	0.962	0.05
78	0.9615	0.05
79	0.961	0.05
80	0.9604	0.05
81	0.9598	0.05
82	0.9592	0.05
83	0.9585	0.05
84	0.9578	0.05
85	0.9571	0.05
86	0.9563	0.05
87	0.9557	0.05
88	0.955	0.05
89	0.9544	0.05
90	0.9537	0.05
91	0.9531	0.05
92	0.9525	0.05
93	0.9518	0.05
94	0.9512	0.05
95	0.9504	0.05
96	0.9495	0.05
97	0.9487	0.05
98	0.9478	0.05
99	0.9469	0.05
100	0.946	0.05
101	0.9451	0.05
102	0.9441	0.05
103	0.9432	0.05
104	0.9424	0.05
105	0.9417	0.05
106	0.941	0.05
107	0.9403	0.05
108	0.9396	0.05
109	0.9388	0.05
110	0.9381	0.05
111	0.9374	0.05
112	0.9366	0.05
113	0.9359	0.05
114	0.9351	0.05
115	0.9343	0.05
116	0.9336	0.05
117	0.9329	0.05
118	0.9323	0.05
119	0.9318	0.05
120	0.9312	0.05
121	0.9306	0.05
122	0.93	0.05
123	0.9293	0.05
124	0.9287	0.05
125	0.9278	0.05
126	0.9269	0.05
127	0.9259	0.05
128	0.9249	0.05
129	0.924	0.05
130	0.923	0.05
131	0.922	0.05
132	0.921	0.05
133	0.9201	0.05
134	0.9192	0.05
135	0.9183	0.05
136	0.9172	0.05
137	0.9162	0.05
138	0.9151	0.05
139	0.9139	0.05
140	0.9127	0.05
141	0.9114	0.05
142	0.9101	0.05
143	0.9088	0.05
144	0.9074	0.05
145	0.906	0.05
146	0.9046	0.05
147	0.9032	0.05
148	0.9018	0.05
149	0.9003	0.05
150	0.8989	0.05
151	0.8974	0.05
152	0.896	0.05
153	0.8945	0.05
154	0.8931	0.05
155	0.8917	0.05
156	0.8903	0.05
157	0.8889	0.05
158	0.8875	0.05
159	0.8861	0.05
160	0.8846	0.05
161	0.8831	0.05
162	0.8816	0.05
163	0.8801	0.05
164	0.8786	0.05
165	0.8772	0.05
166	0.8757	0.05
167	0.8743	0.05
168	0.873	0.05
169	0.8717	0.05
170	0.8705	0.05
171	0.8693	0.05
172	0.8682	0.05
173	0.8672	0.05
174	0.8661	0.05
175	0.8652	0.05
176	0.8642	0.05
177	0.8633	0.05
178	0.8624	0.05
179	0.8615	0.05
180	0.8606	0.05
181	0.8598	0.05
182	0.8591	0.05
183	0.8584	0.05
184	0.8578	0.05
185	0.8573	0.05
186	0.8568	0.05
187	0.8564	0.05
188	0.8559	0.05
189	0.8554	0.05
190	0.855	0.05
191	0.8546	0.05
192	0.8543	0.05
193	0.8539	0.05
194	0.8535	0.05
195	0.8531	0.05
196	0.8527	0.05
197	0.8521	0.05
198	0.8516	0.05
199	0.851	0.05
200	0.8504	0.05
201	0.8499	0.05
202	0.8494	0.05
203	0.8488	0.05
204	0.8484	0.05
205	0.8479	0.05
206	0.8475	0.05
207	0.847	0.05
208	0.8465	0.05
209	0.846	0.05
210	0.8454	0.05
211	0.8449	0.05
212	0.8443	0.05
213	0.8438	0.05
214	0.8432	0.05
215	0.8426	0.05
216	0.8421	0.05
217	0.8415	0.05
218	0.8409	0.05
219	0.8402	0.05
220	0.8396	0.05
221	0.8389	0.05
222	0.8382	0.05
223	0.8375	0.05
224	0.8367	0.05
225	0.836	0.05
226	0.8352	0.05
227	0.8343	0.05
228	0.8335	0.05
229	0.8326	0.05
230	0.8318	0.05
231	0.8309	0.05
232	0.83	0.05
233	0.8292	0.05
234	0.8283	0.05
235	0.8274	0.05
236	0.8266	0.05
237	0.8257	0.05
238	0.8249	0.05
239	0.824	0.05
240	0.8232	0.05
241	0.8223	0.05
242	0.8215	0.05
243	0.8208	0.05
244	0.82	0.05
245	0.8193	0.05
246	0.8186	0.05
247	0.818	0.05
248	0.8174	0.05
249	0.8168	0.05
250	0.8162	0.05
251	0.8156	0.05
252	0.8151	0.05
253	0.8145	0.05
254	0.8139	0.05
255	0.8134	0.05
256	0.8128	0.05
257	0.8123	0.05
258	0.8117	0.05
259	0.8111	0.05
260	0.8105	0.05
261	0.8099	0.05
262	0.8093	0.05
263	0.8086	0.05
264	0.8079	0.05
265	0.8072	0.05
266	0.8064	0.05
267	0.8056	0.05
268	0.8049	0.05
269	0.8041	0.05
270	0.8034	0.05
271	0.8027	0.05
272	0.802	0.05
273	0.8013	0.05
274	0.8006	0.05
275	0.7999	0.05
276	0.7993	0.05
277	0.7986	0.05
278	0.798	0.05
279	0.7974	0.05
280	0.7967	0.05
281	0.796	0.05
282	0.7953	0.05
283	0.7946	0.05
284	0.7939	0.05
285	0.7932	0.05
286	0.7924	0.05
287	0.7916	0.05
288	0.7908	0.05
289	0.7899	0.05
290	0.789	0.05
291	0.7881	0.05
292	0.7871	0.05
293	0.786	0.05
294	0.7849	0.05
295	0.7837	0.05
296	0.7824	0.05
297	0.781	0.05
298	0.7795	0.05
299	0.778	0.05
300	0.7765	0.05
301	0.775	0.05
302	0.7735	0.05
303	0.7719	0.05
304	0.7703	0.05
305	0.7688	0.05
306	0.7672	0.05
307	0.7657	0.05
308	0.7643	0.05
309	0.7628	0.05
310	0.7614	0.05
311	0.76	0.05
312	0.7586	0.05
313	0.7574	0.05
314	0.7563	0.05
315	0.7553	0.05
316	0.7544	0.05
317	0.7537	0.05
318	0.753	0.05
319	0.7522	0.05
320	0.7514	0.05
321	0.7505	0.05
322	0.7495	0.05
323	0.7485	0.05
324	0.7474	0.05
325	0.7463	0.05
326	0.7452	0.05
327	0.744	0.05
328	0.7427	0.05
329	0.7415	0.05
330	0.7402	0.05
331	0.7388	0.05
332	0.7374	0.05
333	0.7361	0.05
334	0.7347	0.05
335	0.7333	0.05
336	0.7319	0.05
337	0.7305	0.05
338	0.7292	0.05
339	0.728	0.05
340	0.7269	0.05
341	0.726	0.05
342	0.7252	0.05
343	0.7245	0.05
344	0.7238	0.05
345	0.723	0.05
346	0.7221	0.05
347	0.7212	0.05
348	0.7203	0.05
349	0.7195	0.05
350	0.7186	0.05
351	0.7176	0.05
352	0.7167	0.05
353	0.7159	0.05
354	0.7152	0.05
355	0.7146	0.05
356	0.7141	0.05
357	0.7137	0.05
358	0.7133	0.05
359	0.713	0.05
360	0.7127	0.05
361	0.7124	0.05
362	0.7121	0.05
363	0.7118	0.05
364	0.7115	0.05
365	0.7112	0.05
366	0.7108	0.05
367	0.7105	0.05
368	0.71	0.05
369	0.7095	0.05
370	0.7092	0.05
371	0.7089	0.05
372	0.7086	0.05
373	0.7083	0.05
374	0.7082	0.05
375	0.7081	0.05
376	0.708	0.05
377	0.7079	0.05
378	0.7078	0.05
379	0.7078	0.05
380	0.7077	0.05
381	0.7076	0.05
382	0.7075	0.05
383	0.7074	0.05
384	0.7073	0.05
385	0.7072	0.05
386	0.7071	0.05
387	0.7069	0.05
388	0.7066	0.05
389	0.7064	0.05
390	0.7061	0.05
391	0.7057	0.05
392	0.7054	0.05
393	0.705	0.05
394	0.7046	0.05
395	0.7041	0.05
396	0.7037	0.05
397	0.7032	0.05
398	0.7027	0.05
399	0.7021	0.05
400	0.7016	0.05
401	0.701	0.05
402	0.7003	0.05
403	0.6997	0.05
404	0.699	0.05
405	0.6983	0.05
406	0.6976	0.05
407	0.6969	0.05
408	0.6962	0.05
409	0.6956	0.05
410	0.6949	0.05
411	0.6942	0.05
412	0.6935	0.05
413	0.6928	0.05
414	0.6922	0.05
415	0.6915	0.05
416	0.6909	0.05
417	0.6903	0.05
418	0.6898	0.05
419	0.6892	0.05
420	0.6881	0.05
421	0.687	0.05
422	0.686	0.05
423	0.6849	0.05
424	0.6839	0.05
425	0.683	0.05
426	0.682	0.05
427	0.6811	0.05
428	0.6803	0.05
429	0.6794	0.05
430	0.6786	0.05
431	0.6779	0.05
432	0.6771	0.05
433	0.6764	0.05
434	0.6757	0.05
435	0.6751	0.05
436	0.6745	0.05
437	0.6739	0.05
438	0.6733	0.05
439	0.6728	0.05
440	0.6723	0.05
441	0.6719	0.05
442	0.6714	0.05
443	0.671	0.05
444	0.6706	0.05
445	0.6702	0.05
446	0.6699	0.05
447	0.6696	0.05
448	0.6693	0.05
449	0.6691	0.05
450	0.6689	0.05
451	0.6687	0.05
452	0.6684	0.05
453	0.6682	0.05
454	0.6681	0.05
455	0.6679	0.05
456	0.6678	0.05
457	0.6677	0.05
458	0.6676	0.05
459	0.6675	0.05
460	0.6673	0.05
461	0.6671	0.05
462	0.6669	0.05
463	0.6665	0.05
464	0.6662	0.05
465	0.6658	0.05
466	0.6654	0.05
467	0.6649	0.05
468	0.6645	0.05
469	0.6641	0.05
470	0.6639	0.05
471	0.6638	0.05
472	0.6635	0.05
473	0.663	0.05
474	0.6623	0.05
475	0.6616	0.05
476	0.661	0.05
477	0.6603	0.05
478	0.6597	0.05
479	0.659	0.05
480	0.6581	0.05
481	0.6571	0.05
482	0.656	0.05
483	0.655	0.05
484	0.6542	0.05
485	0.6536	0.05
486	0.6528	0.05
487	0.6519	0.05
488	0.651	0.05
489	0.6497	0.05
490	0.6483	0.05
491	0.647	0.05
492	0.6459	0.05
493	0.6449	0.05
494	0.6438	0.05
495	0.6427	0.05
496	0.6415	0.05
497	0.6401	0.05
498	0.6389	0.05
499	0.6376	0.05
500	0.6364	0.1
501	0.6352	0.1
502	0.6339	0.1
503	0.6325	0.1
504	0.6309	0.1
505	0.6292	0.1
506	0.6273	0.1
507	0.6255	0.1
508	0.6235	0.1
509	0.6215	0.1
510	0.6194	0.1
511	0.6175	0.1
512	0.6156	0.1
513	0.6135	0.1
514	0.6115	0.1
515	0.6095	0.1
516	0.6074	0.1
517	0.6053	0.1
518	0.6031	0.1
519	0.6008	0.1
520	0.5985	0.1
521	0.5963	0.1
522	0.594	0.1
523	0.5917	0.1
524	0.5893	0.1
525	0.587	0.1
526	0.5847	0.1
527	0.5825	0.1
528	0.5803	0.1
529	0.5781	0.1
530	0.5759	0.1
531	0.5738	0.1
532	0.5719	0.1
533	0.5698	0.1
534	0.5678	0.1
535	0.5658	0.1
536	0.5639	0.1
537	0.5621	0.1
538	0.5604	0.1
539	0.5583	0.1
540	0.5563	0.1
541	0.5543	0.1
542	0.5525	0.1
543	0.5508	0.1
544	0.5493	0.1
545	0.548	0.1
546	0.5468	0.1
547	0.5456	0.1
548	0.5445	0.1
549	0.5434	0.1
550	0.5426	0.1
551	0.5415	0.1
552	0.5403	0.1
553	0.5386	0.1
554	0.537	0.1
555	0.5357	0.1
556	0.5345	0.1
557	0.5326	0.1
558	0.5308	0.1
559	0.5293	0.1
560	0.5283	0.1
561	0.5276	0.1
562	0.5273	0.1
563	0.5271	0.1
564	0.5271	0.1
565	0.5272	0.1
566	0.5272	0.1
567	0.5274	0.1
568	0.5277	0.1
569	0.528	0.1
570	0.5284	0.1
571	0.5288	0.1
572	0.5291	0.1
573	0.5293	0.1
574	0.5297	0.1
575	0.53	0.1
576	0.5304	0.1
577	0.5308	0.1
578	0.5312	0.1
579	0.5317	0.1
580	0.5321	0.1
581	0.5324	0.1
582	0.5327	0.1
583	0.533	0.1
584	0.5334	0.1
585	0.5339	0.1
586	0.5344	0.1
587	0.5349	0.1
588	0.5353	0.1
589	0.5356	0.1
590	0.5359	0.1
591	0.5361	0.1
592	0.5363	0.1
593	0.5366	0.1
594	0.5368	0.1
595	0.5369	0.1
596	0.5368	0.1
597	0.5368	0.1
598	0.537	0.1
599	0.5374	0.1
600	0.5378	0.1
601	0.5383	0.1
602	0.539	0.1
603	0.5401	0.1
604	0.5415	0.1
605	0.5433	0.1
606	0.5454	0.1
607	0.5477	0.1
608	0.5501	0.1
609	0.5522	0.1
610	0.5538	0.1
611	0.5549	0.1
612	0.5554	0.1
613	0.5554	0.1
614	0.555	0.1
615	0.5544	0.1
616	0.5538	0.1
617	0.553	0.1
618	0.552	0.1
619	0.5511	0.1
620	0.5502	0.1
621	0.5493	0.1
622	0.5484	0.1
623	0.5475	0.1
624	0.5466	0.1
625	0.5454	0.1
626	0.544	0.1
627	0.5427	0.1
628	0.5415	0.1
629	0.5405	0.1
630	0.5395	0.1
631	0.5386	0.1
632	0.5377	0.1
633	0.5368	0.1
634	0.5359	0.1
635	0.5349	0.1
636	0.5342	0.1
637	0.5334	0.1
638	0.5327	0.1
639	0.5321	0.1
640	0.5315	0.1
641	0.5311	0.1
642	0.5308	0.1
643	0.5306	0.1
644	0.5304	0.1
645	0.5303	0.1
646	0.5305	0.1
647	0.5308	0.1
648	0.5312	0.1
649	0.5317	0.1
650	0.5322	0.1
651	0.5329	0.1
652	0.5336	0.1
653	0.534	0.1
654	0.5342	0.1
655	0.5342	0.1
656	0.5339	0.1
657	0.5331	0.1
658	0.5322	0.1
659	0.531	0.1
660	0.5297	0.1
661	0.5285	0.1
662	0.5271	0.1
663	0.5257	0.1
664	0.5241	0.1
665	0.5223	0.1
666	0.5205	0.1
667	0.5187	0.1
668	0.5171	0.1
669	0.5153	0.1
670	0.5132	0.1
671	0.5111	0.1
672	0.5091	0.1
673	0.5072	0.1
674	0.5055	0.1
675	0.5036	0.1
676	0.5016	0.1
677	0.4996	0.1
678	0.4975	0.1
679	0.4954	0.1
680	0.4933	0.1
681	0.4911	0.1
682	0.4889	0.1
683	0.4866	0.1
684	0.4842	0.1
685	0.4817	0.1
686	0.4792	0.1
687	0.4768	0.1
688	0.4746	0.1
689	0.4723	0.1
690	0.4701	0.1
691	0.4681	0.1
692	0.4667	0.1
693	0.4653	0.1
694	0.4639	0.1
695	0.4626	0.1
696	0.4612	0.1
697	0.4597	0.1
698	0.4582	0.1
699	0.4567	0.1
700	0.4552	0.1
701	0.4536	0.1
702	0.4521	0.1
703	0.4507	0.1
704	0.4494	0.1
705	0.4482	0.1
706	0.4471	0.1
707	0.4462	0.1
708	0.4454	0.1
709	0.4447	0.1
710	0.4439	0.1
711	0.4432	0.1
712	0.4427	0.1
713	0.4423	0.1
714	0.442	0.1
715	0.4417	0.1
716	0.4415	0.1
717	0.4414	0.1
718	0.4412	0.1
719	0.441	0.1
720	0.4407	0.1
721	0.4404	0.1
722	0.4402	0.1
723	0.4402	0.1
724	0.4402	0.1
725	0.4403	0.1
726	0.4404	0.1
727	0.4404	0.1
728	0.4404	0.1
729	0.4403	0.1
730	0.4402	0.1
731	0.4402	0.1
732	0.4401	0.1
733	0.44	0.1
734	0.4402	0.1
735	0.4403	0.1
736	0.4405	0.1
737	0.4406	0.1
738	0.4407	0.1
739	0.4407	0.1
740	0.4409	0.1
741	0.441	0.1
742	0.439	0.1
743	0.437	0.1
744	0.4346	0.1
745	0.4321	0.1
746	0.4298	0.1
747	0.4276	0.1
748	0.4253	0.1
749	0.423	0.1
750	0.4206	0.1
751	0.4182	0.1
752	0.4158	0.1
753	0.4135	0.1
754	0.4111	0.1
755	0.4086	0.1
756	0.4061	0.1
757	0.4037	0.1
758	0.4014	0.1
759	0.399	0.1
760	0.3967	0.1
761	0.3944	0.1
762	0.3921	0.1
763	0.3899	0.1
764	0.3878	0.1
765	0.3858	0.1
766	0.384	0.1
767	0.3823	0.1
768	0.3807	0.1
769	0.3793	0.1
770	0.3776	0.1
771	0.3761	0.1
772	0.3746	0.1
773	0.3732	0.1
774	0.3719	0.1
775	0.3706	0.1
776	0.3694	0.1
777	0.3683	0.1
778	0.3673	0.1
779	0.3663	0.1
780	0.3653	0.1
781	0.3644	0.1
782	0.3635	0.1
783	0.3628	0.1
784	0.3612	0.1
785	0.3597	0.1
786	0.3583	0.1
787	0.357	0.1
788	0.3556	0.1
789	0.3544	0.1
790	0.3532	0.1
791	0.352	0.1
792	0.3515	0.1
793	0.351	0.1
794	0.3511	0.1
795	0.3512	0.1
796	0.3514	0.1
797	0.3516	0.1
798	0.3519	0.1
799	0.3523	0.1
800	0.3527	0.1
801	0.3531	0.1
802	0.3536	0.1
803	0.3541	0.1
804	0.3546	0.1
805	0.3551	0.1
806	0.3555	0.1
807	0.3558	0.1
808	0.3561	0.1
809	0.3563	0.1
810	0.3565	0.1
811	0.3567	0.1
812	0.3567	0.1
813	0.3567	0.1
814	0.3566	0.1
815	0.3565	0.1
816	0.3562	0.1
817	0.3558	0.1
818	0.3554	0.1
819	0.3549	0.1
820	0.3553	0.1
821	0.3557	0.1
822	0.3559	0.1
823	0.3561	0.1
824	0.356	0.1
825	0.3558	0.1
826	0.3555	0.1
827	0.3551	0.1
828	0.3547	0.1
829	0.3543	0.1
830	0.3539	0.1
831	0.3536	0.1
832	0.3532	0.1
833	0.3528	0.1
834	0.3527	0.1
835	0.3525	0.1
836	0.3524	0.1
837	0.3522	0.1
838	0.3521	0.1
839	0.3518	0.1
840	0.3516	0.1
841	0.3513	0.1
842	0.3509	0.1
843	0.3506	0.1
844	0.3484	0.1
845	0.3462	0.1
846	0.3441	0.1
847	0.342	0.1
848	0.3399	0.1
849	0.3378	0.1
850	0.3356	0.1
851	0.3335	0.1
852	0.3315	0.1
853	0.3294	0.1
854	0.3274	0.1
855	0.3254	0.1
856	0.3235	0.1
857	0.3215	0.1
858	0.3196	0.1
859	0.3177	0.1
860	0.3161	0.1
861	0.3148	0.1
862	0.3136	0.1
863	0.3124	0.1
864	0.3109	0.1
865	0.3095	0.1
866	0.308	0.1
867	0.3066	0.1
868	0.3055	0.1
869	0.3046	0.1
870	0.3033	0.1
871	0.3021	0.1
872	0.3009	0.1
873	0.2993	0.1
874	0.2979	0.1
875	0.2966	0.1
876	0.2953	0.1
877	0.2942	0.1
878	0.2932	0.1
879	0.292	0.1
880	0.2907	0.1
881	0.2898	0.1
882	0.2884	0.1
883	0.287	0.1
884	0.2859	0.1
885	0.2843	0.1
886	0.2831	0.1
887	0.2812	0.1
888	0.2795	0.1
889	0.2777	0.1
890	0.2762	0.1
891	0.2751	0.1
892	0.2742	0.1
893	0.273	0.1
894	0.2722	0.1
895	0.2712	0.1
896	0.27	0.1
897	0.2689	0.1
898	0.2681	0.1
899	0.2677	0.1
900	0.2671	0.1
901	0.2663	0.1
902	0.2657	0.1
903	0.2648	0.1
904	0.264	0.1
905	0.2633	0.1
906	0.2629	0.1
907	0.2629	0.1
908	0.2619	0.1
909	0.2611	0.1
910	0.26	0.1
911	0.2587	0.1
912	0.2575	0.1
913	0.2568	0.1
914	0.2569	0.1
915	0.2569	0.1
916	0.2568	0.1
917	0.2564	0.1
918	0.2561	0.1
919	0.2558	0.1
920	0.2557	0.1
921	0.2543	0.1
922	0.253	0.1
923	0.2521	0.1
924	0.2511	0.1
925	0.2499	0.1
926	0.2485	0.1
927	0.2478	0.1
928	0.2476	0.1
929	0.2476	0.1
930	0.2479	0.1
931	0.248	0.1
932	0.2479	0.1
933	0.2477	0.1
934	0.2478	0.1
935	0.2496	0.1
936	0.2515	0.1
937	0.2533	0.1
938	0.2551	0.1
939	0.2568	0.1
940	0.2578	0.1
941	0.2586	0.1
942	0.2595	0.1
943	0.2605	0.1
944	0.2614	0.1
945	0.2622	0.1
946	0.263	0.1
947	0.2636	0.1
948	0.2641	0.1
949	0.2644	0.1
950	0.2651	0.1
951	0.266	0.1
952	0.2667	0.1
953	0.2655	0.1
954	0.2645	0.1
955	0.2639	0.1
956	0.2634	0.1
957	0.2632	0.1
958	0.2628	0.1
959	0.262	0.1
960	0.2614	0.1
961	0.2608	0.1
962	0.2602	0.1
963	0.2591	0.1
964	0.2572	0.1
965	0.255	0.1
966	0.2525	0.1
967	0.2499	0.1
968	0.2477	0.1
969	0.246	0.1
970	0.245	0.1
971	0.2446	0.1
972	0.2447	0.1
973	0.2445	0.1
974	0.2463	0.1
975	0.2481	0.1
976	0.2494	0.1
977	0.2494	0.1
978	0.2488	0.1
979	0.2484	0.1
980	0.2482	0.1
981	0.2481	0.1
982	0.2483	0.1
983	0.2483	0.1
984	0.248	0.1
985	0.2465	0.1
986	0.2447	0.1
987	0.2433	0.1
988	0.2421	0.1
989	0.2413	0.1
990	0.2409	0.1
991	0.2407	0.1
992	0.2407	0.1
993	0.241	0.1
994	0.241	0.1
995	0.2409	0.1
996	0.2411	0.1
997	0.2416	0.1
998	0.2422	0.1
999	0.2428	0.1
1000	0.2435	0.1
1001	0.2443	0.1
1002	0.2454	0.1
1003	0.2469	0.1
1004	0.2481	0.1
1005	0.249	0.1
1006	0.2499	0.1
1007	0.2507	0.1
1008	0.2513	0.1
1009	0.2518	0.1
1010	0.252	0.1
1011	0.2522	0.1
1012	0.2521	0.1
1013	0.2523	0.1
1014	0.253	0.1
1015	0.2533	0.1
1016	0.2541	0.1
1017	0.2554	0.1
1018	0.2571	0.1
1019	0.2593	0.1
1020	0.2611	0.1
1021	0.263	0.1
1022	0.2646	0.1
1023	0.2657	0.1
1024	0.2658	0.1
1025	0.2656	0.1
1026	0.2662	0.1
1027	0.2668	0.1
1028	0.2677	0.1
1029	0.2688	0.1
1030	0.2697	0.1
1031	0.2703	0.1
1032	0.2699	0.1
1033	0.2709	0.1
1034	0.2733	0.1
1035	0.2767	0.1
1036	0.2798	0.1
1037	0.282	0.1
1038	0.2834	0.1
1039	0.2843	0.1
1040	0.2832	0.1
1041	0.282	0.1
1042	0.2804	0.1
1043	0.2788	0.1
1044	0.2793	0.1
1045	0.2811	0.1
1046	0.2822	0.1
1047	0.2831	0.1
1048	0.284	0.1
1049	0.2844	0.1
1050	0.2842	0.1
1051	0.2836	0.1
1052	0.2828	0.1
1053	0.2818	0.1
1054	0.2806	0.1
1055	0.2798	0.1
1056	0.279	0.1
1057	0.2782	0.1
1058	0.2773	0.1
1059	0.2765	0.1
1060	0.2754	0.1
1061	0.2739	0.1
1062	0.2724	0.1
1063	0.2705	0.1
1064	0.2684	0.1
1065	0.2668	0.1
1066	0.2655	0.1
1067	0.2642	0.1
1068	0.2628	0.1
1069	0.2612	0.1
1070	0.2601	0.1
1071	0.259	0.1
1072	0.2585	0.1
1073	0.2582	0.1
1074	0.2575	0.1
1075	0.2565	0.1
1076	0.2548	0.1
1077	0.2533	0.1
1078	0.2517	0.1
1079	0.2498	0.1
1080	0.2476	0.1
1081	0.2453	0.1
1082	0.2441	0.1
1083	0.2426	0.1
1084	0.2404	0.1
1085	0.2371	0.1
1086	0.2339	0.1
1087	0.2328	0.1
1088	0.2325	0.1
1089	0.2324	0.1
1090	0.2329	0.1
1091	0.2329	0.1
1092	0.2326	0.1
1093	0.2321	0.1
1094	0.2306	0.1
1095	0.2273	0.1
1096	0.2238	0.1
1097	0.2202	0.1
1098	0.2165	0.1
1099	0.2142	0.1
1100	0.2134	0.1
1101	0.2124	0.1
1102	0.2113	0.1
1103	0.2108	0.1
1104	0.2103	0.1
1105	0.2098	0.1
1106	0.21	0.1
1107	0.2101	0.1
1108	0.2102	0.1
1109	0.2103	0.1
1110	0.2105	0.1
1111	0.2108	0.1
1112	0.2112	0.1
1113	0.2116	0.1
1114	0.2121	0.1
1115	0.2125	0.1
1116	0.213	0.1
1117	0.2134	0.1
1118	0.2138	0.1
1119	0.2141	0.1
1120	0.2151	0.1
1121	0.2163	0.1
1122	0.2176	0.1
1123	0.2189	0.1
1124	0.2202	0.1
1125	0.2216	0.1
1126	0.2229	0.1
1127	0.2241	0.1
1128	0.2251	0.1
1129	0.226	0.1
1130	0.2267	0.1
1131	0.2273	0.1
1132	0.2275	0.1
1133	0.2276	0.1
1134	0.228	0.1
1135	0.2294	0.1
1136	0.2316	0.1
1137	0.2329	0.1
1138	0.2339	0.1
1139	0.2349	0.1
1140	0.236	0.1
1141	0.2365	0.1
1142	0.2372	0.1
1143	0.238	0.1
1144	0.2387	0.1
1145	0.2397	0.1
1146	0.2406	0.1
1147	0.2413	0.1
1148	0.2418	0.1
1149	0.2418	0.1
1150	0.2412	0.1
1151	0.2401	0.1
1152	0.2389	0.1
1153	0.2375	0.1
1154	0.2362	0.1
1155	0.2346	0.1
1156	0.2326	0.1
1157	0.2304	0.1
1158	0.2279	0.1
1159	0.2254	0.1
1160	0.2228	0.1
1161	0.2204	0.1
1162	0.2185	0.1
1163	0.2166	0.1
1164	0.2149	0.1
1165	0.2136	0.1
1166	0.212	0.1
1167	0.2104	0.1
1168	0.2091	0.1
1169	0.2078	0.1
1170	0.2035	0.1
1171	0.1996	0.1
1172	0.1963	0.1
1173	0.1929	0.1
1174	0.1894	0.1
1175	0.1861	0.1
1176	0.1831	0.1
1177	0.1804	0.1
1178	0.178	0.1
1179	0.1758	0.1
1180	0.1738	0.1
1181	0.1721	0.1
1182	0.1706	0.1
1183	0.1693	0.1
1184	0.1679	0.1
1185	0.1662	0.1
1186	0.1642	0.1
1187	0.1624	0.1
1188	0.1608	0.1
1189	0.1589	0.1
1190	0.157	0.1
1191	0.1564	0.1
1192	0.1559	0.1
1193	0.1553	0.1
1194	0.1544	0.1
1195	0.1541	0.1
1196	0.1535	0.1
1197	0.1533	0.1
1198	0.1529	0.1
1199	0.1526	0.1
1200	0.1522	0.1
1201	0.1518	0.1
1202	0.1514	0.1
1203	0.1509	0.1
1204	0.1501	0.1
1205	0.1499	0.1
1206	0.1496	0.1
1207	0.1498	0.1
1208	0.1497	0.1
1209	0.1494	0.1
1210	0.1487	0.1
1211	0.1482	0.1
1212	0.1475	0.1
1213	0.147	0.1
1214	0.1466	0.1
1215	0.1459	0.1
1216	0.1451	0.1
1217	0.1442	0.1
1218	0.1433	0.1
1219	0.1422	0.1
1220	0.1419	0.1
1221	0.1414	0.1
1222	0.1411	0.1
1223	0.1409	0.1
1224	0.1406	0.1
1225	0.1404	0.1
1226	0.1404	0.1
1227	0.1403	0.1
1228	0.139	0.1
1229	0.1378	0.1
1230	0.1372	0.1
1231	0.1366	0.1
1232	0.1359	0.1
1233	0.1351	0.1
1234	0.1344	0.1
1235	0.1336	0.1
1236	0.1328	0.1
1237	0.132	0.1
1238	0.1312	0.1
1239	0.1313	0.1
1240	0.1312	0.1
1241	0.1309	0.1
1242	0.1304	0.1
1243	0.1299	0.1
1244	0.1293	0.1
1245	0.1287	0.1
1246	0.128	0.1
1247	0.1272	0.1
1248	0.1264	0.1
1249	0.1255	0.1
1250	0.1246	0.1
1251	0.1238	0.1
1252	0.1228	0.1
1253	0.1219	0.1
1254	0.1212	0.1
1255	0.1198	0.1
1256	0.1181	0.1
1257	0.1166	0.1
1258	0.1145	0.1
1259	0.1119	0.1
1260	0.1098	0.1
1261	0.1082	0.1
1262	0.1066	0.1
1263	0.1049	0.1
1264	0.1032	0.1
1265	0.1017	0.1
1266	0.1001	0.1
1267	0.0988	0.1
1268	0.0974	0.1
1269	0.096	0.1
1270	0.0947	0.1
1271	0.0935	0.1
1272	0.0922	0.1
1273	0.0909	0.1
1274	0.0898	0.1
1275	0.0884	0.1
1276	0.0872	0.1
1277	0.0859	0.1
1278	0.0847	0.1
1279	0.0833	0.1
1280	0.0819	0.1
1281	0.0803	0.1
1282	0.0787	0.1
1283	0.0769	0.1
1284	0.0751	0.1
1285	0.0736	0.1
1286	0.0721	0.1
1287	0.0706	0.1
1288	0.0689	0.1
1289	0.0671	0.1
1290	0.0654	0.1
1291	0.0639	0.1
1292	0.0623	0.1
1293	0.0607	0.1
1294	0.0592	0.1
1295	0.0578	0.1
1296	0.0565	0.1
1297	0.0553	0.1
1298	0.0538	0.1
1299	0.0525	0.1
1300	0.0513	0.1
1301	0.0502	0.1
1302	0.049	0.1
1303	0.0477	0.1
1304	0.0465	0.1
1305	0.0462	0.1
1306	0.0453	0.1
1307	0.0442	0.1
1308	0.0442	0.1
1309	0.0448	0.1
1310	0.0451	0.1
1311	0.0453	0.1
1312	0.0451	0.1
1313	0.0448	0.1
1314	0.0444	0.1
1315	0.0438	0.1
1316	0.0433	0.1
1317	0.0425	0.1
1318	0.0418	0.1
1319	0.0413	0.1
1320	0.0409	0.1
1321	0.0405	0.1
1322	0.0401	0.1
1323	0.0398	0.1
1324	0.0396	0.1
1325	0.0396	0.1
1326	0.0392	0.1
1327	0.0386	0.1
1328	0.0378	0.1
1329	0.0369	0.1
1330	0.0359	0.1
1331	0.0353	0.1
1332	0.0347	0.1
1333	0.0345	0.1
1334	0.0341	0.1
1335	0.0338	0.1
1336	0.0335	0.1
1337	0.0333	0.1
1338	0.0332	0.1
1339	0.033	0.1
1340	0.0329	0.1
1341	0.0328	0.1
1342	0.0327	0.1
1343	0.0325	0.1
1344	0.0323	0.1
1345	0.0321	0.1
1346	0.0319	0.1
1347	0.0319	0.1
1348	0.0319	0.1
1349	0.032	0.1
1350	0.0321	0.1
1351	0.0323	0.1
1352	0.0326	0.1
1353	0.033	0.1
1354	0.0335	0.1
1355	0.0335	0.1
1356	0.0341	0.1
1357	0.0346	0.1
1358	0.0341	0.1
1359	0.0337	0.1
1360	0.0332	0.1
1361	0.0327	0.1
1362	0.0324	0.1
1363	0.0323	0.1
1364	0.032	0.1
1365	0.0319	0.1
1366	0.0315	0.1
1367	0.0316	0.1
1368	0.0312	0.1
1369	0.0302	0.1
1370	0.0291	0.1
1371	0.0278	0.1
1372	0.0264	0.1
1373	0.0246	0.1
1374	0.0227	0.1
1375	0.0207	0.1
1376	0.0192	0.1
1377	0.0183	0.1
1378	0.018	0.1
1379	0.0183	0.1
1380	0.0194	0.1
1381	0.0203	0.1
1382	0.021	0.1
1383	0.0213	0.1
1384	0.0215	0.1
1385	0.0215	0.1
1386	0.0213	0.1
1387	0.0212	0.1
1388	0.021	0.1
1389	0.0209	0.1
1390	0.0206	0.1
1391	0.0205	0.1
1392	0.0207	0.1
1393	0.021	0.1
1394	0.0215	0.1
1395	0.0221	0.1
1396	0.0226	0.1
1397	0.0232	0.1
1398	0.0237	0.1
1399	0.0243	0.1
1400	0.0248	0.1
1401	0.0253	0.1
1402	0.0258	0.1
1403	0.0263	0.1
1404	0.0268	0.1
1405	0.0274	0.1
1406	0.0278	0.1
1407	0.0282	0.1
1408	0.0286	0.1
1409	0.0289	0.1
1410	0.029	0.1
1411	0.029	0.1
1412	0.0288	0.1
1413	0.0285	0.1
1414	0.028	0.1
1415	0.0272	0.1
1416	0.0265	0.1
1417	0.0255	0.1
1418	0.0244	0.1
1419	0.0235	0.1
1420	0.0224	0.1
1421	0.0216	0.1
1422	0.0211	0.1
1423	0.0208	0.1
1424	0.0208	0.1
1425	0.021	0.1
1426	0.0213	0.1
1427	0.0214	0.1
1428	0.0215	0.1
1429	0.0212	0.1
1430	0.0206	0.1
1431	0.0202	0.1
1432	0.0199	0.1
1433	0.0198	0.1
1434	0.0197	0.1
1435	0.0196	0.1
1436	0.0196	0.1
1437	0.0196	0.1
1438	0.0196	0.1