depth,ecm
4.11,11.244
4.61,14.89
5.14,9.178
5.7,10.199
6.24,17.752
6.78,15.005
7.31,13.901
7.83,14.421
8.35,13.164
8.89,13.113
9.42,12.141
9.96,17.25
10.5,16.056
11.03,16.605
11.55,15.85
12.08,17.244
12.6,15.578
13.12,16.534
13.65,16.79
14.18,14.809
14.71,17.788
15.23,16.951
15.75,17.238
16.28,17.537
16.81,18.684
17.34,18.06
17.86,17.964
18.39,18.961
18.92,17.418
19.45,12.986
19.98,19.794
20.52,17.879
21.07,17.475
21.61,19.546
22.13,21.843
22.66,18.275
23.18,20.154
23.71,18.419
24.23,20.288
24.75,22.039
25.26,17.949
25.77,18.95
26.31,18.864
26.87,20.674
27.42,21.969
27.96,27.102
28.49,23.28
29.03,25.014
29.58,22.885
30.13,19.279
30.67,20.607
31.23,24.39
31.8,22.754
32.34,24.148
32.87,30.588
33.42,21.715
33.97,17.989
34.5,21.761
35.02,21.921
35.55,22.175
36.09,20.413
36.65,20.769
37.2,18.914
37.74,21.062
38.26,20.178
38.79,16.144
39.32,21.144
39.85,20.912
40.39,16.24
40.96,19.275
41.53,18.371
42.06,26.537
42.61,22.795
43.17,19.302
43.72,19.052
44.25,16.28
44.79,15.964
45.32,16.829
45.86,19.075
46.41,17.495
46.96,14.68
47.51,13.346
48.05,17.861
48.58,15.28
49.15,17.264
49.72,16.994
50.26,18.67
50.81,22.06
51.39,19.165
51.96,17.432
52.52,17.1
53.06,15.442
53.62,16.584
54.17,18.188
54.74,16.692
55.31,16.132
55.87,17.78
56.44,16.425
57.01,23.709
57.57,19.492
58.13,21.905
58.66,18.114
59.21,20.703
59.77,20.784
60.32,21.703
60.88,28.29
61.46,26.412
62.05,24.816
62.63,30.269
63.2,27.265
63.78,30.037
64.35,29.693
64.93,18.292
65.51,25.789
66.07,29.992
66.63,26.793
67.2,25.906
67.77,27.328
68.33,28.993
68.88,24.395
69.46,20.042
70.03,24.878
70.58,28.935
71.17,23.161
71.76,45.599
72.31,28.995
72.85,29.402
73.37,32.737
73.9,28.271
74.43,26.006
74.97,27.004
75.56,31.29
76.17,34.527
76.79,30.078
77.43,35.613
78.05,25.952
78.64,23.597
79.26,32.211
79.91,25.082
80.52,29.529
81.17,27.975
81.78,28.017
82.34,30.147
82.95,26.157
83.58,25.002
84.18,32.171
84.76,30.665
85.35,31.187
85.95,40.171
86.54,39.936
87.15,34.574
87.77,34.204
88.36,33.207
88.94,35.075
89.53,33.662
90.15,35.392
90.8,29.83
91.45,33.899
92.11,27.901
92.77,18.188
93.37,27.289
93.98,27.997
94.55,35.59
95.12,42.411
95.72,35.517
96.31,34.237
96.92,28.271
97.59,31.794
98.25,30.964
98.87,31.24
99.47,24.342
100.24,37.907
101.25,14.0752
102.21,17.9514
102.75,14.2412
103.3,15.5106
103.89,17.4024
104.44,16.7
104.98,13.2782
105.53,15.9384
106.1,14.694
106.65,14.2864
107.2,13.1844
107.8,14.0034
108.35,16.7708
108.9,20.4744
109.47,14.1326
110.02,12.1354
110.6,12.4274
111.16,11.2408
111.71,12.1656
112.25,13.4634
112.8,15.2246
113.35,14.3672
113.9,13.755
114.5,14.926
115.09,16.6358
115.64,14.859
116.19,15.2486
116.76,15.9492
117.47,16.8238
118.25,20.9246
118.89,15.4436
119.46,19.8294
120.02,17.7896
120.59,14.3244
121.14,18.784
121.7,15.8988
122.25,18.172
122.8,16.0224
123.36,15.116
123.91,23.202
124.46,27.8364
125.01,27.2874
125.58,21.1812
126.14,12.9056
126.71,20.0728
127.3,16.5902
127.86,19.6702
128.41,16.2052
129.0,13.7764
129.8,18.5354
130.59,17.3
131.16,15.105
131.75,12.2252
132.33,11.6394
132.88,10.9604
133.43,12.2584
134.0,14.8704
134.57,9.4006
135.13,9.9296
135.71,11.8178
136.26,16.7232
136.81,21.3622
137.38,12.843
137.93,11.5282
138.48,13.2662
139.04,11.635
139.61,12.2492
140.17,9.6438
140.72,12.426
141.27,13.2366
141.82,12.4324
142.37,13.7142
142.92,14.2238
143.5,17.8794
144.1,19.8648
144.66,19.7994
145.21,22.8534
145.78,23.1714
146.33,25.4586
146.88,19.1552
147.46,19.4358
148.03,20.2466
148.58,23.267
149.15,17.8396
149.75,13.7842
150.33,16.7428
150.89,13.0274
151.44,11.1258
152.0,21.5796
152.56,22.7936
153.11,18.0188
153.67,19.6978
154.22,20.9016
154.8,12.3498
155.35,10.3708
155.9,17.3076
156.46,18.3234
157.01,19.6306
157.59,20.622
158.14,20.465
158.7,19.577
159.26,25.4128
159.81,17.6432
160.36,19.2298
160.91,19.2436
161.46,22.4348
162.01,15.9098
162.56,18.403
163.11,20.9914
163.68,20.3236
164.23,21.3032
164.78,19.433
165.35,18.6646
165.92,14.784
166.47,11.7498
167.02,11.4666
167.64,12.5224
168.29,11.685
168.89,14.9892
169.48,18.4376
170.07,21.0558
170.63,24.4202
171.18,19.974
171.73,24.3714
172.28,26.76
172.83,30.213
173.38,30.1696
173.93,20.8262
174.49,21.0098
175.06,22.259
175.62,24.0684
176.17,24.0102
176.72,16.9462
177.27,18.082
177.82,19.0368
178.39,16.818
178.94,21.02
179.49,26.334
180.05,24.5704
180.61,24.378
181.19,23.2056
181.77,23.6656
182.33,16.3312
182.89,22.3078
183.44,21.4218
184.0,21.628
184.57,17.8324
185.12,14.83
185.67,19.0376
186.22,19.378
186.78,18.9734
187.34,18.166
187.96,14.9746
188.56,16.9166
189.13,20.8702
189.75,23.073
190.33,21.6332
190.89,24.6068
191.44,21.1708
192.0,24.861
192.56,24.6306
193.11,28.221
193.66,24.4412
194.23,18.4876
194.82,22.8898
195.39,24.763
195.99,23.6174
196.55,28.2612
197.1,27.3872
197.65,26.6096
198.2,26.2012
198.75,24.2302
199.3,28.8192
199.89,33.4082
200.45,23.5894
201.01,23.675
201.56,21.3646
202.11,22.174
202.66,26.8724
203.22,23.41
203.81,23.9192
204.36,24.6236
204.91,25.8056
205.46,23.9766
206.01,28.869
206.59,23.0462
207.14,20.3668
207.7,25.1752
208.27,23.272
208.85,21.0164
209.44,23.3682
210.01,13.005
210.56,9.9026
211.11,15.5186
211.68,27.2312
212.24,29.5634
212.81,35.3464
213.39,27.823
213.94,27.6312
214.49,21.3268
215.05,19.466
215.61,24.8704
216.16,26.0906
216.71,30.4316
217.26,28.905
217.81,22.6294
218.36,20.93
218.91,25.7718
219.48,29.4632
220.09,23.4982
220.72,20.7018
221.31,24.3934
221.86,23.896
222.41,23.7844
223.0,22.3216
223.55,23.277
224.13,26.4068
224.73,24.599
225.28,25.1234
225.83,25.1904
226.39,27.4482
226.98,26.2394
227.55,22.677
228.11,25.9414
228.67,21.1678
229.22,26.2332
229.8,25.5206
230.35,22.1814
230.89,22.4468
231.44,21.7708
232.0,28.6754
232.55,27.8164
233.1,27.2796
233.65,40.2752
234.2,25.376
234.77,25.2772
235.33,27.185
235.91,28.3696
236.46,24.0566
237.01,17.0734
238.8,21.1374
240.58,23.7518
241.15,20.4704
241.72,24.4032
242.27,26.9874
242.82,21.5708
243.37,26.4304
243.92,27.0038
244.6,23.0348
245.29,24.4518
245.88,26.526
246.53,27.5236
247.19,22.999
247.78,24.2102
248.34,20.3998
248.91,22.3534
249.48,23.0336
250.08,24.391
250.66,25.5424
251.21,27.5694
251.78,28.1212
252.34,20.119
252.93,23.1098
253.52,24.3238
254.09,25.906
254.69,25.4726
255.25,28.3566
255.8,26.4296
256.35,26.3434
256.89,25.3832
257.44,26.3202
258.0,26.0872
258.56,22.989
259.11,15.92
259.73,23.84
260.35,19.5048
261.03,19.188
261.71,25.0174
262.3,28.329
262.85,25.8582
263.4,29.062
263.95,26.1262
264.5,22.6448
265.1,25.1536
265.7,24.585
266.26,24.192
266.83,26.132
267.43,26.3908
268.09,24.723
268.78,21.964
269.4,22.9896
269.95,26.3866
270.5,24.2378
271.05,24.6118
271.6,27.2604
272.17,40.1952
272.72,25.304
273.27,21.1316
273.82,24.0418
274.38,26.1436
274.97,25.1156
275.55,27.5116
276.11,24.483
276.68,23.0844
277.23,23.9116
277.8,25.179
278.38,24.0658
278.94,26.8876
279.57,28.3592
280.21,26.9408
280.8,24.8916
281.36,25.8836
281.91,32.0668
282.46,26.272
283.03,27.4276
283.62,28.583
284.19,24.968
284.75,26.4284
285.31,31.1758
285.91,24.3918
286.51,20.5112
287.06,20.7448
287.61,22.0746
288.16,23.987
288.71,21.154
289.27,20.6548
289.82,29.2128
290.38,27.7904
290.94,33.6592
291.51,28.089
292.07,23.8326
292.62,26.613
293.2,23.2742
293.75,26.4622
294.3,27.3474
294.85,28.3598
295.4,25.166
295.95,23.081
296.5,27.178
297.06,23.861
297.63,29.8564
298.22,29.0036
298.84,34.4128
299.53,34.0042
300.19,23.843
300.79,28.3408
301.64,31.91
302.46,27.4334
303.01,25.1636
303.56,26.8836
304.13,25.6342
304.73,26.596
305.31,26.2034
305.87,26.8886
306.46,27.0428
307.15,20.3522
307.81,19.9416
308.35,23.913
308.9,23.213
309.45,20.8306
310.0,25.8634
310.56,26.0446
311.11,26.6062
311.67,25.6298
312.22,28.477
312.8,23.5102
313.36,25.9088
313.91,27.9242
314.46,26.0332
315.01,25.0794
315.58,22.3414
316.13,22.573
316.68,24.572
317.23,22.3944
317.78,25.0814
318.33,26.2674
318.89,21.8874
319.49,21.8124
320.15,24.2596
320.76,24.2336
321.31,20.6816
321.86,26.376
322.41,24.0342
322.98,26.6238
323.54,25.9434
324.11,25.2958
324.66,26.672
325.21,26.473
325.79,25.7472
326.37,23.6798
326.94,30.1036
327.52,29.3046
328.11,27.0642
328.66,27.1724
329.21,21.2818
329.78,26.584
330.36,24.5494
330.97,23.5628
331.57,25.3966
332.14,25.7608
332.71,26.4372
333.26,23.8028
333.81,25.1796
334.43,26.845
335.13,28.695
335.78,29.432
336.33,28.4684
336.89,30.8526
337.44,33.4318
337.99,27.345
338.55,24.1108
339.11,32.1898
339.66,25.147
340.22,33.3898
340.81,26.1584
341.36,29.756
341.91,29.323
342.46,22.637
343.01,24.136
343.56,22.4868
344.11,21.988
344.69,24.0198
346.57,25.0286
353.73,29.2952
359.55,27.6456
360.05,22.0892
360.56,21.455
361.11,24.3194
361.65,22.6972
362.15,31.923
362.65,26.2942
363.15,21.5948
363.65,27.783
364.15,32.1676
364.67,27.48
365.22,17.3034
365.75,13.6698
366.25,13.4786
366.75,16.1806
367.25,15.0172
367.75,17.9432
368.25,19.201
368.78,17.4432
369.33,17.301
369.85,18.0848
370.35,16.3566
370.88,19.9944
371.43,22.528
371.95,24.401
372.45,21.9232
372.95,26.9184
373.45,26.5832
374.0,25.8034
374.55,24.9118
375.05,17.9826
375.55,17.7302
376.05,20.0454
376.56,20.7424
377.11,20.599
377.65,19.5408
378.15,24.4602
378.65,19.7482
379.15,19.6698
379.65,21.4462
380.15,20.8944
380.67,22.526
381.22,27.9572
381.75,24.5316
382.25,17.655
382.75,22.2498
383.25,15.714
383.75,16.4074
384.25,15.7624
384.78,14.7956
385.33,13.3014
385.85,15.5684
386.35,20.0244
386.85,27.088
387.35,26.6084
389.05,21.664
391.55,16.5848
392.85,15.2212
393.36,15.087
395.51,19.9822
397.65,16.9722
398.15,17.5824
398.65,17.9088
399.15,17.4096
399.67,18.345
400.22,21.4072
400.75,21.3048
401.25,24.7742
401.75,23.8096
402.25,17.618
402.75,21.1956
403.25,25.1936
403.75,25.2216
404.25,24.4748
404.78,19.672
405.33,13.8872
405.85,16.4816
406.35,23.3688
406.85,27.8036
407.35,25.4312
407.85,22.469
408.35,24.1946
408.89,35.9002
409.44,23.6028
409.95,20.3202
410.45,17.6214
410.95,22.4784
411.45,21.6768
411.95,24.3302
412.45,22.7508
413.0,22.3882
413.55,20.109
414.05,13.6056
414.55,15.2062
415.05,21.3448
415.55,21.548
416.05,20.3866
416.56,23.8002
417.11,23.6302
417.65,22.0152
418.15,15.8268
418.65,19.3544
419.15,25.452
419.65,22.9028
420.15,22.9184
420.67,19.8568
421.22,23.1172
421.75,21.9628
422.25,20.191
422.79,22.8908
423.34,31.802
423.85,20.6448
424.35,22.9548
424.89,26.0622
425.44,27.9874
425.95,27.5364
426.45,27.0686
426.95,24.2614
427.45,22.4642
427.95,22.001
428.45,26.0662
429.0,24.5778
429.55,22.6564
430.05,19.8046
430.55,22.506
431.05,20.851
431.55,23.2802
432.05,23.1896
432.56,19.4076
433.11,20.2512
433.65,19.3236
434.15,22.2124
434.65,21.7882
435.15,23.4436
435.65,26.3964
436.15,19.854
436.67,27.2314
437.22,21.2014
437.75,23.4118
438.25,25.5618
438.75,21.3066
439.25,20.9826
439.75,22.4272
440.25,24.6034
440.78,21.8192
441.33,18.401
441.85,16.6974
442.35,15.4734
442.89,18.8918
443.44,16.7186
443.95,15.9538
444.45,21.964
445.0,15.4954
445.55,16.3146
446.05,15.7784
446.55,16.7596
447.05,23.5628
447.55,27.3126
448.05,21.3114
448.56,23.5958
449.11,18.2354
449.66,15.5662
450.21,18.991
450.75,19.0616
451.25,22.7682
451.75,24.7322
452.25,24.1138
452.75,24.045
453.25,30.489
453.8,32.171
454.35,27.6482
454.85,31.2614
455.35,28.6348
455.85,28.5554
456.35,25.2922
456.85,19.0638
457.36,24.8408
457.91,21.6054
458.45,25.2764
458.95,22.0686
459.45,23.2702
460.29,23.2246
461.64,19.846
462.65,20.3622
463.15,19.5234
463.65,21.6964
464.18,24.4024
464.73,20.507
465.25,22.5922
465.75,23.1832
466.25,19.4994
466.75,17.1374
467.25,24.4856
467.75,20.2478
468.25,20.0186
468.91,26.5434
469.61,26.3948
470.15,20.2828
470.65,22.7982
471.15,21.8126
471.65,19.7228
472.2,22.624
472.78,24.4102
473.43,22.2054
474.05,16.9826
474.55,23.4106
475.05,24.5526
476.36,20.3652
478.21,14.6726
479.25,17.9386
479.75,16.0188
480.25,21.161
480.75,36.1688
481.25,23.0542
481.75,19.8446
482.28,14.9214
482.83,22.0084
483.35,22.626
483.85,14.8904
484.35,17.0804
484.85,20.6686
485.35,19.256
485.85,19.555
486.35,19.35
486.89,17.0942
487.44,21.269
487.95,22.1246
488.45,23.2578
488.95,28.3678
489.45,27.5292
489.95,28.4534
490.45,24.8482
491.0,26.0806
491.55,22.7154
492.05,19.4526
492.55,21.4644
493.05,26.9002
493.55,17.391
494.05,20.2032
495.4,16.4296
496.75,20.8908
497.25,19.9102
497.76,15.9576
498.31,15.1342
498.85,21.3146
499.35,18.2932
499.88,20.5292
500.43,26.2444
500.95,24.1918
501.45,23.1276
501.95,20.214
502.45,24.9192
502.95,19.0406
503.45,18.3358
503.95,19.3366
504.61,23.796
505.31,23.8632
505.85,25.0112
506.35,21.0214
506.85,22.003
507.4,24.6858
507.95,21.3146
508.45,29.2092
508.95,30.2218
509.45,23.5104
510.0,22.4316
510.55,22.8672
511.06,27.3718
511.61,25.3732
512.15,23.4068
512.65,29.3022
513.15,27.1256
513.65,24.0834
514.15,27.575
514.65,27.0588
515.15,31.141
515.65,28.499
516.15,30.2342
516.67,30.612
517.22,24.5812
517.75,24.8138
518.25,17.8632
518.79,21.14
519.39,33.126
519.95,29.8396
520.45,24.6356
520.95,19.6696
521.45,23.4518
521.95,26.4282
522.45,28.7402
523.0,30.5184
523.55,25.5496
524.05,26.8032
524.55,31.432
525.05,24.0894
525.55,27.1596
526.05,27.7766
526.55,27.7994
527.05,32.0398
527.55,25.0852
528.05,24.5502
528.56,27.0338
529.11,24.6022
529.65,23.551
530.15,26.7952
530.65,27.2332
531.15,27.7386
531.65,26.8558
532.15,29.728
532.67,27.5966
533.22,25.1006
533.75,31.5892
534.25,25.247
536.35,32.1302
540.85,28.4364
543.75,27.291
544.25,18.7576
544.75,22.8906
545.25,26.3394
546.63,24.8176
548.23,26.0494
549.0,28.271
549.55,22.3304
550.1,27.095
550.65,27.3902
551.3,33.2512
552.55,44.0796
553.65,30.5044
554.15,23.5942
554.67,28.7344
555.22,26.5432
555.75,28.0664
556.25,31.3364
557.72,30.1056
559.47,27.9102
560.25,24.791
560.75,21.0622
561.25,25.036
561.75,23.9134
562.29,24.4664
562.84,24.8632
563.35,21.3286
563.85,18.8556
564.35,19.561
564.85,24.8704
565.35,28.4214
565.85,27.2182
566.35,22.1778
566.89,24.0202
567.44,24.8644
567.95,27.2742
568.45,22.8884
568.95,23.339
569.45,21.2294
569.95,24.5784
570.45,26.0054
571.0,33.1874
571.6,24.6034
572.15,21.9668
572.65,23.957
573.15,29.8028
573.65,26.4172
574.15,26.9816
574.78,25.4386
575.93,26.4664
576.95,27.8298
577.48,30.8008
578.03,28.5014
578.55,26.5262
579.05,28.6802
579.55,28.7032
580.05,28.1402
580.57,32.6692
581.17,31.838
581.75,27.0004
582.25,23.2724
582.75,25.3598
583.25,33.1942
583.75,26.39
584.25,26.8126
584.9,29.3006
585.65,29.2064
586.25,22.5618
586.75,27.331
587.25,26.209
587.75,26.4372
588.25,24.1982
588.78,24.9932
589.33,32.7816
589.85,30.2402
590.35,29.3122
590.89,34.2618
591.44,29.7958
591.95,28.2372
592.45,30.914
592.95,28.1022
593.45,25.36
593.95,30.7758
594.45,24.684
595.0,31.6086
595.55,36.276
596.05,31.4438
596.55,34.5126
597.05,29.265
597.55,33.071
598.05,27.6088
598.55,31.9396
599.05,35.9036
599.55,34.8964
600.1,37.027
600.65,33.9258
601.15,32.777
601.65,35.164
602.15,30.2976
602.67,39.359
603.22,35.0332
603.75,36.0502
604.25,29.289
604.75,32.5278
605.3,30.0566
605.85,34.2876
606.35,33.9372
606.85,28.053
607.35,29.6912
607.85,32.0634
608.35,27.7306
608.85,30.1444
609.35,38.784
609.85,33.9326
610.35,28.3392
610.89,29.2368
611.46,35.143
612.02,31.5764
612.56,29.1876
613.11,29.8118
613.65,35.7074
614.15,31.5154
614.65,31.065
615.15,25.049
615.65,21.0034
616.15,27.833
616.7,24.3762
617.35,30.0084
618.12,25.0548
618.87,26.498
619.45,29.1864
619.95,28.1272
620.45,23.7536
620.95,31.0038
621.45,33.8944
621.95,31.262
622.49,27.1106
623.09,25.632
623.65,23.6668
624.15,24.5886
624.67,22.856
625.22,25.7248
625.75,28.1238
626.25,31.267
626.78,30.9426
627.33,30.2626
627.85,27.6846
628.35,26.8062
628.91,31.303
629.51,35.0938
630.05,40.585
630.6,33.9274
631.15,28.4976
631.65,30.4568
632.15,31.2362
632.65,26.2302
633.18,24.7032
633.73,25.634
634.25,26.7826
635.23,36.5316
636.33,22.2112
637.03,24.9868
637.68,29.5002
638.25,24.5584
638.75,24.9292
639.25,26.4378
639.75,30.9414
640.25,23.3728
640.75,26.127
641.27,24.1272
641.82,36.2396
642.35,30.2554
642.85,34.8348
643.35,34.0906
643.85,41.3606
644.35,39.3442
644.89,38.8438
645.44,36.8546
645.95,38.3498
646.45,39.7858
646.95,30.8532
647.45,25.2962
647.95,27.7716
648.45,30.3738
649.0,28.983
649.55,30.1716
650.1,34.9122
650.67,37.2666
651.25,35.0816
651.88,34.813
652.45,36.0578
652.95,32.9348
653.45,35.1556
653.95,28.6448
654.45,29.6188
655.03,29.1576
655.63,33.6422
656.15,33.5762
656.65,32.9948
657.15,33.1994
657.65,33.5178
658.19,36.8704
658.79,29.3638
659.35,32.3314
659.85,23.2096
660.35,17.8508
660.93,24.6544
661.53,26.8426
662.05,33.1358
662.56,26.6196
663.11,35.1796
663.65,34.6266
664.15,31.4472
664.65,33.705
665.15,40.6122
665.65,36.7356
666.15,31.1836
666.7,25.269
667.25,27.3626
667.75,34.7526
668.25,39.7798
668.75,34.3292
669.25,34.2184
669.76,21.8724
670.31,25.8212
670.88,35.4672
671.43,34.9306
671.95,31.0008
672.45,33.7612
672.95,28.2912
673.45,35.2726
673.98,32.2248
674.53,32.235
675.05,44.0706
675.55,31.6536
676.05,29.6268
676.57,22.0424
677.12,27.4632
677.65,29.0792
678.15,29.9928
678.89,31.8828
679.64,35.2282
680.25,37.6946
680.95,33.3872
681.55,33.0678
682.05,32.101
682.55,35.3136
683.05,35.0476
683.55,31.209
684.09,36.8118
684.64,35.9024
685.15,37.583
685.65,42.6132
686.15,39.0822
686.68,32.4638
687.23,38.7874
687.75,34.4842
688.25,37.732
688.79,45.5368
689.34,44.0162
689.85,33.9046
690.35,36.8612
690.85,33.6228
691.35,28.8018
691.85,29.263
692.35,23.4162
692.9,31.3944
693.49,49.5496
694.11,29.333
694.72,37.4958
695.26,35.79
695.81,35.3292
696.35,38.955
697.36,37.2966
698.71,40.6192
699.58,39.827
700.2,41.102
700.87,34.197
701.45,45.1424
701.95,41.4984
702.45,45.101
703.0,45.4696
703.55,34.8286
704.05,33.9782
704.56,41.498
705.11,42.696
705.7,31.8714
706.25,31.986
707.15,35.309
708.15,32.3344
708.83,30.3878
709.43,23.3602
709.95,24.7828
710.45,45.7926
710.96,43.469
711.51,38.756
712.05,41.2442
712.58,39.106
713.13,28.115
713.65,30.2312
714.15,37.9984
714.67,31.7846
715.22,35.5838
715.75,35.4388
716.25,26.9118
716.75,36.5696
717.25,37.8432
718.18,29.9892
719.18,27.1584
719.75,28.6234
720.25,29.8356
720.75,32.8746
721.25,33.865
721.75,37.765
722.25,35.444
722.85,38.3264
723.75,33.016
724.59,37.8488
725.14,30.69
725.69,27.5376
726.24,30.2968
726.75,41.7218
727.25,38.5818
727.75,37.8288
728.25,38.743
728.83,44.424
729.43,35.3436
729.99,40.4604
730.56,36.3608
731.12,23.2424
732.23,28.6368
733.48,35.2284
734.25,36.8378
734.98,35.6918
735.63,36.7066
736.15,42.4566
736.67,34.203
737.22,33.0462
737.75,34.7206
738.25,35.3418
738.75,32.2574
739.25,38.4534
739.75,33.0206
740.33,34.705
741.53,38.106
744.65,38.2754
747.23,34.4662
747.91,34.6926
748.53,36.0688
749.1,30.4102
749.81,32.18
750.51,39.4932
751.05,36.8164
751.6,42.6388
752.15,40.219
752.67,38.7894
753.32,34.4692
754.19,31.0346
755.1,31.778
755.96,37.0326
756.65,37.1034
757.15,36.2874
757.66,36.2364
758.21,36.7288
758.75,33.5488
759.25,32.8718
759.75,30.2364
760.25,34.5826
760.8,31.1552
761.6,26.5788
762.35,27.8042
762.94,40.8526
763.63,38.9964
764.24,37.3614
764.75,37.272
765.25,39.323
765.85,38.8022
766.5,46.1492
767.05,36.6808
767.55,38.4324
768.05,39.5426
768.95,41.0722
770.45,39.0526
771.57,37.1982
772.12,31.0572
772.74,38.7422
773.45,38.1754
774.16,53.7316
774.78,31.9706
775.43,32.5804
776.05,27.9164
776.56,31.066
777.11,33.7442
777.67,35.5046
778.26,41.0206
778.91,41.9672
779.57,35.7292
780.15,34.1208
780.67,34.69
781.22,38.6182
781.75,40.333
782.26,39.2612
782.86,35.416
783.45,31.591
783.97,36.5634
784.53,34.5556
785.11,26.229
785.65,26.4182
786.15,33.0784
786.67,34.3588
787.22,28.4708
787.82,37.5262
788.57,39.2696
789.26,39.768
789.82,33.2042
790.41,27.0704
791.03,35.8448
791.71,43.533
792.35,38.3044
792.92,41.8974
793.45,40.1644
793.99,37.0424
794.55,33.9836
795.11,34.4464
795.68,30.5184
796.23,28.7292
796.79,31.0222
797.4,29.5308
798.05,35.8708
798.64,37.536
799.15,40.9106
799.68,41.2716
800.32,42.5916
801.04,42.5336
801.87,41.8758
802.92,39.9356
803.75,36.5788
804.25,39.7042
804.78,37.4088
805.33,35.2826
805.85,32.9704
806.35,31.7698
806.89,35.9094
807.54,33.054
808.6,31.457
809.55,28.9532
810.05,34.6282
810.56,35.5168
811.11,31.2012
811.65,29.811
812.6,32.7908
813.55,37.3682
814.19,37.4822
815.04,39.3704
815.75,38.8412
816.25,45.411
816.78,40.9944
817.33,42.5328
817.87,40.8098
818.42,39.9154
818.95,35.0378
819.45,37.1698
819.95,37.276
820.45,40.837
821.0,37.772
821.55,36.0956
822.05,41.9966
822.99,31.8628
824.63,35.1262
825.84,35.188
826.43,33.473
827.13,26.6394
827.75,30.9796
828.25,42.5174
828.78,37.2898
829.33,41.4044
829.85,39.6898
830.55,37.6306
831.25,39.2794
831.77,33.1854
832.32,28.6396
832.89,36.5938
833.44,39.0976
833.95,38.9526
834.45,37.8832
835.0,34.46
835.57,40.1598
836.22,37.4878
836.95,36.4514
837.8,29.8614
838.59,31.9762
839.19,29.9078
839.84,35.9732
840.55,33.2314
841.22,30.6876
842.01,34.357
842.84,39.2078
843.79,36.7398
844.7,36.7132
845.26,35.1088
846.15,33.421
847.56,32.0098
848.64,30.1788
849.22,31.7494
849.86,35.6232
850.55,33.8122
851.19,26.223
851.77,33.027
852.32,37.0842
852.95,40.58
853.55,37.125
854.05,38.098
854.6,32.6044
855.35,33.822
856.05,32.868
856.73,37.2722
857.72,36.9462
858.54,37.6912
859.05,45.8574
859.58,39.6698
860.18,38.7534
860.78,34.243
861.37,31.5966
861.94,28.1602
862.45,25.2556
863.0,35.921
863.55,31.5536
864.07,33.6232
864.62,32.4632
865.25,38.6196
865.88,37.1366
866.53,38.245
867.15,32.632
867.65,22.7142
868.15,33.7534
868.67,28.091
869.22,26.7604
869.75,26.9702
870.28,35.7292
870.83,37.688
871.38,38.2038
871.93,40.3862
872.45,38.138
873.0,36.4806
873.55,36.444
874.07,39.7446
874.64,36.5244
875.22,36.3318
875.75,37.0242
876.25,32.5194
876.84,37.7062
877.5,36.2562
878.16,41.5136
878.95,51.2014
879.65,50.57
880.15,43.382
880.67,41.8486
881.22,49.0856
881.76,50.1612
882.43,45.081
883.17,43.7448
883.79,38.9902
884.34,47.4126
884.89,41.4092
885.44,37.3274
885.95,43.6246
886.45,41.9186
886.96,42.1312
887.51,40.9798
888.05,39.5958
888.55,41.3718
889.1,42.7898
889.65,46.6352
890.4,41.8552
892.15,44.2804
893.73,42.6466
894.33,40.0728
894.89,42.4558
895.44,46.3818
896.0,47.9018
896.6,43.3506
897.16,37.133
897.71,39.1434
898.25,46.0748
898.78,41.4918
899.93,43.0504
901.06,38.1886
901.61,27.8358
902.15,42.5468
902.67,45.2378
903.24,42.9278
903.84,41.1548
904.59,49.8688
905.46,43.318
906.14,40.1438
906.7,40.6716
907.25,49.6656
907.77,58.7544
908.32,49.7726
908.89,46.5976
909.44,41.2518
909.95,40.8022
910.48,35.1446
911.03,25.8664
911.59,37.7822
912.46,44.2896
913.77,42.5944
914.8,38.8326
915.35,40.0394
915.85,43.5536
916.36,41.3056
917.06,43.151
917.9,44.3098
918.56,42.1196
919.11,33.5224
919.65,37.251
920.15,37.2976
920.69,35.9912
921.24,36.8326
921.81,33.7756
922.47,36.095
923.11,30.0262
923.65,33.4454
924.23,33.8006
924.83,38.7822
925.35,40.55
925.87,43.204
926.42,37.5216
926.95,42.4646
927.45,46.325
927.96,42.1764
928.52,46.797
929.11,43.0558
929.65,41.0106
930.18,49.288
930.73,46.3524
931.34,48.609
931.99,46.2584
932.62,40.299
933.22,43.6168
933.75,44.8808
934.7,42.244
935.65,51.4378
936.2,47.3702
936.79,42.8962
937.39,34.6696
937.97,35.145
938.76,39.21
939.73,41.711
940.44,37.8006
941.0,37.9566
941.61,37.2456
942.25,36.9806
942.88,43.2394
943.53,39.5174
944.19,40.4216
944.78,38.7392
945.33,40.1122
945.85,38.1202
946.35,38.7468
946.94,39.6712
947.59,45.0118
948.25,45.9338
948.89,42.9224
949.49,41.682
950.1,38.3902
950.73,40.8206
951.38,40.6146
952.0,40.2632
952.6,45.4242
953.15,40.9814
953.65,36.8966
954.15,35.7598
954.71,43.1376
955.31,41.4796
955.92,42.2768
956.53,44.192
957.11,44.8152
957.65,45.627
958.17,47.1388
959.29,45.3574
960.77,38.1146
961.65,43.0518
962.15,35.8968
962.96,39.4054
964.71,44.0214
966.15,45.6978
966.69,44.6478
967.25,34.1136
967.85,40.0236
968.46,40.626
969.02,44.4118
969.65,42.625
970.35,38.932
970.96,37.5544
971.51,32.2262
972.05,43.732
972.59,42.7112
973.21,35.4182
973.82,39.9528
974.37,39.0234
974.92,39.7588
975.46,33.2678
976.01,38.8064
976.8,49.2788
977.55,62.7584
978.05,41.6694
978.59,45.344
979.19,40.8544
979.75,42.9384
980.3,38.1578
981.01,41.5492
981.81,37.387
982.45,35.9892
983.04,33.0642
983.68,40.0092
984.24,41.478
984.75,35.3892
985.3,35.276
986.08,36.1178
986.87,43.1798
987.44,39.2988
987.95,45.5912
988.45,42.1846
989.01,41.0786
989.82,22.0706
990.81,36.4384
991.58,44.5378
992.26,35.0692
992.98,36.7842
993.55,36.1566
994.12,29.9042
994.78,42.4726
995.48,44.5986
996.12,34.672
996.75,34.4904
997.42,31.2274
998.21,30.782
998.99,42.9758
999.59,39.6978
1000.23,38.719
1000.89,46.6772
1001.5,47.8856
1002.08,39.4988
1002.68,37.3554
1003.38,39.1244
1004.16,40.9776
1004.87,43.8494
1005.44,44.8456
1006.01,46.7286
1006.7,48.9362
1007.43,39.4912
1008.04,38.4522
1008.56,40.8222
1009.15,40.4116
1009.83,36.6944
1010.71,42.1928
1011.87,44.2402
1012.83,37.751
1013.5,35.5294
1014.25,32.4868
1015.04,38.4048
1015.81,36.015
1016.48,41.5946
1017.03,26.6414
1017.6,21.826
1018.18,22.607
1018.76,36.4684
1019.33,23.2286
1019.85,27.2156
1020.37,21.9318
1020.93,38.5624
1021.54,38.2508
1022.13,37.6718
1022.67,31.1422
1023.22,30.6124
1023.78,30.9352
1024.33,28.2978
1024.95,27.4288
1025.55,24.6888
1026.05,23.8896
1026.57,21.8888
1027.15,28.3376
1027.78,22.5518
1028.37,24.7628
1028.98,36.7878
1029.87,31.4784
1031.62,22.3084
1033.12,37.0786
1033.74,31.1024
1034.38,30.1846
1035.0,48.644
1035.55,40.3652
1036.1,29.867
1036.8,33.3812
1037.65,32.2928
1038.35,36.1394
1038.96,42.3806
1039.61,32.567
1040.2,32.8504
1040.83,42.6458
1041.43,30.2356
1042.04,37.0644
1042.72,41.8372
1043.37,37.906
1044.01,41.6556
1044.64,42.0826
1045.26,33.8436
1045.84,27.004
1046.4,31.5572
1047.05,36.186
1047.74,27.4898
1048.47,35.5298
1049.17,32.5282
1049.77,21.7744
1050.36,16.1032
1050.98,27.3446
1051.55,22.61
1052.13,17.1632
1052.77,26.0968
1053.39,20.981
1054.01,27.4392
1054.68,26.8294
1055.33,22.3618
1055.93,16.0732
1056.53,25.1708
1057.14,25.4352
1057.77,36.3394
1058.36,27.725
1058.96,31.3264
1059.65,29.814
1060.31,32.5596
1060.86,25.6114
1061.53,36.8998
1062.45,40.467
1063.28,26.656
1063.86,29.5516
1064.45,28.0216
1065.04,37.8342
1065.55,17.1062
1066.06,30.1872
1066.77,23.1182
1067.71,19.7034
1068.51,24.5462
1069.13,32.4316
1069.83,30.0804
1070.51,34.8042
1071.1,19.006
1071.7,28.6622
1072.27,24.384
1072.86,35.1074
1073.44,28.4072
1074.02,30.2614
1074.74,30.6394
1075.53,29.9942
1076.25,27.4338
1076.92,42.745
1077.61,32.7294
1078.23,37.3588
1078.78,32.3488
1079.4,40.7192
1080.12,21.5666
1080.8,36.3042
1081.43,24.0994
1082.08,25.9736
1082.7,29.641
1083.36,26.4508
1084.01,32.4152
1084.56,30.5072
1085.11,41.2734
1085.69,37.4484
1086.25,29.2954
1086.81,25.0704
1087.36,21.9194
1087.91,22.8006
1088.51,23.9386
1089.16,17.1864
1089.75,22.4198
1090.34,33.1142
1090.94,27.0144
1091.45,26.9824
1091.98,22.7638
1092.62,28.7254
1093.3,31.7602
1093.91,37.6534
1094.45,34.003
1095.36,19.2596
1096.81,24.6484
1097.87,20.2222
1098.46,28.2232
1099.22,17.3788
1100.07,30.3122
1100.84,36.4012
1101.54,35.1986
1102.16,32.815
1102.72,35.868
1103.39,33.2008
1104.07,21.107
1104.7,25.264
1105.32,29.2576
1105.89,35.1278
1106.47,43.196
1107.09,51.5188
1107.71,36.894
1108.25,31.8184
1108.94,28.7626
1109.86,26.1692
1110.64,18.5818
1111.22,23.3784
1111.78,33.7808
1112.38,30.8786
1113.02,37.277
1113.66,34.613
1114.24,42.8958
1114.79,32.4118
1115.34,20.5056
1115.95,29.3516
1116.6,26.4842
1117.2,31.22
1117.75,39.826
1118.29,38.9338
1118.88,45.423
1119.44,31.8848
1120.03,26.0618
1120.93,24.6602
1121.95,28.5068
1122.73,34.392
1123.37,16.4152
1124.03,30.6984
1124.69,23.5014
1125.28,30.442
1125.93,23.8562
1126.56,34.4364
1127.11,31.484
1127.7,35.2218
1128.3,32.821
1128.89,27.3104
1129.46,26.73
1130.05,24.532
1130.71,27.3052
1131.38,31.8062
1131.98,27.114
1132.53,36.2214
1133.1,30.61
1133.69,24.8148
1134.36,26.811
1135.07,25.6164
1135.66,43.172
1136.21,48.81
1136.78,41.9412
1137.43,37.5794
1138.08,41.0812
1138.65,46.323
1139.22,44.9336
1139.77,33.9916
1140.32,39.4046
1140.89,47.0642
1141.44,42.2752
1141.96,41.4964
1142.51,31.348
1143.1,42.8156
1143.7,37.4342
1144.27,42.2462
1145.69,31.9938
1147.32,36.6208
1148.05,32.5796
1148.64,22.9202
1149.43,23.5586
1150.26,12.6628
1150.97,25.1128
1151.55,18.177
1152.1,17.7002
1152.74,24.2124
1153.34,18.8034
1153.9,22.3508
1154.5,22.1328
1155.05,25.3676
1155.59,37.3604
1156.18,25.1948
1156.78,32.4728
1157.34,30.548
1157.85,22.5108
1158.42,27.0228
1159.02,30.732
1159.55,27.0594
1160.05,30.0174
1160.58,33.2012
1161.16,22.174
1161.73,28.8924
1162.31,33.3508
1163.1,33.6294
1163.88,36.2192
1164.47,31.0146
1165.1,28.4888
1165.72,32.2298
1166.26,22.9288
1166.81,20.6794
1167.4,28.495
1168.04,31.7498
1168.72,35.494
1169.34,28.8626
1169.93,27.6496
1170.56,32.6946
1171.24,34.413
1171.91,38.3854
1172.52,40.1226
1173.11,43.8098
1173.77,42.879
1174.42,32.4944
1175.0,44.309
1175.55,40.4308
1176.13,45.0412
1176.76,40.5164
1177.36,40.2816
1178.25,30.3654
1179.12,37.3514
1179.71,37.6906
1181.48,21.08
1183.22,38.4926
1183.75,38.4268
1184.28,44.5286
1184.88,45.1178
1185.45,32.8714
1185.98,38.405
1186.63,41.4384
1187.25,51.921
1187.75,39.1474
1188.27,43.5838
1188.86,31.9716
1189.44,26.133
1189.96,39.4922
1190.53,29.7306
1191.12,24.9596
1191.7,26.3852
1192.29,26.956
1192.94,50.8726
1193.55,51.7994
1194.05,32.4202
1194.56,35.9566
1195.11,22.6644
1195.83,22.4256
1196.68,23.6404
1197.35,35.9746
1198.05,31.3298
1198.85,38.2286
1199.45,46.2558
1200.0,39.7794
1200.58,33.3854
1201.23,25.9172
1201.86,13.1052
1202.41,17.2916
1203.0,28.5258
1203.56,28.946
1204.11,21.2398
1204.67,37.1512
1205.22,34.122
1205.77,21.6792
1206.32,23.8398
1206.89,35.9278
1207.44,36.808
1208.04,31.9456
1208.69,27.4658
1209.25,26.6084
1209.78,25.771
1210.42,24.6256
1211.17,31.3014
1211.84,28.3724
1212.41,30.5064
1213.0,31.057
1213.58,25.3472
1214.13,25.5608
1214.67,24.1808
1215.22,21.4804
1215.75,15.2704
1216.25,21.1116
1216.78,25.3554
1217.33,22.6164
1217.88,19.8852
1218.43,34.0926
1219.28,20.785
1220.18,27.9652
1220.78,27.206
1221.33,25.51
1221.85,27.6114
1222.35,30.8438
1222.89,35.5814
1223.49,38.8924
1224.09,31.698
1224.72,27.4362
1225.33,30.2092
1225.85,20.5476
1226.35,24.3758
1226.89,33.3178
1227.44,32.9634
1227.95,29.0592
1228.51,22.1308
1229.17,26.9684
1229.81,27.1596
1230.35,25.4068
1230.89,31.9518
1231.44,39.5238
1231.95,44.993
1232.47,32.3616
1233.1,24.4718
1233.83,25.6374
1234.45,32.281
1234.95,35.8268
1235.45,27.5942
1235.98,24.5566
1236.65,31.6194
1237.37,24.462
1238.01,29.2022
1238.61,29.2286
1239.15,27.007
1239.65,33.9572
1240.2,26.0294
1240.75,21.0158
1241.25,25.0364
1241.85,25.0498
1242.61,20.5118
1243.31,27.479
1243.88,19.5334
1244.43,29.0392
1244.95,38.983
1245.49,38.9298
1246.06,35.4424
1246.62,42.0306
1247.15,39.9546
1247.65,38.9778
1248.15,43.3078
1248.8,55.6366
1249.8,26.3028
1250.67,26.7496
1251.22,26.4132
1251.75,33.9394
1252.25,35.0568
1252.78,28.3684
1253.33,30.6856
1253.85,22.6038
1254.35,30.5984
1254.86,37.288
1255.41,40.4402
1255.95,39.9056
1256.45,38.257
1257.0,29.5594
1257.55,27.8728
1258.05,25.2698
1258.59,24.1894
1259.14,27.5772
1259.65,30.892
1260.16,34.155
1260.71,32.686
1261.25,34.1804
1261.75,33.7572
1262.27,29.4528
1263.3,28.0524
1264.47,29.3552
1265.19,31.7956
1265.78,36.2368
1266.35,37.3502
1266.92,35.9152
1267.45,42.1312
1267.95,28.0054
1268.45,33.6456
1269.0,29.5174
1269.55,26.2982
1270.05,23.9572
1270.56,26.6196
1271.13,24.8258
1271.72,25.249
1272.25,36.3794
1272.78,34.228
1273.33,33.0434
1273.85,36.7696
1274.4,46.6706
1274.95,31.2044
1275.45,27.5448
1276.01,41.1064
1276.83,38.3046
1277.62,32.1612
1278.15,17.3196
1278.65,18.1734
1279.15,37.8634
1279.65,22.1958
1280.16,16.8172
1280.74,20.1
1281.33,19.9974
1281.85,24.6076
1282.4,25.8078
1283.0,20.2566
1283.55,25.6108
1284.05,36.067
1284.56,26.2622
1285.11,29.0418
1285.65,34.4032
1286.54,45.0654
1287.44,43.4866
1287.95,40.4998
1288.45,39.433
1289.0,41.884
1289.55,33.1718
1290.05,31.2644
1290.56,31.3788
1291.11,37.5472
1291.65,39.6836
1292.15,40.9384
1292.7,44.1614
1293.25,39.847
1293.8,35.432
1294.35,39.1076
1294.9,27.1916
1295.47,41.6656
1296.02,48.6014
1296.56,38.1888
1297.11,23.3918
1297.68,28.3418
1298.23,21.3998
1298.78,33.901
1299.33,28.1136
1299.95,38.1458
1300.56,46.7504
1301.15,33.9674
1301.74,28.7412
1302.25,31.2266
1302.78,37.3176
1303.33,43.8976
1303.89,41.2338
1304.5,44.8474
1305.11,42.7706
1305.65,40.2478
1306.15,36.8204
1306.7,34.9246
1307.25,29.7168
1307.75,30.6194
1308.25,39.4148
1308.78,45.9004
1309.33,32.4774
1309.85,27.4378
1310.35,17.4526
1310.85,26.6388
1311.35,26.247
1311.87,25.3422
1312.42,32.7866
1313.0,23.774
1313.55,35.869
1314.05,24.1162
1314.56,29.823
1315.11,37.5618
1315.65,32.0402
1316.15,23.332
1316.65,25.9264
1317.15,33.3978
1317.69,26.8798
1318.24,29.4544
1318.78,32.3798
1319.33,38.674
1319.85,37.427
1320.35,41.278
1320.85,38.2156
1321.35,63.8024
1321.85,40.906
1322.35,42.0222
1322.99,40.0952
1323.69,35.119
1324.25,32.5774
1324.75,35.0756
1325.25,26.8056
1325.77,81.608
1326.32,30.6062
1326.85,33.255
1327.35,32.0628
1327.85,33.3342
1328.35,28.3144
1328.89,33.955
1329.44,41.0736
1329.95,39.0982
1330.45,38.3262
1330.97,34.9464
1331.52,36.7264
1332.05,41.2306
1332.55,32.2856
1333.05,36.4696
1333.55,30.7622
1334.05,27.9612
1334.56,40.9274
1335.11,35.2958
1335.73,36.108
1336.36,38.9396
1337.03,49.5706
1337.65,52.1248
1338.15,48.1808
1338.67,44.6288
1339.22,46.314
1339.75,36.0616
1340.27,57.3034
1340.82,42.1942
1341.35,46.17
1341.85,51.531
1342.4,44.9104
1342.95,34.0186
1343.46,38.2488
1344.01,48.0976
1344.55,55.9576
1345.05,52.7966
1345.55,57.1808
1346.05,46.777
1346.55,56.7666
1347.05,37.832
1347.55,26.2318
1348.1,40.4432
1348.65,49.1716
1349.15,51.3036
1349.67,30.4194
1350.22,31.9636
1350.75,31.6818
1351.25,19.6706
1351.75,22.9986
1352.25,25.0336
1352.78,35.128
1353.33,34.153
1353.85,42.876
1354.35,40.8198
1354.85,33.6196
1355.35,38.689
1355.85,40.2198
1356.35,40.4944
1356.89,29.5724
1357.44,39.2514
1357.95,25.7488
1358.45,35.4022
1358.95,48.3552
1359.45,35.0242
1359.95,26.44
1360.45,32.3528
1361.0,32.2476
1361.55,25.4004
1362.05,39.1046
1362.55,50.242
1363.05,43.9886
1363.55,35.4496
1364.05,35.9688
1364.56,61.7472
1365.11,39.065
1365.65,36.882
1366.15,37.5724
1366.67,43.1592
1367.22,47.8918
1367.75,39.257
1368.25,47.3194
1368.78,47.0898
1369.33,44.4848
1369.85,35.0564
1370.5,37.6234
1371.25,31.9346
1371.85,38.563
1372.35,28.3388
1372.95,31.071
1373.55,34.3536
1374.05,39.7456
1374.55,36.945
1375.05,29.823
1375.55,35.951
1376.05,44.227
1376.56,33.9592
1377.11,35.4862
1377.65,29.6714
1378.15,26.931
1378.67,30.0582
1379.22,38.4806
1379.75,28.2862
1380.25,30.2566
1380.75,39.8
1381.25,35.139
1381.75,38.1104
1382.25,37.1728
1382.75,34.0904
1383.25,40.5986
1383.75,31.5148
1384.25,41.1264
1384.78,31.5382
1385.33,33.1804
1385.85,32.2664
1386.35,26.3404
1386.85,39.2392
1387.35,44.7948
1387.85,34.1882
1388.35,37.9028
1388.89,30.0878
1389.44,21.658
1389.95,21.6434
1390.45,30.7846
1390.95,25.1754
1391.45,21.096
1391.95,16.8568
1392.45,31.2706
1392.95,39.5688
1393.45,39.5554
1393.95,33.6668
1394.45,26.3766
1396.0,24.7014
1397.55,20.506
1398.05,27.3452
1398.76,32.0894
1400.31,44.4438
1401.65,37.6348
1402.15,34.0456
1402.65,38.5612
1403.15,29.3966
1403.65,25.6802
1404.15,29.3772
1404.65,27.8408
1405.15,49.5866
1405.65,40.4768
1406.18,24.1706
1406.73,29.2792
1407.25,20.3706
1407.75,28.2288
1408.25,20.2842
1408.75,29.3534
1409.25,38.3084
1409.75,29.6462
1410.25,29.0228
1410.78,30.7492
1411.33,30.2012
1411.85,23.0614
1412.35,34.51
1412.89,38.6212
1413.44,61.7594
1413.95,38.181
1414.45,38.3892
1414.95,43.3116
1415.45,37.8316
1415.95,43.5456
1416.45,39.8916
1417.0,40.2896
1417.55,37.897
1418.05,36.7404
1418.55,36.2356
1419.05,28.0022
1419.55,39.0234
1420.05,41.2992
1420.56,38.4534
1421.11,38.5156
1421.65,44.5504
1422.15,39.462
1422.65,35.7538
1423.15,37.1856
1423.65,37.6478
1424.15,37.63
1424.65,39.9872
1425.15,42.9582
1425.65,48.0244
1426.15,47.9462
1426.68,42.8726
1427.23,31.4322
1427.75,50.7288
1428.25,37.5598
1428.75,34.1108
1429.25,35.6872
1429.75,37.3132
1430.25,32.1788
1430.77,38.8396
1431.32,37.4112
1431.85,35.6868
1432.35,39.7342
1432.85,33.1802
1433.35,29.1078
1433.85,38.8704
1434.35,30.6154
1434.85,31.688
1435.35,26.042
1435.85,26.9072
1436.38,29.1658
1436.93,37.1084
1437.45,34.4828
1437.95,43.791
1438.45,40.6378
1438.95,41.2698
1439.45,54.3976
1439.95,34.738
1440.45,30.3342
1440.95,38.9228
1441.49,37.7536
1442.04,37.3656
1442.56,38.3396
1443.11,29.4446
1443.65,33.772
1444.15,41.0384
1444.65,70.1668
1445.15,35.6454
1445.65,29.0342
1446.15,44.316
1446.65,46.4984
1447.15,35.8812
1447.65,29.858
1448.15,33.4294
1448.67,40.0048
1449.22,41.2746
1449.78,40.8214
1450.33,35.5532
1450.85,42.9442
1451.35,40.9042
1451.85,42.1282
1452.35,28.021
1452.85,40.9048
1453.35,45.1074
1453.85,47.3634
1454.35,42.9034
1454.89,35.405
1455.44,30.8772
1455.95,41.4724
1456.45,50.3658
1456.95,36.6586
1457.45,39.4198
1457.95,33.7832
1458.45,38.721
1458.95,40.0078
1459.46,41.689
1460.01,35.9932
1460.55,38.142
1461.05,41.9376
1461.55,39.8026
1462.05,39.5392
1462.55,38.1536
1463.05,39.1386
1463.55,45.394
1464.05,37.2202
1464.56,40.0742
1465.11,44.3234
1465.65,37.7366
1466.15,34.9974
1466.67,41.6074
1467.22,41.3752
1467.75,38.909
1468.25,26.6248
1468.75,27.9496
1469.25,27.5866
1469.75,28.5542
1470.25,31.4846
1470.75,38.469
1471.25,39.9622
1471.75,37.8794
1472.25,44.07
1472.78,42.3886
1473.33,48.7898
1473.85,47.7704
1474.35,52.196
1474.85,45.0006
1475.35,43.2484
1475.85,39.9188
1476.35,41.9364
1476.89,48.2548
1477.44,61.1954
1477.95,45.3966
1478.45,35.1788
1478.95,48.9312
1479.45,47.37
1479.95,54.9288
1480.45,58.8968
1481.0,29.9102
1481.55,31.6512
1482.05,30.6972
1482.55,38.7358
1483.05,31.0834
1483.55,31.5204
1484.05,40.0066
1484.55,34.2852
1485.05,51.3506
1485.55,41.471
1486.05,47.688
1486.56,45.7236
1487.11,42.6628
1487.65,39.1584
1488.15,39.6724
1488.65,45.6392
1489.15,39.7584
1489.65,42.949
1490.15,72.9108
1490.67,48.73
1491.22,42.1732
1491.75,42.0338
1492.25,38.008
1492.75,35.424
1493.25,33.5714
1493.75,38.9518
1494.25,35.796
1494.75,45.8558
1495.25,43.5152
1495.75,40.9456
1496.27,42.341
1496.82,44.615
1497.35,32.4436
1497.85,31.3448
1498.35,30.7924
1498.85,41.0304
1499.35,40.8012
1499.89,55.5472
1500.44,54.9196
1500.95,52.1214
1501.57,49.9156
1502.37,61.265
1504.05,51.035
1505.55,44.7698
1506.05,53.6358
1506.55,50.8854
1507.05,48.534
1507.55,44.134
1508.05,54.0346
1508.56,50.2748
1509.11,56.7872
1509.65,50.818
1510.15,36.2532
1510.65,41.1808
1511.15,58.5496
1511.65,48.3056
1512.15,35.9246
1512.65,40.1556
1513.15,52.5922
1513.65,52.895
1514.15,46.1778
1514.68,47.0584
1515.23,54.953
1515.75,53.069
1516.25,57.7562
1516.75,58.8826
1517.25,64.9978
1517.75,66.1318
1518.26,63.0348
1518.81,54.1116
1519.35,68.5254
1519.85,69.9424
1520.35,63.8884
1520.85,63.918
1521.35,59.599
1521.85,49.903
1522.35,44.5674
1522.85,47.3488
1523.35,55.3674
1523.85,46.7562
1524.35,48.3502
1524.89,47.6684
1525.44,43.482
1525.95,41.9886
1526.45,42.3354
1526.95,47.1124
1527.45,51.3092
1527.95,46.6214
1528.45,47.1094
1528.95,46.2566
1529.45,46.7512
1529.95,46.226
1530.45,46.9596
1531.0,48.3806
1531.55,44.1224
1532.05,47.0048
1532.55,52.9934
1533.05,45.3458
1533.55,52.4028
1534.05,51.5736
1534.56,50.3762
1535.11,46.6122
1535.65,48.9982
1536.15,48.9246
1536.65,47.3928
1537.15,37.165
1537.65,43.3798
1538.15,38.8442
1538.65,43.6496
1539.15,51.1348
1539.67,53.062
1540.22,53.0786
1540.75,55.508
1541.25,58.9418
1541.75,61.5992
1542.25,58.8508
1542.75,47.8828
1543.25,48.309
1543.75,45.089
1544.25,46.3356
1544.78,43.0508
1545.33,44.8874
1545.85,44.8526
1546.35,41.7782
1546.85,50.4756
1547.35,49.6172
1547.85,55.769
1548.35,52.2346
1548.89,51.6708
1549.44,59.5452
1550.0,55.6016
1550.55,57.2214
1551.05,53.7914
1551.55,48.5022
1552.05,52.3266
1552.55,56.3746
1553.05,55.6258
1553.55,48.5072
1554.05,55.8336
1554.56,51.9796
1555.11,48.7274
1555.65,50.1016
1556.15,56.343
1556.65,44.1544
1557.15,47.8056
1557.65,49.8944
1558.15,56.893
1558.65,59.779
1559.15,61.149
1559.65,62.2678
1560.18,64.8826
1560.73,59.135
1561.25,43.8908
1561.75,46.9062
1562.25,44.8852
1562.75,48.0544
1563.25,46.758
1563.75,56.703
1564.25,49.5796
1564.78,45.676
1565.33,27.0206
1565.85,23.8744
1566.35,30.1668
1566.85,38.212
1567.35,50.5522
1567.85,38.9114
1568.38,39.33
1568.93,52.906
1569.45,50.6476
1569.95,50.9648
1570.45,52.1548
1570.95,46.1804
1571.45,43.7368
1571.95,44.9254
1572.45,43.7678
1572.95,41.5522
1573.45,38.4816
1573.95,39.8752
1574.45,43.1352
1575.0,49.422
1575.55,55.275
1576.05,43.2182
1576.55,46.9846
1577.05,45.5108
1577.55,49.1246
1578.05,53.9984
1578.55,47.628
1579.05,59.6266
1579.55,50.697
1580.05,39.273
1580.56,51.0594
1581.11,45.0348
1581.65,44.3858
1582.15,45.8282
1582.65,40.4136
1583.15,42.6818
1583.65,41.0094
1584.15,38.892
1584.65,39.0354
1585.15,39.4
1585.65,38.698
1586.16,37.6862
1586.71,49.8952
1587.25,33.6448
1587.75,29.668
1588.25,40.9352
1588.75,56.4466
1589.25,50.1304
1589.75,44.7882
1590.25,47.6094
1590.78,53.4868
1591.33,44.4038
1591.85,47.5194
1592.35,42.022
1592.85,40.5054
1593.35,44.6692
1593.85,39.7188
1594.35,52.2844
1594.89,45.9104
1595.44,47.3676
1595.95,54.6692
1596.45,46.6434
1596.95,48.8444
1597.45,30.828
1597.95,33.4342
1598.45,39.7844
1599.0,44.8742
1599.56,36.0982
1600.11,46.0504
1600.65,44.125
1601.15,44.1398
1601.65,41.4698
1602.15,37.9344
1602.65,48.335
1603.15,41.0772
1603.65,37.6874
1604.15,41.5836
1604.67,44.9542
1605.22,41.9478
1605.75,44.5996
1606.25,40.7186
1606.75,42.0752
1607.25,48.0988
1607.75,50.035
1608.25,50.1012
1608.78,46.9614
1609.33,51.6814
1609.85,48.3624
1610.35,47.3976
1610.85,50.0746
1611.35,50.2218
1611.85,50.9958
1612.35,49.825
1612.89,52.9684
1613.44,46.6456
1613.95,53.6698
1614.45,54.2382
1615.75,43.677
1617.25,47.7
1617.95,46.2706
1618.45,46.9362
1619.75,46.453
1621.25,47.1224
1621.95,45.3436
1622.45,39.6292
1622.95,35.2678
1623.45,42.1764
1623.95,41.7906
1624.45,42.7524
1625.0,41.6876
1625.55,44.2538
1626.05,40.3644
1626.55,44.0256
1627.05,56.6138
1627.55,49.8066
1628.05,46.9836
1628.55,51.295
1629.05,40.4308
1629.55,44.4028
1630.05,45.7712
1630.56,40.5476
1631.11,32.4368
1631.65,34.7778
1632.15,34.0794
1632.65,38.6656
1633.15,40.207
1633.65,39.1422
1634.15,37.0836
1634.67,38.5784
1635.22,42.5744
1635.75,36.9754
1636.25,44.465
1636.75,43.3354
1637.25,42.1672
1637.75,39.8698
1638.25,45.2306
1638.78,49.4092
1639.33,51.42
1639.85,47.4748
1640.35,49.0352
1640.85,56.6086
1641.35,55.5186
1641.85,48.1882
1642.35,52.3788
1642.89,50.3676
1643.44,39.04
1643.95,34.6578
1644.45,32.4718
1644.95,42.9108
1645.45,39.3238
1645.95,45.2174
1646.45,54.6534
1647.0,49.9744
1647.55,56.3912
1648.05,63.8734
1648.55,67.742
1649.05,49.2352
1649.56,56.9532
1650.11,56.225
1650.65,63.2274
1651.15,53.0796
1651.65,47.8028
1652.15,46.7036
1652.67,34.8024
1653.22,40.7308
1653.75,53.535
1654.25,35.8672
1654.75,41.8396
1655.25,49.5884
1655.75,48.0586
1656.25,44.625
1656.78,47.5664
1657.33,54.9836
1657.85,60.3606
1658.35,65.3
1658.85,58.5814
1659.35,50.0904
1659.85,44.796
1660.35,46.3576
1660.89,45.6826
1661.44,45.6218
1661.95,40.3194
1662.45,42.7998
1662.95,48.8224
1663.45,47.5256
1663.95,41.304
1664.49,42.519
1665.04,44.7508
1665.55,38.3338
1666.05,48.9962
1666.55,40.2726
1667.05,40.0518
1667.55,29.0784
1668.05,35.7908
1668.56,38.505
1669.11,40.9686
1669.65,52.9612
1670.15,42.583
1670.65,37.4854
1671.15,41.109
1671.65,30.5378
1672.15,43.613
1672.67,39.6808
1673.22,34.3326
1673.75,32.4526
1674.25,34.66
1674.75,37.5686
1675.25,40.5958
1675.75,35.9102
1676.25,34.3994
1676.75,20.7772
1677.25,19.6802
1677.75,6.1796
1678.25,4.8582
1678.78,0.269
1679.33,0.1288
1679.85,0.2016
1680.35,0.1142
1680.85,0.1754
1681.35,0.1546
1681.85,0.9252
1682.35,0.1238
1682.85,0.1282
1683.35,0.2746
1683.85,0.2836
1684.35,0.1372
1684.89,0.1334
1685.44,0.0966
1685.95,0.1084
1686.45,0.402
1686.95,0.8504
1687.45,0.4008
1687.95,0.0164
1688.45,0.016
1688.95,0.2048
1689.45,0.218
1689.95,0.7424
1690.49,0.2192
1691.04,0.0648
1691.55,0.105
1692.05,0.1418
1692.55,0.0708
1693.53,3.2078
1694.64,0.056
1695.31,0.0966
1695.85,0.0774
1696.35,0.1056
1696.85,0.2674
1697.35,0.3258
1697.85,0.2098
1698.37,0.221
1698.92,0.4252
1699.45,0.3854
1700.0,0.369
1700.55,0.3546
1701.1,0.121
1701.65,0.109
1702.15,0.1158
1702.65,0.153
1703.15,0.3102
1703.65,0.2576
1704.15,0.7064
1704.67,0.5748
1705.22,0.0874
1705.75,0.1194
1706.25,0.0726
1706.75,0.1282
1707.25,0.2422
1707.75,0.2048
1708.25,2.1108
1708.79,0.1228
1709.34,0.121
1709.85,0.2106
1710.35,0.2824
1710.89,5.1294
1711.44,2.9044
1711.95,6.8964
1712.45,19.9248
1713.0,10.8576
1713.55,26.3542
1714.05,14.907
1714.55,12.3284
1715.05,19.6026
1715.55,29.5472
1716.05,22.4194
1716.56,23.3392
1717.11,22.7218
1717.65,18.9874
1718.15,17.267
1718.67,36.6958
1719.22,11.8188
1719.75,5.747
1720.25,10.6268
1720.75,5.9682
1721.25,0.4376
1721.75,2.1724
1722.25,3.8272
1722.78,0.967
1723.33,0.1162
1723.85,0.1544
1724.35,0.3322
1724.85,0.0952
1725.35,3.622
1725.85,1.086
1726.35,2.0968
1726.85,25.8058
1727.35,30.8766
1727.89,0.9486
1728.44,20.1378
1728.95,29.681
1729.45,23.3492
1729.95,12.6358
1730.45,28.16
1731.0,18.3514
1731.55,12.9028
1732.05,14.028
1732.55,22.3274
1733.05,25.7358
1733.55,13.921
1734.05,13.3914
1734.56,19.3994
1735.11,19.898
1735.65,30.6506
1736.15,33.1834
1736.65,27.7912
1737.15,26.5202
1737.65,41.4742
1738.15,22.107
1738.67,33.3876
1739.22,35.8052
1739.75,28.669
1740.25,37.376
1740.75,31.9334
1741.25,18.7438
1741.75,21.5294
1742.25,32.435
1742.78,50.2228
1743.33,47.5084
1743.85,55.7734
1744.35,41.7046
1744.85,25.5098
1745.35,23.1936
1745.85,12.7136
1746.35,16.754
1746.89,18.2826
1747.44,20.2496
1747.95,19.088
1748.45,30.0368
1748.95,29.9614
1749.45,19.705
1750.0,22.6682
1750.55,25.5854
1751.05,27.5454
1751.55,21.2544
1752.05,25.7078
1752.55,32.778
1753.05,28.3106
1753.55,42.3044
1754.05,19.3006
1754.56,24.2606
1755.11,20.55
1755.65,21.0678
1756.15,33.1718
1756.67,24.1904
1757.22,26.093
1757.75,14.85
1758.25,19.3322
1758.75,22.6406
1759.25,24.0308
1759.75,29.6336
1760.25,35.4558
1760.78,24.431
1761.33,7.8556
1761.85,5.917
1762.35,0.3888
1762.87,0.2788
1763.42,24.7852
1763.95,31.3722
1764.45,31.1806
1764.95,23.9116
1765.45,31.7478
1765.95,22.682
1766.45,32.191
1766.95,31.4712
1767.45,37.6962
1767.96,37.9068
1768.51,43.7664
1769.05,48.9766
1769.55,36.27
1770.05,37.77
1770.55,37.3118
1771.05,47.3372
1771.55,41.3654
1772.05,37.945
1772.56,37.0396
1773.11,39.7308
1773.65,44.698
1774.15,45.0232
1774.65,35.0916
1775.15,38.518
1775.65,36.1956
1776.15,35.1068
1776.65,36.6246
1777.15,40.4322
1777.65,39.0396
1778.15,41.5456
1778.67,34.416
1779.22,33.0984
1779.75,28.6302
1780.25,31.7166
1780.75,40.5072
1781.25,26.0114
1781.75,24.6534
1782.25,15.3642
1782.78,28.0906
1783.33,26.7094
1783.85,32.1302
1784.35,29.1818
1784.85,35.4184
1785.35,35.0236
1785.85,39.6498
1786.35,39.4686
1786.85,31.4112
1787.35,41.2034
1787.85,39.648
1788.35,30.0606
1788.89,38.827
1789.44,31.14
1789.95,26.7156
1790.45,26.1856
1790.95,33.0048
1791.45,31.748
1791.95,28.332
1792.45,23.4958
1792.95,26.1724
1793.45,21.826
1793.95,40.477
1794.45,33.0396
1795.0,19.374
1795.55,21.9636
1796.05,16.354
1796.55,8.7402
1797.05,23.6018
1797.55,0.9484
1798.05,10.9306
1798.55,4.1786
1799.05,0.181
1799.56,10.8078
1800.11,0.4284
1800.65,3.7952
1801.15,0.144
1801.65,0.3514
1802.15,0.1478
1802.65,0.329
1803.15,0.1558
1803.65,0.45
1804.15,0.3778
1804.7,0.15
1805.25,3.4798
1805.75,0.403
1806.25,0.4046
1806.75,0.2522
1807.25,0.2404
1807.75,0.4342
1808.25,0.282
1808.78,0.2748
1809.33,0.2444
1809.85,0.1916
1810.35,0.2134
1810.85,0.1572
1811.35,0.114
1811.85,0.1814
1812.35,0.1364
1812.85,0.1948
1813.35,0.111
1813.85,0.1126
1814.35,0.1364
1814.89,0.1798
1815.44,0.1938
1815.95,0.1822
1816.45,0.2184
1816.95,0.1856
1817.45,0.1058
1817.95,0.1436
1818.45,0.5252
1819.0,0.3794
1819.55,0.4018
1820.05,0.4104
1820.55,0.267
1821.05,1.7018
1821.55,0.1294
1822.05,0.1806
1822.56,0.248
1823.11,0.3786
1823.65,0.3114
1824.15,0.3224
1824.65,0.304
1825.15,0.1408
1825.65,0.156
1826.15,0.1644
1826.65,0.1424
1827.15,0.1184
1827.65,0.1048
1828.15,0.104
1828.67,0.1798
1829.22,0.187
1829.75,0.2164
1830.25,0.1598
1830.75,0.1176
1831.25,0.1058
1831.75,0.151
1832.25,0.1518
1832.75,0.2658
1833.25,0.2958
1833.75,0.2908
1834.25,0.2796
1834.78,0.1934
1835.33,4.194
1835.85,0.119
1836.35,0.2302
1836.89,0.119
1837.48,0.131
1838.04,0.1858
1838.55,2.523
1839.05,0.1272
1839.55,0.1522
1840.05,0.126
1840.56,0.191
1841.11,0.4908
1841.65,0.3058
1842.15,0.2562
1842.65,0.2676
1843.15,0.4312
1843.65,0.2992
1844.15,0.1928
1844.65,0.255
1845.15,0.3666
1845.65,0.2616
1846.18,0.2788
1846.73,0.191
1847.25,0.2194
1847.75,0.2612
1848.25,0.1862
1848.75,0.1542
1849.25,0.0996
1849.78,0.175
1850.33,0.1208
1850.85,0.1432
1851.35,0.145
1851.85,0.1778
1852.35,0.1638
1852.85,0.2134
1853.35,0.2704
1853.85,0.2564
1854.35,0.3002
1854.9,0.154
1855.45,0.1244
1855.95,0.0954
1856.45,0.135
1856.95,0.098
1857.45,0.0766
1857.95,0.0858
1858.45,0.1124
1858.95,0.083
1859.45,0.075
1859.95,0.0712
1860.45,0.093
1861.0,0.076
1861.55,0.0658
1862.05,0.078
1862.55,0.107
1863.05,0.105
1863.55,0.131
1864.05,0.1188
1864.55,0.1314
1865.05,0.0962
1865.55,0.109
1866.1,0.1192
1866.65,0.1316
1867.15,0.1362
1867.65,0.13
1868.15,0.1282
1868.65,0.1878
1869.15,0.2776
1869.65,0.2228
1870.15,0.1608
1870.67,0.3246
1871.22,0.4722
1871.75,0.3646
1872.25,0.3684
1872.75,0.197
1873.25,0.0778
1873.75,0.1144
1874.25,0.0626
1874.78,0.074
1875.33,0.1068
1875.85,0.0868
1876.35,0.0712
1876.85,0.0874
1877.35,0.0952
1877.85,0.1118
1878.35,0.1594
1878.85,0.1696
1879.35,0.1584
1879.85,0.1808
1880.35,0.228
1880.89,0.248
1881.44,0.3276
1881.95,0.2044
1882.45,0.275
1882.95,0.1782
1883.45,0.3452
1883.95,0.2076
1884.45,0.2016
1885.0,0.1634
1885.55,0.1822
1886.05,0.1286
1886.55,0.14
1887.05,0.143
1887.55,0.1328
1888.05,0.1436
1888.55,0.1918
1889.05,0.4466
1889.55,0.4174
1890.05,0.4462
1890.56,0.3628
1891.11,0.1578
1891.65,0.2126
1892.15,0.2302
1892.65,0.21
1893.15,0.1566
1893.65,0.2076
1894.15,0.2258
1894.65,0.327
1895.15,0.1122
1895.65,0.0984
1896.15,0.1288
1896.68,0.2052
1897.23,0.232
1897.75,0.1986
1898.25,0.302
1898.75,0.2046
1899.25,0.1752
1899.78,0.2022
1900.33,0.2376
1900.85,0.1538
1901.35,0.121
1901.85,0.1686
1902.35,0.1336
1902.89,0.1238
1903.44,0.093
1903.95,0.1084
1904.45,0.1588
1904.95,0.2218
1905.45,0.267
1905.95,0.2196
1906.45,0.1922
1907.0,0.1144
1907.55,0.1204
1908.05,0.184
1908.55,0.2412
1909.05,0.1284
1909.55,0.174
1910.05,0.1646
1910.56,0.2776
1911.11,0.284
1911.65,0.2986
1912.15,0.28
1912.65,0.237
1913.15,0.1036
1913.65,0.0744
1914.15,0.0774
1914.65,0.1304
1915.15,0.0714
1915.65,0.118
1916.15,0.1056
1916.67,0.1102
1917.22,0.1084
1917.75,0.1158
1918.25,0.103
1918.75,0.1494
1919.25,0.1196
1919.75,0.1606
1920.25,0.1264
1920.75,0.1394
1921.27,0.1168
1921.82,0.2152
1922.35,2.9426
1922.85,0.1516
1923.35,0.1094
1923.85,0.1046
1924.35,0.1202
1924.89,0.1404
1925.44,0.1562
1925.95,0.2102
1926.45,0.215
1926.95,0.1226
1927.45,0.123
1927.95,0.0976
1928.45,0.1562
1928.95,0.1328
1929.45,0.1298
1929.95,0.1254
1930.45,0.1434
1931.0,0.085
1931.55,0.1508
1932.05,0.13
1932.55,0.163
1933.05,0.2706
1933.55,0.2258
1934.05,0.1936
1934.56,0.1942
1935.11,0.1502
1935.65,0.1474
1936.15,0.136
1936.65,0.223
1937.15,0.1668
1937.65,0.1358
1938.15,0.0994
1938.67,0.1354
1939.22,0.135
1939.75,0.1116
1940.25,0.1164
1940.75,0.1576
1941.25,0.167
1941.75,0.149
1942.25,0.2186
1942.75,0.2714
1943.25,0.2496
1943.75,0.196
1944.25,0.2038
1944.76,0.1574
1945.31,0.1804
1945.85,0.1712
1946.35,0.2076
1946.85,0.167
1947.35,0.0746
1947.85,0.0716
1948.35,0.0632
1948.85,0.1364
1949.35,0.1248
1949.89,0.1322
1950.44,0.1278
1950.95,0.07
1951.45,0.0706
1951.95,0.0844
1952.45,0.0634
1953.0,0.106
1953.55,0.1042
1954.05,0.1272
1954.55,0.1454
1955.05,0.179
1955.55,0.1134
1956.05,0.1514
1956.55,0.1402
1957.05,0.1324
1957.55,0.1278
1958.05,0.1134
1958.56,0.1526
1959.11,0.1012
1959.65,0.1366
1960.15,0.182
1960.65,0.2142
1961.15,0.0846
1961.65,0.088
1962.15,0.076
1962.67,0.1352
1963.22,0.1188
1963.75,0.1026
1964.25,0.1136
1964.75,0.1232
1965.25,0.1176
1965.75,0.0992
1966.25,0.0842
1966.75,0.2274
1967.25,0.3264
1967.75,0.246
1968.25,0.2588
1968.79,0.1374
1969.34,0.1128
1969.85,0.1546
1970.35,0.117
1970.85,0.1752
1971.35,0.1
1971.85,0.1042
1972.35,0.1292
1972.89,0.1952
1973.44,0.1648
1973.95,0.184
1974.45,0.2454
1974.95,0.104
1975.45,0.1216
1975.95,0.126
1976.45,0.2548
1976.95,0.2818
1977.45,0.3254
1977.95,0.1696
1978.45,0.2036
1979.0,0.2454
1979.55,0.242
1980.05,0.1992
1980.55,0.2072
1981.05,0.1238
1981.55,0.1134
1982.05,0.1354
1982.55,0.1722
1983.05,0.0904
1983.59,0.1456
1984.14,0.0992
1984.65,0.2908
1985.15,0.383
1985.65,0.3252
1986.15,0.3198
1986.65,0.2026
1987.15,0.1756
1987.65,0.1646
1988.15,0.1174
1988.67,0.1224
1989.22,0.177
1989.75,0.1218
1990.25,0.0726
1990.75,0.1118
1991.25,0.1118
1991.75,0.0678
1992.25,0.0918
1992.75,0.0884
1993.25,0.0562
1993.75,0.0572
1994.25,0.041
1994.78,0.0564
1995.33,0.0452
1995.85,0.046
1996.35,0.0388
1996.85,0.0546
1997.35,0.0536
1997.85,0.089
1998.35,0.1172
1998.85,0.0784
1999.35,0.0914
1999.89,0.106
2000.44,0.105
2000.95,0.1644
2001.45,0.1216
2001.95,0.093
2002.45,0.0926
2002.95,0.0714
2003.45,0.085
2003.95,0.0772
2004.45,0.1022
2005.0,0.0992
2005.55,0.0692
2006.05,0.0612
2006.55,0.1064
2007.05,0.1586
2007.55,0.1284
2008.05,0.1184
2008.56,0.1466
2009.11,0.1208
2009.65,0.1104
2010.15,0.1174
2010.65,0.16
2011.15,0.083
2011.65,0.1744
2012.15,0.1472
2012.65,0.1576
2013.15,0.155
2013.65,0.0948
2014.15,0.062
2014.67,0.0474
2015.22,0.0426
2015.75,0.0554
2016.25,0.049
2016.75,0.0604
2017.25,0.0392
2017.75,0.0348
2018.25,0.0368
2018.75,0.07
2019.25,0.0994
2019.75,0.0762
2020.26,0.0892
2020.81,0.0624
2021.35,0.0358
2021.85,0.037
2022.35,0.1482
2022.85,0.05
2023.35,0.0504
2023.85,0.0558
2024.35,0.0848
2024.89,0.0934
2025.44,0.0724
2025.95,0.0542
2026.45,0.0788
2026.95,0.0688
2027.45,0.0772
2027.95,0.0962
2028.45,0.111
2028.95,0.0834
2029.45,0.0592
2029.95,0.0756
2030.45,0.1116
2031.0,0.1788
2031.55,0.1538
2032.05,0.1342
2032.55,0.1312
2033.05,0.1522
2033.55,0.2488
2034.05,0.161
2034.56,0.1478
2035.11,0.1304
2035.65,0.1436
2036.15,0.1598
2036.65,0.1422
2037.15,0.119
2037.65,0.1536
2038.15,0.1666
2038.65,0.2146
2039.15,0.1354
2039.65,0.1926
2040.15,0.1654
2040.67,0.1958
2041.22,0.2616
2041.75,0.2524
2042.25,0.2358
2042.75,0.141
2043.25,0.0766
2043.75,0.1476
2044.25,0.1326
2045.15,0.127
2046.65,0.1026
2047.75,0.1278
2048.25,0.1152
2048.75,0.08
2049.25,0.1216
2049.78,0.1744
2050.33,0.847
2050.85,0.392
2051.35,0.5532
2051.85,3.664
2052.35,1.074
2052.85,0.93
2053.35,0.6238
2053.85,4.5308
2054.35,4.9766
2054.89,1.8818
2055.44,7.818
2055.95,8.6106
2056.45,0.22
2056.95,3.3868
2057.45,0.0454
2057.95,0.0814
2058.5,0.1038
2059.05,0.1178
2059.55,0.0994
2060.05,0.1112
2060.56,0.126
2061.11,0.094
2061.65,0.1024
2062.15,0.0984
2062.65,0.1354
2063.15,0.1482
2063.65,0.1212
2064.15,0.1312
2064.67,0.1216
2065.22,0.096
2065.75,0.201
2066.25,0.1392
2066.75,0.138
2067.25,0.12
2067.75,0.133
2068.25,0.1544
2068.78,0.1994
2069.33,0.1212
2069.85,0.1996
2070.35,0.387
2070.85,0.5554
2071.35,0.6464
2071.85,0.7256
2072.35,0.5792
2072.89,0.706
2073.44,0.5456
2073.95,14.9216
2074.45,0.3128
2074.95,2.5922
2075.45,1.25
2075.95,0.2298
2076.5,0.1798
2077.05,0.2758
2077.55,0.1458
2078.05,0.1106
2078.56,0.1254
2079.11,0.0606
2079.65,0.0816
2080.15,0.0602
2080.65,0.1382
2081.15,0.1128
2081.65,0.1114
2082.15,0.066
2082.67,0.0984
2083.22,0.1444
2083.75,0.098
2084.25,0.092
2084.82,0.085
2085.81,3.3876
2086.83,0.1012
2087.44,0.1006
2087.95,0.0636
2088.45,0.1016
2088.95,0.1302
2089.45,0.1206
2089.95,0.0906
2090.45,0.1056
2091.0,0.0816
2091.55,0.0538
2092.05,0.0424
2092.55,0.07
2093.05,0.0636
2093.55,0.0664
2094.05,0.0884
2094.56,0.071
2095.11,0.0528
2095.65,0.0588
2096.15,0.0766
2096.65,0.125
2097.15,0.1096
2097.65,0.1652
2098.15,0.1664
2098.67,0.2044
2099.22,0.2976
2099.78,0.1024
2100.33,0.1088
2100.85,0.1066
2101.35,0.0896
2101.85,0.1084
2102.35,0.0904
2102.85,0.1646
2103.35,0.1544
2103.85,0.1016
2104.35,0.104
2104.89,0.1238
2105.44,0.104
2105.95,0.0892
2106.45,0.1062
2106.95,0.1122
2107.45,0.091
2107.95,0.1062
2108.45,0.1986
2109.0,0.0746
2109.55,0.085
2110.05,0.08
2110.55,0.1126
2111.05,0.1374
2111.55,0.1004
2112.05,0.0774
2112.56,0.1442
2113.11,0.0834
2113.65,0.079
2114.15,0.0938
2114.65,0.1888
2115.15,0.2294
2115.65,0.2834
2116.15,0.2442
2116.67,4.8538
2117.22,11.0878
2117.75,0.1598
2118.25,0.167
2118.75,0.2384
2119.25,0.2092
2119.75,0.3
2120.25,0.3284
2120.78,10.2896
2121.33,5.7994
2121.85,0.8064
2122.35,0.3782
2122.85,7.2152
2123.35,6.3432
2123.85,2.2304
2124.35,0.5598
2124.89,1.4296
2125.44,8.4254
2125.95,1.3762
2126.45,2.4178
2126.95,4.146
2127.45,0.2036
2127.95,0.1184
2128.45,0.1146
2129.0,0.1278
2129.55,0.1084
2130.05,0.117
2130.55,0.107
2131.05,0.066
2131.55,0.0658
2132.05,0.0882
2132.56,0.0708
2133.11,0.0492
2133.65,0.058
2134.15,0.0558
2134.65,0.076
2135.15,0.0926
2135.65,0.0674
2136.15,0.074
2136.67,0.0988
2137.22,0.1056
2137.75,0.0742
2138.25,0.1084
2138.75,1.0204
2139.25,2.151
2139.75,1.2108
2140.25,1.6838
2140.78,6.7756
2141.33,2.2644
2141.85,2.484
2142.35,0.4728
2142.85,3.0494
2143.35,7.3046
2143.85,0.8956
2144.35,7.954
2144.89,8.5872
2145.44,11.444
2145.95,7.1202
2146.45,1.4122
2146.95,0.1866
2147.45,0.1568
2147.95,0.1348
2148.45,0.124
2149.0,0.1046
2149.56,0.1096
2150.11,0.1154
2150.65,0.1342
2151.15,0.1722
2151.65,0.1868
2152.15,0.1648
2152.65,0.1562
2153.16,0.078
2153.71,0.0806
2154.25,2.2612
2154.78,0.1066
2155.33,0.0522
2155.85,0.0738
2156.35,0.0712
2156.85,0.1504
2157.35,0.132
2157.85,0.2006
2158.35,0.229
2158.89,0.2044
2159.44,0.1968
2159.95,5.7678
2160.45,6.0104
2160.95,12.8922
2161.45,5.846
2161.95,25.3218
2162.45,17.1218
2163.0,1.2776
2163.55,7.874
2164.05,0.734
2164.55,6.617
2165.05,4.4028
2165.55,0.2042
2166.05,1.3768
2166.55,7.339
2167.05,18.6984
2167.56,5.03
2168.11,0.5952
2168.65,6.7962
2169.15,13.8388
2169.65,20.1692
2170.15,3.043
2170.67,1.3366
2171.22,11.2586
2171.75,4.0222
2172.25,6.5748
2172.75,1.0984
2173.25,12.156
2173.75,4.4542
2174.25,9.258
2174.78,13.4868
2175.33,4.2704
2175.85,6.7882
2176.35,4.9244
2176.85,6.1368
2177.35,0.4438
2177.85,0.2038
2178.35,0.1156
2178.89,0.1812
2179.44,0.1204
2179.95,0.1444
2180.45,0.15
2180.95,0.1838
2181.45,0.1302
2181.95,0.1124
2182.45,0.09
2183.0,0.1102
2183.55,0.1578
2184.05,0.113
2184.55,0.1014
2185.05,0.1198
2185.55,0.1432
2186.05,0.1376
2186.56,0.2136
2187.11,0.0934
2187.65,0.1936
2188.15,0.1058
2188.65,0.1052
2189.15,0.097
2189.65,0.0904
2190.15,0.1736
2190.67,0.1574
2191.22,0.1184
2191.75,0.1704
2192.25,0.113
2192.75,0.3784
2193.25,0.3418
2193.75,0.47
2194.25,4.0616
2194.78,2.0252
2195.33,1.8658
2195.85,0.7886
2196.35,1.6504
2196.85,0.9018
2197.35,4.17
2197.85,0.2778
2198.35,0.151
2198.89,0.093
2199.44,0.0736
2200.0,2.7164
2200.55,0.3272
2201.05,0.3924
2201.55,1.1346
2202.05,20.2076
2202.55,27.931
2203.05,6.895
2203.55,6.934
2204.05,17.725
2204.57,30.423
2205.12,12.6588
2205.65,18.7598
2206.15,13.637
2206.65,20.0606
2207.15,16.539
2207.65,13.6546
2208.15,16.4914
2208.67,5.162
2209.22,5.701
2209.75,2.327
2210.25,13.0296
2210.75,18.7592
2211.25,10.0112
2211.75,22.8552
2212.25,13.2516
2212.78,8.8018
2213.33,1.9124
2213.85,2.7758
2214.35,9.0214
2214.85,9.7246
2215.35,15.0822
2215.85,12.947
2216.35,9.6682
2216.89,19.8784
2217.44,26.1254
2217.95,10.7144
2218.45,14.1232
2218.95,7.5794
2219.45,6.6006
2219.95,14.926
2220.45,17.5574
2221.0,36.4404
2221.55,17.9542
2222.05,28.006
2222.55,17.87
2223.05,8.6806
2223.55,14.9206
2224.05,7.4382
2224.56,18.4568
2225.11,9.9806
2225.65,4.4364
2226.15,6.913
2226.65,3.449
2227.15,19.4844
2227.65,21.1576
2228.15,26.1852
2228.67,14.5218
2229.22,24.9146
2229.75,30.8754
2230.25,7.2792
2230.75,6.9866
2231.25,4.9664
2231.75,0.4482
2232.25,0.2926
2232.78,0.1828
2233.33,0.177
2233.85,0.1716
2234.35,0.1734
2234.85,0.117
2235.35,0.1266
2235.85,0.148
2236.35,0.1286
2236.89,0.122
2237.44,0.0856
2237.95,0.1014
2238.45,0.1256
2238.95,0.1184
2239.45,0.1662
2239.95,0.1474
2240.45,0.137
2241.0,0.1666
2241.55,0.1252
2242.05,0.1448
2242.55,0.1584
2243.05,0.1422
2243.55,0.1298
2244.05,0.1098
2244.56,0.109
2245.11,0.0896
2245.65,0.1204
2246.15,0.1214
2246.65,0.158
2247.15,0.149
2247.65,0.1224
2248.15,0.1144
2248.67,0.152
2249.22,0.0768
2250.08,0.2172
2251.13,0.2958
2251.85,4.0028
2252.35,0.346
2252.85,0.4574
2253.35,1.1484
2253.89,0.7986
2254.44,0.6836
2254.95,0.8868
2255.45,0.832
2255.95,0.6494
2256.45,0.5746
2256.95,0.4128
2257.45,0.3414
2257.97,0.3806
2258.52,0.5272
2259.05,0.4216
2259.55,0.4518
2260.05,0.415
2260.55,0.5132
2261.05,0.4688
2261.56,0.4556
2262.11,0.4146
2262.65,0.3398
2263.15,0.2708
2263.65,0.3614
2264.15,0.4218
2264.65,0.3788
2265.15,5.317
2265.65,0.4952
2266.16,0.4596
2266.71,0.7308
2267.25,0.8936
2267.75,0.7936
2268.25,1.1486
2268.75,1.391
2269.25,27.5176
2269.75,0.469
2270.25,3.9644
2270.75,0.7436
2271.26,5.3874
2271.81,7.9968
2272.35,10.0488
2272.85,1.4014
2273.35,3.0378
2273.85,2.1062
2274.38,9.4476
2275.03,1.9582
2275.65,1.0476
2276.15,0.493
2276.65,0.398
2277.15,0.4348
2277.65,0.2704
2278.15,0.2678
2278.67,0.3836
2279.22,0.3478
2279.75,0.337
2280.25,0.2664
2280.75,0.3336
2281.25,0.309
2281.75,0.3558
2282.25,0.3624
2282.78,0.2584
2283.33,0.3464
2283.85,0.4048
2284.35,0.5112
2284.85,0.8292
2285.35,0.581
2285.85,2.9742
2286.35,1.6804
2286.85,0.6346
2287.35,0.424
2287.89,0.444
2288.44,0.6586
2288.95,1.2826
2289.45,1.394
2289.95,2.0166
2290.45,1.3178
2290.95,8.1318
2291.45,1.9702
2291.95,11.5668
2292.45,8.8868
2293.0,10.4138
2293.55,8.727
2294.05,7.9636
2294.55,28.6444
2295.05,2.9204
2295.55,2.2634
2296.05,3.5338
2296.55,4.3118
2297.05,1.8622
2297.56,6.841
2298.11,5.9138
2298.65,2.4996
2299.15,3.7486
2299.65,2.4998
2300.15,1.6102
2300.65,3.0052
2301.15,9.1076
2301.65,5.7252
2302.15,6.6722
2302.65,5.6682
2303.15,6.5598
2303.66,5.4432
2304.21,0.4414
2304.75,0.4254
2305.25,0.3494
2305.75,0.289
2306.25,0.2764
2306.75,0.317
2307.25,0.349
2307.75,0.2446
2308.25,0.2512
2308.78,0.2462
2309.33,0.1958
2309.85,0.2106
2310.35,0.2416
2310.85,0.2606
2311.35,0.1984
2311.85,0.2954
2312.35,0.2488
2312.89,0.4222
2313.44,0.537
2313.95,0.8152
2314.57,15.1538
2315.27,19.0986
2315.85,33.737
2316.35,10.1842
2316.85,25.44
2317.35,1.7094
2317.85,0.5088
2318.35,0.6262
2318.89,0.5656
2319.44,0.7716
2319.95,1.4408
2320.75,0.6488
2321.55,0.8172
2322.05,0.8164
2322.55,7.1598
2323.05,0.3446
2323.55,0.2468
2324.05,0.3816
2324.56,8.7302
2325.11,0.5894
2325.65,1.3038
2326.15,0.6854
2326.65,0.5448
2327.15,1.1064
2327.65,1.2472
2328.15,1.7204
2328.65,2.1742
2329.15,1.6026
2329.67,3.7416
2330.22,16.137
2330.75,11.3026
2331.25,28.899
2331.75,31.4318
2332.25,35.67
2332.75,41.442
2333.25,28.1442
2333.75,16.6014
2334.25,18.9986
2334.78,20.4354
2335.33,25.3182
2335.85,11.4524
2336.35,20.2424
2336.85,7.1898
2337.35,10.0094
2337.85,5.7082
2338.35,5.3808
2338.89,22.7766
2339.44,20.6454
2339.95,23.8626
2340.45,23.9094
2341.0,43.612
2341.55,32.6686
2342.05,6.4414
2342.55,18.1436
2343.05,34.8828
2343.55,22.7812
2344.05,5.7194
2344.56,31.3042
2345.11,12.3296
2345.65,23.4988
2346.15,7.2618
2346.65,7.619
2347.15,8.6726
2347.65,19.185
2348.15,24.264
2348.67,22.0412
2349.22,25.6972
2349.75,19.057
2350.25,29.5194
2350.75,33.4952
2351.25,23.4852
2351.75,8.9354
2352.25,28.93
2352.75,11.1664
2353.25,28.673
2353.75,10.6288
2354.25,18.5236
2354.78,24.8028
2355.33,16.6586
2355.85,7.9176
2356.35,20.7008
2356.85,23.7306
2357.35,9.714
2357.85,9.7642
2358.37,4.729
2358.92,0.432
2359.45,0.1918
2359.95,0.2076
2360.45,0.1918
2360.95,0.3094
2361.45,0.2316
2361.95,0.1982
2362.45,0.5664
2363.0,0.4788
2363.55,0.3514
2364.05,0.4034
2364.55,0.3576
2365.05,0.159
2365.55,0.1754
2366.05,0.1992
2366.56,0.2546
2367.11,0.3014
2367.65,0.2636
2368.15,0.2894
2368.65,0.246
2369.15,0.2076
2369.65,0.1994
2370.15,0.182
2370.65,0.1964
2371.15,0.2716
2371.67,0.2452
2372.22,0.2576
2372.75,0.32
2373.25,0.367
2373.75,0.6254
2374.25,0.4718
2374.75,0.7394
2375.25,0.5314
2375.75,0.5286
2376.25,0.4372
2376.78,0.5316
2377.33,0.5552
2377.85,0.6358
2378.35,1.055
2378.85,8.4798
2379.35,4.0006
2379.85,14.5158
2380.35,15.8062
2380.85,3.2792
2381.35,1.2688
2381.89,4.7368
2382.44,1.5228
2382.95,1.1828
2383.45,1.8518
2383.95,10.1946
2384.45,1.2458
2384.95,0.824
2385.45,0.5408
2385.95,0.2716
2386.45,0.2714
2387.0,0.2768
2387.55,0.2286
2388.05,0.2344
2388.55,0.3806
2389.05,0.6238
2389.55,0.5394
2390.05,0.4726
2390.56,0.4888
2391.11,0.2152
2391.65,0.2516
2392.15,0.3776
2392.65,0.4524
2393.15,0.3844
2393.65,0.4186
2394.15,0.3882
2394.67,0.513
2395.22,0.4634
2395.75,0.4128
2396.25,2.1708
2396.75,0.7162
2397.25,0.4548
2397.75,0.623
2398.25,1.0162
2398.78,0.61
2399.33,0.9588
2399.89,0.5282
2400.44,1.0436
2400.95,2.1694
2401.45,1.0978
2401.95,0.3914
2402.45,0.5212
2402.95,1.826
2403.45,2.0538
2403.98,0.7374
2404.53,0.7064
2405.05,0.7156
2405.55,2.2116
2406.05,5.6394
2406.55,0.9608
2407.05,0.8756
2407.55,0.654
2408.05,0.537
2408.56,8.4382
2409.11,6.3666
2409.65,0.552
2410.15,0.5694
2410.65,4.7412
2411.15,1.3828
2411.65,4.4806
2412.15,0.866
2412.67,0.5434
2413.22,0.4004
2413.75,0.8768
2414.25,0.3548
2414.75,1.6484
2415.25,0.9604
2415.75,6.9818
2416.25,16.5
2416.75,13.6876
2417.25,16.3314
2417.78,20.4518
2418.33,19.5688
2418.85,15.9122
2419.35,13.1674
2419.85,16.0014
2420.35,18.646
2420.85,16.7254
2421.35,16.2458
2421.85,15.9448
2422.35,15.1884
2422.89,15.9826
2423.44,16.0126
2423.95,19.7832
2424.45,23.4118
2424.95,18.648
2425.45,42.1776
2425.95,22.9774
2426.45,15.286
2427.0,8.7986
2427.55,14.3238
2428.05,13.605
2428.55,5.2352
2429.05,13.2146
2429.55,14.1968
2430.05,11.8374
2430.56,6.4712
2431.11,14.7504
2431.65,25.9284
2432.15,28.391
2432.65,18.4264
2433.15,22.3886
2433.65,18.6804
2434.15,19.1132
2434.66,10.5454
2435.21,10.747
2435.75,26.6454
2436.25,12.32
2436.75,25.2762
2437.25,27.3694
2437.75,20.186
2438.25,25.218
2438.75,15.3016
2439.25,26.369
2439.76,30.5562
2440.31,14.9042
2440.85,14.1484
2441.35,24.0898
2441.85,23.5388
2442.35,26.6656
2442.85,15.457
2443.35,21.2778
2443.85,21.3168
2444.35,17.2566
2444.89,18.9938
2445.44,22.0942
2445.95,15.934
2446.45,10.1772
2446.95,1.4144
2447.45,9.8278
2447.95,14.2904
2448.45,14.0818
2449.0,6.6316
2449.56,8.9094
2450.11,8.832
2450.65,6.523
2451.15,0.6084
2451.65,7.528
2452.15,10.0594
2452.65,10.1034
2453.15,11.5108
2453.65,6.471
2454.17,15.616
2454.75,0.4486
2455.33,0.3502
2455.85,0.2622
2456.35,0.3318
2456.85,0.2246
2457.35,0.1708
2457.85,0.1596
2458.35,0.1756
2458.85,0.298
2459.35,0.3114
2459.89,0.5306
2460.44,3.9562
2460.95,2.5736
2461.45,0.3678
2461.95,0.2762
2462.45,0.3256
2462.95,0.2456
2463.45,0.2346
2463.95,0.2512
2464.5,1.673
2465.05,12.9308
2465.55,7.9954
2466.05,1.6902
2466.55,1.3352
2467.05,1.4748
2467.55,4.8068
2468.05,3.3284
2468.56,0.5226
2469.11,0.1546
2469.65,0.1942
2470.15,0.203
2470.65,0.31
2471.15,0.2642
2471.65,0.2416
2472.15,0.2468
2472.65,0.1922
2473.15,0.2294
2473.67,0.254
2474.22,0.3312
2474.75,0.4396
2475.25,0.529
2475.75,0.9954
2476.25,1.1086
2476.78,0.6208
2477.33,0.5074
2477.85,0.3764
2478.35,0.577
2478.85,0.6472
2479.35,0.6262
2479.85,3.835
2480.35,5.3214
2480.85,0.85
2481.38,7.1308
2481.93,6.4996
2482.45,0.5836
2482.95,1.7582
2483.45,0.8848
2483.95,0.4716
2484.45,0.9822
2484.95,3.7818
2485.45,0.6298
2485.99,0.5574
2486.54,6.0154
2487.05,2.6962
2487.55,6.8022
2488.05,21.3184
2488.55,18.9258
2489.05,14.3224
2489.55,23.288
2490.05,5.9546
2490.56,1.2204
2491.11,12.7662
2491.65,4.3006
2492.15,0.4186
2492.65,1.2466
2493.15,30.744
2493.65,18.1756
2494.15,5.5218
2494.67,0.3062
2495.22,0.279
2495.75,0.242
2496.25,0.3094
2496.75,0.6384
2497.25,13.1796
2497.75,26.6522
2498.25,19.895
2498.78,15.5428
2499.33,8.7266
2499.89,12.5988
2500.44,18.4102
2500.95,9.4042
2501.45,10.6166
2501.95,3.4272
2502.45,2.6014
2502.95,1.553
2503.45,0.3646
2503.95,0.39
2504.45,1.0218
2505.0,2.8328
2505.55,12.4302
2506.05,2.4178
2506.55,0.7054
2507.05,0.2672
2507.55,0.2188
2508.05,0.267
2508.55,0.2248
2509.05,0.2314
2509.56,0.2304
2510.11,0.2326
2510.65,0.2408
2511.15,0.2554
2511.65,0.2986
2512.15,0.3398
2512.65,0.3196
2513.15,0.1456
2513.65,0.1896
2514.15,0.181
2514.67,0.2322
2515.22,0.2382
2515.75,0.228
2516.25,0.2386
2516.75,0.2776
2517.25,0.2392
2517.75,0.1884
2518.25,0.2242
2518.75,0.2192
2519.25,0.189
2519.78,0.1726
2520.33,0.1856
2520.85,0.2332
2521.35,0.218
2521.85,0.1872
2522.35,0.1768
2522.85,0.165
2523.35,0.1574
2523.85,0.1364
2524.39,0.154
2524.94,0.2472
2525.45,0.2296
2525.95,0.222
2526.45,0.2286
2526.95,0.1822
2527.45,0.1784
2527.95,0.1612
2528.45,0.1738
2529.0,0.1802
2529.55,0.1896
2530.05,0.1838
2530.55,0.2542
2531.05,0.265
2531.55,0.2054
2532.05,0.2156
2532.56,0.3474
2533.11,0.199
2533.65,0.3116
2534.15,0.5184
2534.65,0.5508
2535.15,0.4966
2535.65,0.2318
2536.15,0.1884
2536.65,0.218
2537.15,0.1874
2537.67,0.1512
2538.22,0.1616
2538.75,0.2492
2539.25,0.1908
2539.75,0.1794
2540.25,0.1798
2540.75,0.1754
2541.25,0.1216
2541.75,0.1296
2542.25,0.1398
2542.78,0.164
2543.33,0.1312
2543.85,0.1148
2544.35,0.1056
2544.85,0.1526
2545.35,0.1376
2545.85,0.2214
2546.35,0.2266
2546.89,0.2068
2547.44,0.1798
2547.95,0.1826
2548.45,0.2084
2548.95,0.2348
2549.45,0.2364
2550.0,0.2234
2550.55,0.2782
2551.05,0.2936
2551.55,0.2562
2552.05,0.199
2552.55,0.2228
2553.05,0.1742
2553.55,0.1594
2554.05,0.1516
2554.56,0.1928
2555.11,0.2804
2555.65,0.2806
2556.15,0.2986
2556.65,0.3068
2557.15,0.2622
2557.65,0.2344
2558.15,0.273
2558.65,0.2444
2559.15,0.1142
2559.67,0.1712
2560.22,0.2046
2560.75,0.2812
2561.25,0.2872
2561.75,0.3924
2562.25,0.459
2562.75,0.7296
2563.25,0.3594
2563.75,0.2452
2564.25,0.2388
2564.78,0.2006
2565.33,0.154
2565.85,0.15
2566.35,0.1984
2566.85,0.3086
2567.35,0.3708
2567.85,0.4794
2568.35,0.5276
2568.89,0.7298
2569.44,0.5564
2569.95,1.0372
2570.45,13.0
2570.95,1.2936
2571.45,1.4396
2571.95,0.7514
2572.45,1.4392
2573.0,3.6582
2573.55,13.8008
2574.05,1.435
2574.55,2.5692
2575.05,1.4296
2575.55,13.7284
2576.05,21.9268
2576.56,3.3352
2577.11,1.4872
2577.65,1.4736
2578.15,13.9538
2578.65,8.941
2579.15,13.8188
2579.65,12.2746
2580.15,24.102
2580.67,20.3332
2581.22,18.0008
2581.75,13.7498
2582.25,4.936
2582.75,3.5672
2583.25,2.1884
2583.75,0.5838
2584.25,0.2328
2584.78,0.2156
2585.33,0.2588
2585.85,0.2838
2586.35,0.3012
2586.85,0.2676
2587.35,0.2098
2587.85,0.187
2588.35,0.1934
2588.89,0.1628
2589.44,0.1378
2589.95,0.125
2590.45,0.1456
2590.95,6.6006
2591.45,1.2608
2591.95,0.947
2592.45,4.2294
2592.99,5.2626
2593.54,16.9376
2594.05,9.2708
2594.55,25.0544
2595.05,22.4906
2595.55,27.0716
2596.05,20.9958
2596.55,18.4836
2597.1,18.3126
2597.65,15.952
2598.15,38.0014
2598.65,15.4742
2599.15,16.6224
2599.67,22.928
2600.22,25.073
2600.75,31.0736
2601.25,9.5304
2601.75,19.6028
2602.25,32.4876
2602.75,31.4338
2603.25,17.3528
2603.75,19.0988
2604.27,21.529
2604.82,26.8112
2605.35,26.5222
2605.85,24.2162
2606.35,13.2148
2606.85,13.8464
2607.35,18.21
2607.85,12.1104
2608.35,15.4524
2608.89,18.0308
2609.44,20.228
2609.95,15.9236
2610.45,20.9144
2610.95,16.0134
2611.45,14.7364
2611.95,1.4886
2612.45,0.2888
2613.0,0.305
2613.55,0.2284
2614.05,0.2418
2614.55,0.2132
2615.05,0.125
2615.55,0.1046
2616.05,0.1258
2616.56,0.1574
2617.11,0.1792
2617.65,0.1952
2618.15,0.4602
2618.65,0.8532
2619.15,0.8392
2619.65,7.321
2620.15,18.0466
2620.67,12.084
2621.22,0.434
2621.75,0.349
2622.25,0.3192
2622.75,1.2426
2623.25,4.4484
2623.75,2.0506
2624.25,3.8534
2624.78,7.0186
2625.33,9.9202
2625.85,16.494
2626.35,21.362
2626.85,15.0476
2627.35,11.25
2627.85,17.7238
2628.35,5.8528
2628.89,5.83
2629.44,7.2244
2629.95,9.3776
2630.45,0.3582
2630.95,0.693
2631.45,1.8146
2631.95,15.0288
2632.45,6.8426
2633.0,1.2716
2633.55,1.0434
2634.05,1.341
2634.55,7.3454
2635.05,12.8626
2635.55,18.923
2636.05,27.9168
2636.56,3.4336
2637.11,3.0718
2637.65,13.2874
2638.15,25.5972
2638.65,21.6708
2639.15,23.1494
2639.65,27.822
2640.15,29.3158
2640.67,22.064
2641.22,16.4566
2641.75,17.254
2642.25,19.888
2642.78,26.915
2643.33,29.5072
2643.85,27.7404
2644.35,33.6304
2644.85,33.0206
2645.35,27.0168
2645.85,29.7666
2646.36,26.6482
2646.91,26.7542
2647.45,31.6394
2647.95,14.374
2648.45,21.6054
2648.95,27.2564
2649.45,25.9086
2650.0,20.1098
2650.55,28.5112
2651.05,21.4412
2651.55,21.47
2652.05,25.096
2652.55,24.9576
2653.05,34.985
2653.55,26.0154
2654.05,26.3854
2654.56,26.4918
2655.11,15.941
2655.65,22.7946
2656.15,28.4304
2656.65,22.5728
2657.15,26.6198
2657.65,29.566
2658.17,34.4692
2658.72,34.0748
2659.25,27.1636
2659.75,26.8168
2660.25,35.7318
2660.75,42.6844
2661.25,45.4746
2661.75,43.9516
2662.26,43.928
2662.81,33.4096
2663.35,38.4292
2663.85,43.7826
2664.35,39.3502
2664.85,36.7046
2665.35,34.5806
2665.85,39.2412
2666.35,36.374
2666.89,36.4694
2667.44,41.306
2667.95,40.313
2668.45,43.3042
2668.95,33.0212
2669.45,32.1716
2669.95,33.4016
2670.45,33.3824
2671.0,37.5706
2671.55,32.5072
2672.05,35.7816
2672.55,32.0952
2673.05,33.4442
2673.55,28.4282
2674.05,30.127
2674.56,33.588
2675.11,28.5572
2675.65,24.4546
2676.15,1.3576
2676.65,0.477
2677.15,0.32
2677.65,9.114
2678.15,15.221
2678.67,0.9364
2679.22,0.4718
2679.75,0.3766
2680.25,0.4146
2680.75,0.37
2681.25,0.243
2681.75,0.223
2682.25,0.2358
2682.78,0.2776
2683.33,0.3292
2683.85,0.4028
2684.35,0.3428
2684.85,0.2096
2685.35,0.1496
2685.85,0.186
2686.36,0.1786
2686.91,0.1904
2687.45,0.1348
2687.95,0.1456
2688.45,0.1532
2688.95,0.2214
2689.45,0.2298
2689.95,0.1744
2690.45,0.165
2691.0,0.1648
2691.55,0.286
2692.05,1.526
2692.55,1.7018
2693.05,0.64
2693.55,2.099
2694.05,14.3928
2694.58,8.2384
2695.13,21.1092
2695.65,15.945
2696.15,17.217
2696.65,23.8796
2697.15,23.3852
2697.65,13.1944
2698.15,24.7608
2698.67,35.329
2699.22,29.7936
2699.78,24.208
2700.33,27.6888
2700.85,30.3272
2701.35,35.8092
2701.85,43.6202
2702.35,41.4362
2702.85,34.4018
2703.35,28.69
2703.85,26.724
2704.35,12.2518
2704.89,10.3284
2705.44,20.6768
2705.95,25.2866
2706.45,16.5174
2707.0,14.313
2707.55,14.4908
2708.05,24.0472
2708.55,15.4476
2709.05,11.3742
2709.55,4.541
2710.05,11.549
2710.56,22.6202
2711.11,25.42
2711.65,25.955
2712.15,13.1202
2712.65,24.2572
2713.15,30.8084
2713.65,37.5508
2714.15,15.6126
2714.67,12.2744
2715.22,5.004
2715.75,9.334
2716.25,12.2048
2716.75,25.2594
2717.25,17.549
2717.75,20.5334
2718.3,30.8224
2718.85,28.216
2719.35,30.0922
2719.85,32.1658
2720.35,23.0736
2720.89,28.983
2721.44,35.947
2721.95,41.213
2722.45,46.8112
2722.95,29.9816
2723.45,31.746
2723.95,30.5532
2724.45,36.325
2725.0,35.4274
2725.55,19.5996
2726.05,52.777
2726.55,37.7742
2727.05,39.2292
2727.55,30.198
2728.05,39.205
2728.56,41.9836
2729.11,53.7696
2729.65,48.7958
2730.15,40.0598
2730.65,50.1604
2731.15,37.4814
2731.65,42.0832
2732.15,53.1466
2732.66,50.5796
2733.21,54.0488
2733.75,51.1454
2734.25,49.9888
2734.75,51.52
2735.25,54.9306
2735.75,55.1566
2736.25,59.819
2736.78,56.1734
2737.33,47.588
2737.85,46.252
2738.35,48.8644
2738.85,46.8448
2739.35,46.5646
2739.85,56.5458
2740.35,56.6364
2740.89,48.7906
2741.44,51.1774
2741.95,46.9436
2742.45,46.0748
2742.95,50.2492
2743.45,53.2358
2743.95,49.7666
2744.45,46.9062
2745.0,45.2706
2745.55,57.117
2746.05,47.603
2746.55,47.1372
2747.05,36.0446
2747.55,32.3012
2748.06,18.5234
2748.61,4.7396
2749.15,0.9728
2749.67,0.833
2750.22,0.8732
2750.75,0.748
2751.25,0.4118
2751.75,0.3304
2752.25,0.306
2752.75,0.6332
2753.25,0.9162
2753.75,5.4708
2754.26,10.484
2754.81,1.1084
2755.35,0.6278
2755.85,0.4674
2756.35,0.5238
2756.85,7.7328
2757.35,34.8356
2757.85,32.8876
2758.35,9.3092
2758.89,0.7834
2759.44,0.5042
2759.95,0.5616
2760.45,3.509
2760.95,22.942
2761.45,1.5874
2761.95,19.0454
2762.45,29.3034
2763.0,18.1736
2763.55,3.055
2764.05,24.6252
2764.55,31.5586
2765.05,29.145
2765.55,35.5406
2766.05,35.2646
2766.56,32.593
2767.11,26.033
2767.65,24.2518
2768.15,23.942
2768.65,37.0926
2769.15,44.377
2769.65,36.9944
2770.15,24.0432
2770.67,32.8396
2771.22,43.5146
2771.75,46.988
2772.25,45.1384
2772.75,44.2798
2773.25,42.0596
2773.75,42.9342
2774.25,47.3352
2774.78,38.4772
2775.33,42.3724
2775.85,41.7032
2776.35,36.0384
2776.85,31.9568
2777.36,38.5232
2777.91,26.9598
2778.45,20.8106
2778.95,28.172
2779.45,15.5982
2779.95,18.3558
2780.45,29.2048
2781.0,26.2532
2781.55,25.6128
2782.05,26.0436
2782.55,18.1276
2783.05,26.7362
2783.55,21.1854
2784.05,18.2112
2784.56,17.3844
2785.11,14.042
2785.65,6.2242
2786.15,8.8628
2786.65,14.2456
2787.15,21.804
2787.65,24.5126
2788.15,25.0526
2788.67,27.977
2789.22,36.8646
2789.75,43.1046
2790.25,49.7258
2790.75,48.0784
2791.25,41.8598
2791.75,44.421
2792.25,48.6758
2792.78,51.1526
2793.33,46.172
2793.85,50.2806
2794.35,48.5614
2794.85,25.0854
2795.35,32.7504
2795.85,38.5092
2796.35,39.3134
2796.89,39.277
2797.44,42.7972
2797.95,41.2264
2798.45,38.6622
2798.95,33.4238
2799.45,11.1924
2800.0,2.291
2800.55,1.4936
2801.05,37.5408
2801.55,32.2362
2802.05,35.8062
2802.56,0.893
2803.11,0.5622
2803.65,0.7194
2804.15,2.6842
2804.65,32.0366
2805.15,37.1218
2805.65,24.8482
2806.15,0.374
2806.67,0.3882
2807.22,0.3468
2807.75,0.4092
2808.25,0.433
2808.75,0.4664
2809.25,0.2874
2809.75,0.2162
2810.25,0.2398
2810.78,0.2964
2811.33,0.267
2811.85,0.859
2812.35,1.6816
2812.85,2.1518
2813.35,1.8932
2813.88,1.724
2814.43,1.2864
2814.95,1.2116
2815.45,31.1302
2815.95,35.888
2816.45,33.6072
2816.95,25.4618
2817.45,20.3608
2817.95,27.978
2818.46,37.2662
2819.01,46.936
2819.55,38.1226
2820.05,36.0776
2820.55,43.6134
2821.05,41.3796
2821.55,40.7952
2822.05,41.5828
2822.57,42.7942
2823.12,35.9962
2823.65,26.4944
2824.15,14.2734
2824.65,30.7154
2825.15,32.3226
2825.65,21.6408
2826.15,32.94
2826.67,35.119
2827.22,39.002
2827.75,39.4366
2828.25,34.7358
2828.75,11.7146
2829.25,1.0918
2829.75,1.6932
2830.25,13.4648
2830.78,24.8146
2831.33,24.5422
2831.85,22.1366
2832.35,26.9204
2832.85,34.7218
2833.35,14.4132
2833.85,4.0306
2834.35,30.687
2834.89,34.3348
2835.44,16.7108
2835.95,38.7756
2836.45,35.5426
2837.0,14.0682
2837.55,37.0434
2838.05,37.0438
2838.55,24.797
2839.05,35.498
2839.55,49.0524
2840.05,51.4896
2840.56,52.004
2841.11,52.6198
2841.65,53.186
2842.15,50.5136
2842.65,50.3116
2843.15,47.2242
2843.65,46.5434
2844.15,46.4466
2844.67,50.3318
2845.22,55.7462
2845.75,55.6118
2846.25,54.609
2846.78,54.2198
2847.33,54.863
2847.85,54.3038
2848.35,55.4876
2848.85,18.174
2849.35,1.2444
2849.89,1.4866
2850.44,0.8524
2850.95,0.846
2851.45,0.5512
2851.95,0.3474
2852.45,1.0338
2852.95,12.5094
2853.45,18.734
2853.95,31.825
2854.45,51.0478
2855.0,22.4036
2855.55,0.806
2856.05,0.5036
2856.55,0.647
2857.05,0.3136
2857.55,0.4198
2858.05,1.596
2858.56,4.8526
2859.11,13.5288
2859.65,42.4968
2860.15,59.1408
2860.65,59.3056
2861.15,31.3168
2861.65,0.9182
2862.15,3.8712
2862.67,39.535
2863.22,36.236
2863.75,4.3914
2864.25,1.8644
2864.75,3.5152
2865.25,7.7604
2865.75,6.0584
2866.25,11.696
2866.78,5.178
2867.33,1.394
2867.85,1.1774
2868.35,1.0086
2868.85,0.6452
2869.35,0.839
2869.85,5.8628
2870.35,5.0696
2870.89,18.6334
2871.44,17.0336
2871.95,3.0706
2872.45,0.8874
2873.0,0.8278
2873.55,0.9354
2874.05,2.7118
2874.55,4.672
2875.05,1.33
2875.55,2.2434
2876.05,11.176
2876.56,4.3232
2877.11,17.4926
2877.65,11.7658
2878.15,0.787
2878.65,0.7018
2879.15,0.9028
2879.65,2.1216
2880.17,1.7782
2880.72,1.3868
2881.25,6.124
2881.75,22.624
2882.25,13.6312
2882.75,40.4118
2883.25,31.586
2883.75,9.9168
2884.25,21.8856
2884.78,24.849
2885.33,23.8604
2885.85,28.1956
2886.35,34.1492
2886.85,40.535
2887.35,32.4356
2887.85,27.3798
2888.35,23.8828
2888.89,25.9432
2889.44,19.821
2889.95,9.3664
2890.45,25.724
2890.95,24.1672
2891.45,46.6114
2891.95,22.8198
2892.5,11.2526
2893.05,0.4596
2893.55,0.3986
2894.05,12.6066
2894.56,1.606
2895.11,3.5998
2895.65,2.1126
2896.15,10.3412
2896.65,6.6152
2897.15,0.2226
2897.65,0.1568
2898.15,0.1272
2898.67,0.2432
2899.22,0.1822
2899.78,0.1936
2900.33,0.1498
2900.85,0.2508
2901.35,0.2012
2901.85,0.154
2902.35,0.134
2902.85,0.1316
2903.35,0.1134
2903.85,0.1332
2904.37,0.1246
2904.92,0.1332
2905.45,0.1288
2905.95,0.1344
2906.45,0.2554
2906.95,0.1562
2907.45,0.1844
2907.95,0.1632
2908.45,0.2258
2909.0,0.1656
2909.55,0.1736
2910.05,0.1456
2910.55,0.2286
2911.05,0.2234
2911.55,0.1334
2912.05,0.1704
2912.56,0.2326
2913.11,0.471
2913.65,0.2768
2914.15,0.637
2914.65,0.6386
2915.15,0.332
2915.65,0.3484
2916.15,0.4896
2916.65,0.294
2917.15,0.2276
2917.67,0.185
2918.22,0.1776
2918.75,0.29
2919.25,0.2664
2919.75,0.2262
2920.25,0.3412
2920.75,0.84
2921.25,14.0972
2921.75,26.2464
2922.25,8.7516
2922.78,2.4454
2923.33,0.2616
2923.85,0.1866
2924.35,0.1786
2924.85,0.2756
2925.35,0.1884
2925.85,0.1682
2926.35,0.265
2926.85,0.3968
2927.35,0.2814
2927.89,0.2556
2928.44,0.2568
2928.95,0.295
2929.45,0.2082
2929.95,0.261
2930.45,0.2448
2930.95,0.2096
2931.45,0.243
2931.95,0.2234
2932.47,0.3024
2933.02,0.3336
2933.55,0.3218
2934.05,0.1768
2934.55,0.1988
2935.05,0.3522
2935.55,0.3876
2936.05,0.2936
2936.56,0.3092
2937.11,0.2646
2937.65,0.286
2938.15,0.3046
2938.65,0.3204
2939.15,0.2552
2939.65,0.1904
2940.15,0.2102
2940.67,0.2932
2941.22,0.3108
2941.75,0.314
2942.25,0.2972
2942.77,0.462
2943.32,0.3474
2943.85,0.2618
2944.35,0.2432
2944.85,0.282
2945.35,0.2962
2945.85,0.3458
2946.35,0.3012
2946.88,0.309
2947.43,0.374
2947.95,0.5098
2948.45,14.7156
2948.95,33.3738
2949.45,52.5402
2950.0,3.2836
2950.55,0.446
2951.05,19.0296
2951.55,30.9246
2952.05,18.985
2952.55,39.827
2953.05,31.1272
2953.55,8.954
2954.05,48.121
2954.56,51.0352
2955.11,53.83
2955.65,53.8326
2956.15,37.767
2956.67,0.5114
2957.22,0.7058
2957.75,9.5844
2958.25,3.603
2958.75,49.6756
2959.25,55.7338
2959.75,56.265
2960.25,57.1806
2960.78,53.0638
2961.33,44.634
2961.85,44.1946
2962.35,44.1094
2962.85,45.0846
2963.35,35.9144
2963.85,0.1838
2964.35,0.1794
2964.89,0.256
2965.44,0.2294
2965.95,0.287
2966.45,0.3684
2966.95,0.3346
2967.45,0.3146
2967.95,3.6264
2968.45,7.3804
2969.0,29.4552
2969.55,44.961
2970.05,9.2416
2970.55,3.8238
2971.05,0.6496
2971.55,0.609
2972.05,0.573
2972.56,0.6068
2973.11,0.419
2973.65,0.7528
2974.15,9.8006
2974.65,11.586
2975.15,46.2254
2975.68,50.18
2976.23,30.074
2976.75,47.1932
2977.25,54.1496
2977.75,54.0578
2978.25,54.7346
2978.75,50.0676
2979.25,43.2166
2979.75,44.9216
2980.28,29.3046
2980.83,0.6818
2981.35,20.3836
2981.85,44.5672
2982.35,52.9174
2982.85,50.043
2983.35,31.7858
2983.85,48.4482
2984.35,1.5064
2984.89,0.3606
2985.44,2.431
2985.95,19.5626
2986.45,52.857
2986.95,48.1036
2987.45,47.882
2987.95,48.2618
2988.45,46.5262
2989.0,47.94
2989.55,49.5222
2990.05,47.0546
2990.55,49.5738
2991.05,48.8108
2991.55,49.9312
2992.05,46.8114
2992.56,47.3832
2993.11,49.4118
2993.65,49.0418
2994.15,48.6372
2994.65,50.0246
2995.15,51.9174
2995.65,8.5334
2996.15,30.557
2996.67,48.995
2997.22,53.346
2997.75,55.2508
2998.25,54.1332
2998.78,47.425
2999.33,43.519
2999.89,40.2538
3000.44,42.8372
3000.95,46.559
3001.45,47.3302
3001.95,50.2822
3002.45,49.3594
3002.95,46.776
3003.45,24.7242
3003.95,29.0276
3004.45,34.198
3005.0,2.7208
3005.55,12.4294
3006.05,2.077
3006.55,5.3092
3007.05,4.5784
3007.55,2.623
3008.07,2.7458
3008.62,5.5682
3009.15,3.1254
3009.65,19.9118
3010.15,17.984
3010.65,24.5116
3011.15,22.7424
3011.65,1.6022
3012.15,0.8392
3012.69,0.5926
3013.24,0.3152
3013.75,0.235
3014.25,0.3422
3014.75,0.4316
3015.25,0.4596
3015.75,0.4622
3016.25,0.4384
3016.78,0.4798
3017.33,0.3462
3017.85,0.3708
3018.35,1.6784
3018.85,9.7258
3019.35,4.2188
3019.85,2.0466
3020.35,1.4784
3020.89,1.494
3021.45,4.2904
3022.01,2.3056
3022.55,0.7146
3023.05,1.0636
3023.55,0.8848
3024.05,2.2098
3024.56,12.3076
3025.11,1.4298
3025.65,2.2516
3026.15,21.5972
3026.65,16.605
3027.15,2.925
3027.68,4.653
3028.23,1.2286
3028.75,0.6112
3029.25,0.2314
3029.75,0.2092
3030.25,0.3482
3030.78,0.3836
3031.33,0.3506
3031.85,0.518
3032.35,0.5934
3032.85,0.9668
3033.35,1.0158
3033.85,1.1754
3034.35,0.8952
3034.89,0.577
3035.44,0.5636
3035.95,6.8122
3036.45,22.727
3036.95,1.0982
3037.45,0.8806
3037.95,1.1258
3038.46,0.2492
3039.01,0.2314
3039.55,0.2406
3040.05,0.2066
3040.55,0.0944
