#Includes NEEM-NG2 from gicc05modeltext tephra tiepoints
##Includes NEEM-NG2 from gicc05modeltext ECM tiepoints
###Includes NEEM-NG2 from the GICC21 matchpoints
depth1	depth2	age_unc	comment
14.1	20.801	10.0	
17.61	24.331	10.0	
25.15	32.004	10.0	
28.46	36.052	10.0	
32.95	40.808	10.0	
34.529	42.499	10.0	
35.48	43.419	10.0	
47.853	56.837	10.0	
49.04	57.903	10.0	
51.3	60.34	10.0	
52.66	61.791	10.0	
54.66	63.947	10.0	
55.33	64.907	10.0	
56.272	65.93	10.0	
58.02	67.668	10.0	
58.219	67.913	10.0	
58.7	68.615	10.0	
60.31	70.208	10.0	
62.81	73.007	10.0	
64.73	75.4	10.0	
66.22	76.95	10.0	
71.254	82.333	10.0	
73.942	85.255	10.0	
77.392	88.857	10.0	
81.04	93.07	10.0	
84.31	96.7	10.0	
88.43	101.291	10.0	
89.46	102.419	10.0	
90.18	103.416	10.0	
90.294	103.628	10.0	
92.86	106.348	10.0	
93.595	107.214	10.0	
95.526	109.233	10.0	
97.06	111.063	10.0	
98.722	112.891	10.0	
100.48	114.911	10.0	
103.91	118.731	10.0	
108.908	124.398	10.0	
109.606	125.215	10.0	
114.35	130.532	10.0	
116.91	133.372	10.0	
121.07	137.766	10.0	
124.28	141.385	10.0	
125.61	143.016	10.0	
125.8	143.256	10.0	
129.56	147.611	10.0	
133.37	151.87	10.0	
136.72	155.492	10.0	
138.94	157.954	10.0	
141.57	160.957	10.0	
142.9	162.261	10.0	
145.04	164.813	10.0	
145.3	165.212	10.0	
146.1	165.792	10.0	
146.58	166.449	10.0	
146.86	166.657	10.0	
148.51	168.47	10.0	
152.74	173.047	10.0	
156.27	177.12	10.0	
156.55	177.456	10.0	
157.0	177.981	10.0	
157.79	178.974	10.0	
158.55	179.742	10.0	
161.73	183.33	10.0	
163.45	185.38	10.0	
165.11	187.247	10.0	
166.78	189.085	10.0	
170.4	193.403	10.0	
170.61	193.592	10.0	
175.79	199.563	10.0	
177.74	201.659	10.0	
180.47	204.709	10.0	
185.31	210.097	10.0	
185.71	210.616	10.0	
185.86	210.813	10.0	
189.12	214.525	10.0	
189.994	215.464	10.0	
193.644	219.553	10.0	
195.25	221.384	10.0	
201.5	228.374	10.0	
203.3	230.25	10.0	
203.62	230.547	10.0	
204.83	231.928	10.0	
205.01	232.162	10.0	
206.93	234.212	10.0	
209.13	236.714	10.0	
210.2	238.0	10.0	
211.23	239.02	10.0	
212.57	240.581	10.0	
212.74	240.841	10.0	
213.02	241.061	10.0	
216.07	244.521	10.0	
216.82	245.343	10.0	
217.35	245.966	10.0	
218.591	247.231	10.0	
219.82	248.711	10.0	
221.82	250.948	10.0	
223.491	252.682	10.0	
226.4	255.927	10.0	
226.59	256.037	10.0	
227.09	256.842	10.0	
231.09	261.377	10.0	
233.1	263.671	10.0	
233.6	264.321	10.0	
240.8	271.938	10.0	
244.65	276.221	10.0	
247.14	278.927	10.0	
249.259	281.496	10.0	
251.27	283.524	10.0	
253.51	285.922	10.0	
254.576	287.105	10.0	
255.18	287.7	10.0	
260.45	293.504	10.0	
265.48	299.184	10.0	
268.1	302.05	10.0	
273.28	307.928	10.0	
274.1	308.847	10.0	
275.03	309.782	10.0	
283.05	318.75	10.0	
284.4	320.208	10.0	
286.08	322.0	10.0	
287.42	323.444	10.0	
287.59	323.692	10.0	
289.2	325.25	10.0	
291.0	327.238	10.0	
293.5	329.804	10.0	
303.05	340.001	10.0	
303.65	340.6	10.0	
305.72	342.851	10.0	
309.13	346.556	10.0	
310.116	347.63	10.0	
310.33	347.832	10.0	
313.0	350.75	10.0	
316.06	354.216	10.0	
318.374	356.651	10.0	
320.2	358.8	10.0	
320.7	359.299	10.0	
329.01	367.891	10.0	
332.491	371.903	10.0	
333.21	372.772	10.0	
333.9	373.656	10.0	
337.6	377.451	10.0	
337.75	377.633	10.0	
340.55	380.45	10.0	
343.6	383.748	10.0	
346.75	387.289	10.0	
349.9	390.719	10.0	
353.98	395.048	10.0	
355.5	396.6	10.0	
355.6	396.7	10.0	
360.072	401.748	10.0	
366.37	408.773	10.0	
367.92	410.564	10.0	
1346.554	1319.628	10.0	
1346.721	1319.744	10.0	
1347.749	1320.476	10.0	
1347.994	1320.66	10.0	
1351.282	1323.033	10.0	
1352.299	1323.717	10.0	
1354.103	1324.965	10.0	
1354.487	1325.26	10.0	
1362.883	1331.321	10.0	
1363.565	1331.75	10.0	
1368.477	1335.126	10.0	
1368.954	1335.484	10.0	
1369.132	1335.624	10.0	
1369.412	1335.836	10.0	
1369.687	1336.029	10.0	
1369.796	1336.099	10.0	
1369.952	1336.204	10.0	
1370.217	1336.398	10.0	
1370.96	1336.894	10.0	
1371.575	1337.338	10.0	
1371.937	1337.584	10.0	
1372.116	1337.692	10.0	
1372.423	1337.904	10.0	
1373.56	1338.653	10.0	
1374.083	1339.017	10.0	
1375.505	1339.995	10.0	
1375.697	1340.137	10.0	
1375.911	1340.313	10.0	
1376.067	1340.417	10.0	
1376.596	1340.83	10.0	
1377.716	1341.635	10.0	
1378.673	1342.284	10.0	
1380.089	1343.295	10.0	
1382.169	1344.688	10.0	
1383.745	1345.798	10.0	
1384.089	1346.03	10.0	
1384.47	1346.274	10.0	
1386.381	1347.632	10.0	
1387.608	1348.454	10.0	
1388.204	1348.853	10.0	
1388.752	1349.215	10.0	
1389.117	1349.496	10.0	
1390.359	1350.371	10.0	
1391.35	1351.046	10.0	
1391.684	1351.272	10.0	
1392.142	1351.604	10.0	
1393.308	1352.425	10.0	
1398.34	1356.031	10.0	
1398.997	1356.454	10.0	
1399.381	1356.746	10.0	
1400.061	1357.207	10.0	
1401.741	1358.338	10.0	
1403.032	1359.247	10.0	
1403.566	1359.594	10.0	
1403.984	1359.892	10.0	
1404.568	1360.317	10.0	
1406.207	1361.435	10.0	
1406.913	1361.892	10.0	
1407.459	1362.263	10.0	
1407.928	1362.531	10.0	
1408.707	1363.044	10.0	
1409.827	1363.775	10.0	
1410.629	1364.314	10.0	
1412.394	1365.532	10.0	
1413.631	1366.34	10.0	
1414.194	1366.737	10.0	
1416.057	1367.928	10.0	
1418.066	1369.36	10.0	
1419.065	1370.023	10.0	
1420.887	1371.228	10.0	
1421.368	1371.525	10.0	
1421.944	1371.883	10.0	
1422.211	1372.081	10.0	
1424.23	1373.493	10.0	
1426.179	1374.776	10.0	
1426.709	1375.133	10.0	
1427.014	1375.364	10.0	
1428.505	1376.391	10.0	
1428.858	1376.643	10.0	
1429.597	1377.161	10.0	
1430.512	1377.783	10.0	
1430.838	1377.994	10.0	
1431.036	1378.12	10.0	
1431.246	1378.254	10.0	
1431.822	1378.644	10.0	
1432.343	1378.992	10.0	
1434.182	1380.256	10.0	
1436.014	1381.49	10.0	
1439.003	1383.521	10.0	
1440.636	1384.65	10.0	
1441.851	1385.452	10.0	
1442.793	1386.119	10.0	
1443.101	1386.343	10.0	
1445.084	1387.621	10.0	
1445.777	1388.051	10.0	
1445.956	1388.185	10.0	
1446.407	1388.475	10.0	
1447.44	1389.166	10.0	
1448.176	1389.656	10.0	
1448.677	1389.971	10.0	
1454.7	1393.937	10.0	
1456.841	1395.22	10.0	
1457.679	1395.718	10.0	
1458.222	1396.087	10.0	
1458.687	1396.434	10.0	
1459.005	1396.637	10.0	
1459.204	1396.775	10.0	
1460.764	1397.703	10.0	
1464.185	1399.949	10.0	
1464.891	1400.413	10.0	
1465.129	1400.619	10.0	
1465.769	1401.014	10.0	
1466.259	1401.354	10.0	
1467.346	1402.053	10.0	
1468.02	1402.542	10.0	
1468.541	1402.894	10.0	
1469.139	1403.264	10.0	
1469.805	1403.646	10.0	
1470.63	1404.212	10.0	
1471.273	1404.648	10.0	
1472.095	1405.19	10.0	
1472.392	1405.375	10.0	
1473.84	1406.353	10.0	
1474.504	1406.793	10.0	
1475.446	1407.38	10.0	
1476.285	1407.995	10.0	
1477.834	1409.046	10.0	
1478.0	1409.155	10.0	
1479.211	1409.979	10.0	
1479.488	1410.133	10.0	
1479.699	1410.285	10.0	
1481.296	1411.354	10.0	
1481.539	1411.554	10.0	
1481.85	1411.797	10.0	
1482.504	1412.173	10.0	
1483.445	1412.844	10.0	
1484.051	1413.226	10.0	
1484.78	1413.671	10.0	
1485.081	1413.872	10.0	
1485.262	1413.995	10.0	
1485.495	1414.144	10.0	
1485.705	1414.274	10.0	
1487.396	1415.369	10.0	
1487.892	1415.732	10.0	
1488.447	1416.058	10.0	
1489.028	1416.423	10.0	
1489.409	1416.7	10.0	
1490.94	1417.755	10.0	
1491.296	1418.015	10.0	
1492.636	1418.955	10.0	
1493.065	1419.283	10.0	
1500.52	1424.879	10.0	
1500.721	1425.019	10.0	
1501.841	1425.757	10.0	
1502.761	1426.493	10.0	
1504.023	1427.485	10.0	
1506.11	1429.074	10.0	
1507.008	1429.744	10.0	
1508.05	1430.563	10.0	
1511.357	1433.066	10.0	
1512.102	1433.699	10.0	
1512.705	1434.143	10.0	
1516.297	1436.885	10.0	
1517.969	1438.239	10.0	
1522.206	1441.402	10.0	
1524.773	1443.167	10.0	
1525.847	1444.03	10.0	
1527.326	1444.985	10.0	
1530.522	1447.057	10.0	
1531.774	1447.896	10.0	
1532.189	1448.133	10.0	
1532.816	1448.461	10.0	
1533.544	1448.918	10.0	
1537.313	1451.339	10.0	
1538.374	1452.025	10.0	
1539.717	1452.824	10.0	
1541.154	1453.754	10.0	
1541.625	1454.079	10.0	
1541.955	1454.295	10.0	
1550.168	1459.162	10.0	
1552.091	1460.323	10.0	
1554.239	1461.542	10.0	
1555.783	1462.505	10.0	
1556.59	1463.012	10.0	
1557.261	1463.372	10.0	
1559.24	1464.529	10.0	
1560.136	1465.056	10.0	
1560.714	1465.417	10.0	
1562.121	1466.167	10.0	
1563.096	1466.733	10.0	
1564.502	1467.482	10.0	
1566.425	1468.581	10.0	
1567.57	1469.235	10.0	
1568.249	1469.627	10.0	
1569.528	1470.327	10.0	
1571.393	1471.357	10.0	
1573.438	1472.502	10.0	
1574.785	1473.164	10.0	
1575.297	1473.438	10.0	
1576.651	1474.092	10.0	
1577.647	1474.699	10.0	
1578.605	1475.199	10.0	
1579.969	1475.904	10.0	
1580.69	1476.291	10.0	
1581.479	1476.759	10.0	
1582.652	1477.379	10.0	
1583.041	1477.622	10.0	
1584.489	1478.363	10.0	
1587.417	1479.913	10.0	
1588.081	1480.243	10.0	
1588.892	1480.675	10.0	
1589.638	1481.053	10.0	
1590.658	1481.585	10.0	
1592.204	1482.473	10.0	
1594.596	1483.782	10.0	
1595.113	1484.061	10.0	
1595.798	1484.419	10.0	
1596.273	1484.676	10.0	
1598.815	1486.093	10.0	
1599.063	1486.219	10.0	
1599.687	1486.532	10.0	
1601.546	1487.549	10.0	
1602.033	1487.784	10.0	
1602.949	1488.324	10.0	
1604.968	1489.493	10.0	
1605.737	1489.864	10.0	
1606.57	1490.347	10.0	
1607.468	1490.855	10.0	
1609.441	1491.953	10.0	
1611.966	1493.301	10.0	
1628.213	1502.311	10.0	
1631.627	1504.411	10.0	
1642.648	1510.662	10.0	
1786.981	1594.581	10.0	
1787.466	1594.865	10.0	
1788.084	1595.235	10.0	
1788.409	1595.486	10.0	
1795.558	1599.343	10.0	
1800.992	1602.18	10.0	
1814.93	1610.352	10.0	
1815.192	1610.531	10.0	
1815.437	1610.667	10.0	
1831.556	1619.651	10.0	
1855.714	1633.372	10.0	
1866.908	1639.754	10.0	
1888.683	1652.572	10.0	
1889.844	1653.23	10.0	
1939.517	1683.32	10.0	
1939.945	1683.588	10.0	
1944.395	1686.016	10.0	
1948.711	1688.404	10.0	
1949.568	1688.826	10.0	
1950.5	1689.297	10.0	
1967.645	1699.36	10.0	
1969.577	1700.411	10.0	
1970.419	1700.922	10.0	
1972.558	1701.975	10.0	
1973.12	1702.275	10.0	
1983.528	1708.425	10.0	
1989.877	1712.055	10.0	
1992.607	1713.693	10.0	
1993.975	1714.444	10.0	
1995.425	1715.236	10.0	
1998.11	1716.674	10.0	
1998.835	1717.112	10.0	
2000.191	1717.845	10.0	
2000.712	1718.165	10.0	
2005.784	1721.038	10.0	
2006.239	1721.246	10.0	
2032.324	1736.885	10.0	
2038.376	1740.452	10.0	
2040.386	1741.557	10.0	
2041.243	1742.04	10.0	
2042.704	1742.9	10.0	
2044.153	1743.689	10.0	
2045.01	1744.201	10.0	
2047.323	1745.56	10.0	
2049.448	1746.942	10.0	
2052.894	1748.836	10.0	
2054.175	1749.569	10.0	
2055.314	1750.226	10.0	
2056.01	1750.616	10.0	
2058.24	1751.999	10.0	
2061.922	1754.19	10.0	
2063.642	1755.201	10.0	
2094.096	1774.296	10.0	
2094.907	1774.772	10.0	
2097.365	1776.229	10.0	
2100.021	1777.73	10.0	
2111.571	1784.44	10.0	
2113.674	1785.586	10.0	
2115.374	1786.477	10.0	
2116.159	1786.913	10.0	
2118.661	1788.287	10.0	
2119.858	1788.945	10.0	
2121.862	1790.006	10.0	
2126.363	1792.565	10.0	
2136.941	1798.789	10.0	
2142.357	1801.81	10.0	
2146.724	1804.199	10.0	
2151.789	1806.998	10.0	
2156.541	1809.582	10.0	
2171.41	1818.488	10.0	
2172.429	1819.122	10.0	
2173.857	1819.88	10.0	
2177.974	1822.123	10.0	
2180.453	1823.456	10.0	
2189.196	1828.209	10.0	
2191.979	1829.657	10.0	
2194.988	1831.301	10.0	
2197.207	1832.472	10.0	
2197.75	1832.762	10.0	
2199.209	1833.515	10.0	
2201.557	1834.824	10.0	
2202.256	1835.199	10.0	
2204.14	1836.231	10.0	
2206.0	1837.223	10.0	
2207.147	1837.845	10.0	
2214.487	1841.923	10.0	
2217.643	1843.675	10.0	
2219.084	1844.46	10.0	
2220.209	1845.047	10.0	
2250.455	1861.902	10.0	
2252.867	1863.199	10.0	
2255.353	1864.502	10.0	
2276.788	1875.893	10.0	
2277.637	1876.384	10.0	
2286.528	1881.208	10.0	
2289.353	1882.702	10.0	
2293.718	1884.954	10.0	
2296.33	1886.419	10.0	
2298.041	1887.196	10.0	
2302.747	1889.522	10.0	
2307.582	1891.996	10.0	
2315.335	1896.1	10.0	
2318.833	1897.905	10.0	
2326.083	1901.787	10.0	
2329.061	1903.363	10.0	
2330.66	1904.191	10.0	
2333.373	1905.58	10.0	
2334.111	1905.951	10.0	
2337.93	1907.998	10.0	
2339.878	1908.97	10.0	
2344.594	1911.415	10.0	
2355.312	1917.585	10.0	
2366.623	1923.497	10.0	
2367.521	1923.949	10.0	
2384.4	1932.969	10.0	
2385.214	1933.389	10.0	
2395.827	1938.82	10.0	
2398.328	1940.055	10.0	
2400.669	1941.271	10.0	
2407.737	1944.938	10.0	
2418.556	1950.272	10.0	
2463.4	1975.015	10.0	
2464.031	1975.467	10.0	
2498.592	1992.516	10.0	
2506.503	1996.239	10.0	
2507.437	1996.625	10.0	
2510.06	1997.782	10.0	
2525.113	2004.834	10.0	
2527.994	2006.134	10.0	
2551.437	2016.979	10.0	
2553.103	2017.771	10.0	
2554.029	2018.221	10.0	
2558.388	2019.954	10.0	
2562.014	2021.573	10.0	
2564.871	2022.788	10.0	
2571.598	2025.747	10.0	
2593.98	2036.574	10.0	
2598.24	2038.637	10.0	
2598.808	2038.93	10.0	
2603.179	2041.203	10.0	
2605.906	2042.529	10.0	
2608.471	2043.887	10.0	
2612.51	2046.006	10.0	
2619.137	2049.374	10.0	
2622.218	2051.047	10.0	
2625.854	2052.981	10.0	
2629.068	2054.704	10.0	
2633.51	2057.004	10.0	
2635.289	2058.061	10.0	
2638.594	2059.712	10.0	
2641.575	2061.293	10.0	
2648.218	2064.747	10.0	
2650.667	2066.076	10.0	
2653.85	2067.966	10.0	
2655.95	2069.053	10.0	
2660.258	2071.539	10.0	
2662.115	2072.468	10.0	
2663.822	2073.313	10.0	
2666.295	2074.684	10.0	
2677.331	2080.796	10.0	
2680.365	2082.44	10.0	
2685.504	2085.164	10.0	
2686.68	2085.822	10.0	
2690.066	2087.698	10.0	
2723.121	2111.403	10.0	
2725.866	2113.119	10.0	
2729.272	2115.45	10.0	
2730.468	2116.278	10.0	
2733.503	2118.662	10.0	
2736.282	2120.973	10.0	
2740.698	2124.132	10.0	
2742.472	2125.663	10.0	
2745.382	2127.786	10.0	
2756.682	2134.71	10.0	
2768.37	2142.536	10.0	
2789.144	2155.413	10.0	
2797.893	2162.128	10.0	
2804.659	2166.449	10.0	
2890.901	2186.788	10.0	
2907.451	2191.672	10.0	
2909.74	2192.549	10.0	
2919.653	2194.874	10.0	
2922.03	2195.391	10.0	
2923.066	2195.63	10.0	
2933.806	2197.627	10.0	
2934.098	2198.258	10.0	
2934.419	2198.88	10.0	
2936.164	2202.028	10.0	
2936.44	2202.596	10.0	
2937.014	2203.597	10.0	
1882.025	1648.825	10.0	
1895.235	1656.475	10.0	
1908.6	1664.9	10.0	
1929.875	1677.55	10.0	
2071.4	1759.75	10.0	
