depth	age	age_unc	comment
9.9	27	2.0	
10.257	28	2.0	
10.647	29	2.0	
10.919	30	2.0	
11.226	31	2.0	
11.675	32	2.0	
11.982	33	2.0	
12.254	34	2.0	
12.573	35	2.0	
12.974	36	2.0	
13.311	37	2.0	
13.609	38	2.0	
13.87	39	2.0	
14.152	40	2.0	
14.488	41	2.0	
14.814	42	2.0	
15.129	43	2.0	
15.425	44	2.0	
15.807	45	2.0	
16.198	46	2.0	
16.425	47	2.0	
16.801	48	2.0	
17.065	49	2.0	
17.365	50	2.0	
17.649	51	2.0	
17.975	52	2.0	
18.285	53	2.0	
18.625	54	2.0	
18.984	55	2.0	
19.293	56	2.0	
19.548	57	2.0	
19.735	58	2.0	
20.118	59	2.0	
20.427	60	2.0	
20.758	61	2.0	
20.975	62	2.0	
21.235	63	2.0	
21.573	64	2.0	
21.801	65	2.0	
22.075	66	2.0	
22.398	67	2.0	
22.815	68	2.0	
23.135	69	2.0	
23.375	70	2.0	
23.678	71	2.0	
24.085	72	2.0	
24.351	73	2.0	
24.601	74	2.0	
24.815	75	2.0	
25.055	76	2.0	
25.285	77	2.0	
25.575	78	2.0	
25.765	79	2.0	
26.065	80	2.0	
26.295	81	2.0	
26.575	82	2.0	
26.815	83	2.0	
27.145	84	2.0	
27.475	85	2.0	
27.755	86	2.0	
28.055	87	2.0	
28.275	88	2.0	
28.525	89	2.0	
28.765	90	2.0	
29.025	91	2.0	
29.327	92	2.0	
29.522	93	2.0	
29.826	94	2.0	
30.072	95	2.0	
30.364	96	2.0	
30.543	97	2.0	
30.944	98	2.0	
31.255	99	2.0	
31.574	100	2.0	
31.775	101	2.0	
31.995	102	2.0	
32.235	103	2.0	
32.525	104	2.0	
32.825	105	2.0	
33.121	106	2.0	
33.365	107	2.0	
33.685	108	2.0	
33.965	109	2.0	
34.195	110	2.0	
34.445	111	2.0	
34.745	112	2.0	
35.085	113	2.0	
35.387	114	2.0	
35.575	115	2.0	
35.825	116	2.0	
36.035	117	2.0	
36.299	118	2.0	
36.526	119	2.0	
36.775	120	2.0	
37.123	121	2.0	
37.465	122	2.0	
37.742	123	2.0	
38.03	124	2.0	
38.252	125	2.0	
38.573	126	2.0	
38.817	127	2.0	
39.085	128	2.0	
39.345	129	2.0	
39.653	130	2.0	
39.87	131	2.0	
40.055	132	2.0	
40.325	133	2.0	
40.543	134	2.0	
40.745	135	2.0	
41.015	136	2.0	
41.295	137	2.0	
41.514	138	2.0	
41.744	139	2.0	
42.043	140	2.0	
42.301	141	2.0	
42.518	142	2.0	
42.789	143	2.0	
43.115	144	2.0	
43.311	145	2.0	
43.596	146	2.0	
43.874	147	2.0	
44.193	148	2.0	
44.417	149	2.0	
44.614	150	2.0	
44.818	151	2.0	
45.123	152	2.0	
45.421	153	2.0	
45.618	154	2.0	
45.842	155	2.0	
46.052	156	2.0	
46.276	157	2.0	
46.485	158	2.0	
46.655	159	2.0	
46.905	160	2.0	
47.165	161	2.0	
47.491	162	2.0	
47.685	163	2.0	
47.875	164	2.0	
48.065	165	2.0	
48.365	166	2.0	
48.645	167	2.0	
48.825	168	2.0	
49.045	169	2.0	
49.305	170	2.0	
49.565	171	2.0	
49.875	172	2.0	
50.125	173	2.0	
50.325	174	2.0	
50.505	175	2.0	
50.785	176	2.0	
50.985	177	2.0	
51.225	178	2.0	
51.465	179	2.0	
51.695	180	2.0	
51.915	181	2.0	
52.145	182	2.0	
52.345	183	2.0	
52.535	184	2.0	
52.765	185	2.0	
52.995	186	2.0	
53.225	187	2.0	
53.509	188	2.0	
53.685	189	2.0	
53.885	190	2.0	
54.115	191	2.0	
54.398	192	2.0	
54.661	193	2.0	
54.921	194	2.0	
55.111	195	2.0	
55.34	196	2.0	
55.652	197	2.0	
55.877	198	2.0	
56.085	199	2.0	
56.325	200	2.0	
56.575	201	2.0	
56.792	202	2.0	
56.995	203	2.0	
57.253	204	2.0	
57.45	205	2.0	
57.728	206	2.0	
57.904	207	2.0	
58.142	208	2.0	
58.375	209	2.0	
58.583	210	2.0	
58.841	211	2.0	
59.003	212	2.0	
59.275	213	2.0	
59.526	214	2.0	
59.804	215	2.0	
60.021	216	2.0	
60.175	217	2.0	
60.345	218	2.0	
60.605	219	2.0	
60.775	220	2.0	
61.015	221	2.0	
61.165	222	2.0	
61.415	223	2.0	
61.635	224	2.0	
61.835	225	2.0	
62.065	226	2.0	
62.275	227	2.0	
62.475	228	2.0	
62.765	229	2.0	
62.925	230	2.0	
63.145	231	2.0	
63.385	232	2.0	
63.565	233	2.0	
63.775	234	2.0	
63.995	235	2.0	
64.245	236	2.0	
64.485	237	2.0	
64.625	238	2.0	
64.815	239	2.0	
65.115	240	2.0	
65.325	241	2.0	
65.555	242	2.0	
65.715	243	2.0	
65.895	244	2.0	
66.125	245	2.0	
66.305	246	2.0	
66.493	247	2.0	
66.625	248	2.0	
66.92	249	2.0	
67.115	250	2.0	
67.305	251	2.0	
67.475	252	2.0	
67.695	253	2.0	
67.865	254	2.0	
68.074	255	2.0	
68.275	256	2.0	
68.535	257	2.0	
68.725	258	2.0	
68.983	259	2.0	
69.363	260	2.0	
69.661	261	2.0	
69.851	262	2.0	
70.035	263	2.0	
70.245	264	2.0	
70.445	265	2.0	
70.632	266	2.0	
70.836	267	2.0	
71.025	268	2.0	
71.195	269	2.0	
71.475	270	2.0	
71.695	271	2.0	
71.925	272	2.0	
72.115	273	2.0	
72.375	274	2.0	
72.585	275	2.0	
72.715	276	2.0	
72.955	277	2.0	
73.165	278	2.0	
73.315	279	2.0	
73.555	280	2.0	
73.715	281	2.0	
73.935	282	2.0	
74.135	283	2.0	
74.395	284	2.0	
74.585	285	2.0	
74.765	286	2.0	
74.975	287	2.0	
75.225	288	2.0	
75.405	289	2.0	
75.635	290	2.0	
75.855	291	2.0	
76.065	292	2.0	
76.185	293	2.0	
76.355	294	2.0	
76.515	295	2.0	
76.775	296	2.0	
76.915	297	2.0	
77.145	298	2.0	
77.385	299	2.0	
77.535	300	2.0	
77.685	301	2.0	
77.895	302	2.0	
78.155	303	2.0	
78.335	304	2.0	
78.495	305	2.0	
78.755	306	2.0	
78.985	307	2.0	
79.165	308	2.0	
79.395	309	2.0	
79.595	310	2.0	
79.825	311	2.0	
80.025	312	2.0	
80.185	313	2.0	
80.445	314	2.0	
80.585	315	2.0	
80.825	316	2.0	
80.985	317	2.0	
81.245	318	2.0	
81.475	319	2.0	
81.695	320	2.0	
81.885	321	2.0	
82.145	322	2.0	
82.285	323	2.0	
82.535	324	2.0	
82.715	325	2.0	
82.935	326	2.0	
83.115	327	2.0	
83.345	328	2.0	
83.575	329	2.0	
83.735	330	2.0	
83.975	331	2.0	
84.145	332	2.0	
84.415	333	2.0	
84.535	334	2.0	
84.695	335	2.0	
84.865	336	2.0	
85.025	337	2.0	
85.215	338	2.0	
85.395	339	2.0	
85.605	340	2.0	
85.825	341	2.0	
86.015	342	2.0	
86.235	343	2.0	
86.465	344	2.0	
86.625	345	2.0	
86.805	346	2.0	
86.965	347	2.0	
87.155	348	2.0	
87.355	349	2.0	
87.535	350	2.0	
87.745	351	2.0	
87.985	352	2.0	
88.175	353	2.0	
88.365	354	2.0	
88.585	355	2.0	
88.805	356	2.0	
89.015	357	2.0	
89.185	358	2.0	
89.335	359	2.0	
89.545	360	2.0	
89.725	361	2.0	
89.955	362	2.0	
90.175	363	2.0	
90.325	364	2.0	
90.485	365	2.0	
90.635	366	2.0	
90.865	367	2.0	
91.065	368	2.0	
91.265	369	2.0	
91.475	370	2.0	
91.645	371	2.0	
91.865	372	2.0	
92.075	373	2.0	
92.285	374	2.0	
92.465	375	2.0	
92.635	376	2.0	
92.835	377	2.0	
93.025	378	2.0	
93.225	379	2.0	
93.425	380	2.0	
93.635	381	2.0	
93.825	382	2.0	
94.065	383	2.0	
94.255	384	2.0	
94.435	385	2.0	
94.715	386	2.0	
94.925	387	2.0	
95.055	388	2.0	
95.265	389	2.0	
95.455	390	2.0	
95.695	391	2.0	
95.8	392	2.0	
95.955	393	2.0	
96.165	394	2.0	
96.375	395	2.0	
96.535	396	2.0	
96.785	397	2.0	
96.996	398	2.0	
97.165	399	2.0	
97.375	400	2.0	
97.575	401	2.0	
97.735	402	2.0	
97.935	403	2.0	
98.125	404	2.0	
98.325	405	2.0	
98.535	406	2.0	
98.785	407	2.0	
98.995	408	2.0	
99.195	409	2.0	
99.375	410	2.0	
99.605	411	2.0	
99.775	412	2.0	
99.995	413	2.0	
100.225	414	2.0	
100.425	415	2.0	
100.615	416	2.0	
100.795	417	2.0	
100.955	418	2.0	
101.185	419	2.0	
101.475	420	2.0	
101.635	421	2.0	
101.785	422	2.0	
102.025	423	2.0	
102.225	424	2.0	
102.365	425	2.0	
102.595	426	2.0	
102.805	427	2.0	
102.985	428	2.0	
103.175	429	2.0	
103.345	430	2.0	
103.535	431	2.0	
103.725	432	2.0	
103.895	433	2.0	
104.075	434	2.0	
104.265	435	2.0	
104.475	436	2.0	
104.625	437	2.0	
104.835	438	2.0	
105.045	439	2.0	
105.235	440	2.0	
105.415	441	2.0	
105.595	442	2.0	
105.775	443	2.0	
106.015	444	2.0	
106.175	445	2.0	
106.395	446	2.0	
106.605	447	2.0	
106.775	448	2.0	
106.975	449	2.0	
107.135	450	2.0	
107.345	451	2.0	
107.545	452	2.0	
107.725	453	2.0	
107.925	454	2.0	
108.065	455	2.0	
108.225	456	2.0	
108.425	457	2.0	
108.665	458	2.0	
108.855	459	2.0	
109.035	460	2.0	
109.215	461	2.0	
109.395	462	2.0	
109.585	463	2.0	
109.825	464	2.0	
110.005	465	2.0	
110.215	466	2.0	
110.415	467	2.0	
110.585	468	2.0	
110.815	469	2.0	
110.985	470	2.0	
111.125	471	2.0	
111.335	472	2.0	
111.545	473	2.0	
111.775	474	2.0	
111.985	475	2.0	
112.165	476	2.0	
112.295	477	2.0	
112.485	478	2.0	
112.715	479	2.0	
112.855	480	2.0	
113.035	481	2.0	
113.195	482	2.0	
113.405	483	2.0	
113.575	484	2.0	
113.765	485	2.0	
113.985	486	2.0	
114.195	487	2.0	
114.355	488	2.0	
114.575	489	2.0	
114.765	490	2.0	
114.925	491	2.0	
115.145	492	2.0	
115.365	493	2.0	
115.535	494	2.0	
115.715	495	2.0	
115.875	496	2.0	
116.075	497	2.0	
116.225	498	2.0	
116.425	499	2.0	
116.655	500	2.0	
116.885	501	2.0	
117.085	502	2.0	
117.275	503	2.0	
117.415	504	2.0	
117.615	505	2.0	
117.815	506	2.0	
117.965	507	2.0	
118.125	508	2.0	
118.325	509	2.0	
118.525	510	2.0	
118.745	511	2.0	
118.945	512	2.0	
119.205	513	2.0	
119.365	514	2.0	
119.535	515	2.0	
119.685	516	2.0	
119.865	517	2.0	
120.005	518	2.0	
120.175	519	2.0	
120.395	520	2.0	
120.555	521	2.0	
120.795	522	2.0	
120.965	523	2.0	
121.175	524	2.0	
121.355	525	2.0	
121.575	526	2.0	
121.735	527	2.0	
121.885	528	2.0	
122.025	529	2.0	
122.205	530	2.0	
122.405	531	2.0	
122.595	532	2.0	
122.825	533	2.0	
123.025	534	2.0	
123.235	535	2.0	
123.375	536	2.0	
123.535	537	2.0	
123.735	538	2.0	
123.915	539	2.0	
124.085	540	2.0	
124.325	541	2.0	
124.555	542	2.0	
124.725	543	2.0	
124.935	544	2.0	
125.125	545	2.0	
125.285	546	2.0	
125.485	547	2.0	
125.715	548	2.0	
125.945	549	2.0	
126.125	550	2.0	
126.315	551	2.0	
126.475	552	2.0	
126.645	553	2.0	
126.865	554	2.0	
127.055	555	2.0	
127.255	556	2.0	
127.445	557	2.0	
127.645	558	2.0	
127.955	559	2.0	
128.105	560	2.0	
128.315	561	2.0	
128.515	562	2.0	
128.695	563	2.0	
128.865	564	2.0	
129.035	565	2.0	
129.195	566	2.0	
129.355	567	2.0	
129.515	568	2.0	
129.725	569	2.0	
129.915	570	2.0	
130.095	571	2.0	
130.325	572	2.0	
130.475	573	2.0	
130.675	574	2.0	
130.875	575	2.0	
131.085	576	2.0	
131.265	577	2.0	
131.475	578	2.0	
131.665	579	2.0	
131.865	580	2.0	
132.065	581	2.0	
132.275	582	2.0	
132.515	583	2.0	
132.725	584	2.0	
132.955	585	2.0	
133.115	586	2.0	
133.315	587	2.0	
133.475	588	2.0	
133.625	589	2.0	
133.815	590	2.0	
133.975	591	2.0	
134.125	592	2.0	
134.325	593	2.0	
134.495	594	2.0	
134.675	595	2.0	
134.895	596	2.0	
135.085	597	2.0	
135.285	598	2.0	
135.425	599	2.0	
135.635	600	2.0	
135.825	601	2.0	
136.025	602	2.0	
136.215	603	2.0	
136.425	604	2.0	
136.645	605	2.0	
136.815	606	2.0	
137.035	607	2.0	
137.245	608	2.0	
137.425	609	2.0	
137.565	610	2.0	
137.725	611	2.0	
137.885	612	2.0	
138.075	613	2.0	
138.295	614	2.0	
138.475	615	2.0	
138.655	616	2.0	
138.855	617	2.0	
139.015	618	2.0	
139.185	619	2.0	
139.325	620	2.0	
139.515	621	2.0	
139.705	622	2.0	
139.895	623	2.0	
140.105	624	2.0	
140.275	625	2.0	
140.465	626	2.0	
140.655	627	2.0	
140.865	628	2.0	
141.085	629	2.0	
141.275	630	2.0	
141.505	631	2.0	
141.695	632	2.0	
141.855	633	2.0	
142.045	634	2.0	
142.225	635	2.0	
142.425	636	2.0	
142.625	637	2.0	
142.805	638	2.0	
142.965	639	2.0	
143.155	640	2.0	
143.325	641	2.0	
143.515	642	2.0	
143.695	643	2.0	
143.905	644	2.0	
144.075	645	2.0	
144.265	646	2.0	
144.465	647	2.0	
144.635	648	2.0	
144.825	649	2.0	
145.005	650	2.0	
145.175	651	2.0	
145.405	652	2.0	
145.615	653	2.0	
145.815	654	2.0	
146.015	655	2.0	
146.195	656	2.0	
146.365	657	2.0	
146.515	658	2.0	
146.715	659	2.0	
146.895	660	2.0	
147.075	661	2.0	
147.285	662	2.0	
147.485	663	2.0	
147.675	664	2.0	
147.865	665	2.0	
148.045	666	2.0	
148.215	667	2.0	
148.415	668	2.0	
148.615	669	2.0	
148.736	670	2.0	
148.875	671	2.0	
149.065	672	2.0	
149.235	673	2.0	
149.486	674	2.0	
149.653	675	2.0	
149.765	676	2.0	
149.975	677	2.0	
150.133	678	2.0	
150.293	679	2.0	
150.497	680	2.0	
150.654	681	2.0	
150.869	682	2.0	
151.015	683	2.0	
151.225	684	2.0	
151.425	685	2.0	
151.605	686	2.0	
151.785	687	2.0	
151.965	688	2.0	
152.175	689	2.0	
152.335	690	2.0	
152.515	691	2.0	
152.695	692	2.0	
152.905	693	2.0	
153.075	694	2.0	
153.215	695	2.0	
153.425	696	2.0	
153.585	697	2.0	
153.755	698	2.0	
153.925	699	2.0	
154.105	700	2.0	
154.305	701	2.0	
154.505	702	2.0	
154.725	703	2.0	
154.865	704	2.0	
155.015	705	2.0	
155.175	706	2.0	
155.325	707	2.0	
155.495	708	2.0	
155.675	709	2.0	
155.835	710	2.0	
156.015	711	2.0	
156.165	712	2.0	
156.355	713	2.0	
156.525	714	2.0	
156.765	715	2.0	
156.925	716	2.0	
157.125	717	2.0	
157.365	718	2.0	
157.515	719	2.0	
157.715	720	2.0	
157.865	721	2.0	
158.075	722	2.0	
158.265	723	2.0	
158.415	724	2.0	
158.605	725	2.0	
158.795	726	2.0	
158.985	727	2.0	
159.175	728	2.0	
159.345	729	2.0	
159.515	730	2.0	
159.82925	731	2.0	
159.98425	732	2.0	
160.21675	733	2.0	
160.40275	734	2.0	
160.55775	735	2.0	
160.752	736	2.0	
160.961	737	2.0	
161.17775	738	2.0	
161.30175	739	2.0	
161.47225	740	2.0	
161.713	741	2.0	
161.87525	742	2.0	
162.09225	743	2.1	
162.26275	744	2.14142135623731	
162.46425	745	2.17320508075689	
162.61925	746	2.2	
162.83625	747	2.22360679774998	
163.00675	748	2.24494897427832	
163.14625	749	2.26457513110646	
163.36325	750	2.28284271247462	
163.59575	751	2.3	
163.78175	752	2.31622776601684	
163.95	753	2.33166247903554	
164.12275	754	2.34641016151378	
164.30875	755	2.3605551275464	
164.47925	756	2.37416573867739	
164.68075	757	2.38729833462074	
164.83575	758	2.4	
165.02175	759	2.41231056256177	
165.20775	760	2.42426406871193	
165.42475	761	2.43588989435407	
165.61075	762	2.44721359549996	
165.78125	763	2.45825756949558	
165.98275	764	2.46904157598234	
166.16875	765	2.47958315233127	
166.37025	766	2.48989794855664	
166.52525	767	2.5	
166.64925	768	2.50990195135928	
166.81975	769	2.51961524227066	
166.97475	770	2.52915026221292	
167.12975	771	2.53851648071345	
167.34675	772	2.54772255750517	
167.50175	773	2.556776436283	
167.68775	774	2.56568542494924	
167.82725	775	2.5744562646538	
168.05975	776	2.58309518948453	
168.32325	777	2.59160797830996	
168.57125	778	2.6	
168.74175	779	2.60827625302982	
168.95875	780	2.6164414002969	
169.11375	781	2.62449979983984	
169.33075	782	2.63245553203368	
169.48575	783	2.64031242374328	
169.65625	784	2.64807406984079	
169.87325	785	2.6557438524302	
170.04375	786	2.66332495807108	
170.24525	787	2.67082039324994	
170.47775	788	2.67823299831253	
170.67925	789	2.6855654600401	
170.84975	790	2.69282032302755	
170.97375	791	2.7	
171.22175	792	2.70710678118655	
171.39225	793	2.71414284285428	
171.64025	794	2.7211102550928	
171.77975	795	2.72801098892805	
171.98125	796	2.73484692283495	
172.13625	797	2.74161984870957	
172.29125	798	2.74833147735479	
172.46175	799	2.75498344352707	
172.63225	800	2.76157731058639	
172.81825	801	2.76811457478686	
172.97325	802	2.77459666924148	
173.14375	803	2.78102496759067	
173.34525	804	2.78740078740118	
173.51575	805	2.79372539331938	
173.71725	806	2.8	
173.90325	807	2.80622577482985	
174.10475	808	2.8124038404636	
174.25975	809	2.81853527718724	
174.49225	810	2.82462112512353	
174.66275	811	2.83066238629181	
174.87975	812	2.83666002653408	
175.06575	813	2.84261497731764	
175.22075	814	2.84852813742386	
175.36025	815	2.85440037453175	
175.57725	816	2.86023252670426	
175.73225	817	2.86602540378444	
175.87175	818	2.87177978870813	
176.07325	819	2.87749643873921	
176.24375	820	2.88317608663278	
176.38325	821	2.88881944173156	
176.58475	822	2.89442719099992	
176.80175	823	2.9	
177.00325	824	2.90553851381374	
177.23575	825	2.91104335791443	
177.39075	826	2.91651513899117	
177.57675	827	2.92195444572929	
177.757	828	2.92736184954957	
177.883	829	2.93273790530888	
178.01075	830	2.93808315196469	
178.19675	831	2.94339811320566	
178.36725	832	2.94868329805051	
178.55325	833	2.95393920141695	
178.78575	834	2.95916630466254	
178.97175	835	2.9643650760993	
179.15775	836	2.96953597148327	
179.34375	837	2.9746794344809	
179.52975	838	2.97979589711327	
179.71575	839	2.98488578017961	
179.90175	840	2.98994949366117	
180.07225	841	2.99498743710662	
180.24275	842	3.0	
180.39775	843	3.00498756211209	
180.58375	844	3.00995049383621	
180.76975	845	3.01488915650922	
180.92475	846	3.01980390271856	
181.12625	847	3.02469507659596	
181.25025	848	3.0295630140987	
181.43625	849	3.03440804327886	
181.57575	850	3.03923048454133	
181.77725	851	3.04403065089106	
181.93225	852	3.04880884817015	
182.11825	853	3.05356537528527	
182.36625	854	3.05830052442584	
182.58325	855	3.06301458127346	
182.80025	856	3.06770782520313	
183.00175	857	3.07238052947636	
183.14125	858	3.0770329614269	
183.304	859	3.0816653826392	
183.45	860	3.08627804912002	
183.65275	861	3.09087121146357	
183.86975	862	3.09544511501033	
184.04025	863	3.1	
184.33475	864	3.10453610171873	
184.50525	865	3.10905365064094	
184.67575	866	3.113552872566	
184.87725	867	3.11803398874989	
185.01675	868	3.12249721603218	
185.20275	869	3.12694276695846	
185.41975	870	3.13137084989848	
185.59025	871	3.13578166916005	
185.79175	872	3.14017542509914	
185.97775	873	3.14455231422596	
186.14825	874	3.14891252930761	
186.36525	875	3.15325625946708	
186.58225	876	3.15758369027902	
186.79925	877	3.16189500386223	
186.96975	878	3.16619037896906	
187.15575	879	3.17046999107196	
187.35725	880	3.17473401244707	
187.54325	881	3.17898261225516	
187.68275	882	3.18321595661992	
187.85325	883	3.18743420870379	
188.05475	884	3.1916375287813	
188.24075	885	3.19582607431014	
188.39575	886	3.2	
188.58175	887	3.20415945787923	
188.75225	888	3.20830459735946	
188.90725	889	3.21243556529821	
189.09325	890	3.21655250605964	
189.32575	891	3.22065556157337	
189.51175	892	3.22474487139159	
189.71325	893	3.22882057274445	
189.89925	894	3.2328828005938	
190.10075	895	3.2369316876853	
190.28675	896	3.24096736459909	
190.47275	897	3.24498995979887	
190.67425	898	3.24899959967968	
190.84475	899	3.25299640861417	
190.99975	900	3.25698050899765	
191.20125	901	3.26095202129185	
191.37175	902	3.26491106406735	
191.58875	903	3.26885775404495	
191.77475	904	3.27279220613579	
191.92975	905	3.27671453348037	
192.13125	906	3.28062484748657	
192.36375	907	3.28452325786651	
192.53425	908	3.28840987267251	
192.70475	909	3.29228479833201	
192.90625	910	3.29614813968157	
193.10775	911	3.3	
193.32475	912	3.30384048104053	
193.55725	913	3.3076696830622	
193.69675	914	3.3114877048604	
193.86725	915	3.31529464379659	
194.08425	916	3.31909059582729	
194.23925	917	3.3228756555323	
194.39425	918	3.32664991614216	
194.53375	919	3.33041346956501	
194.65775	920	3.33416640641263	
194.82825	921	3.33790881602597	
194.98325	922	3.34164078649987	
195.15375	923	3.34536240470737	
195.32425	924	3.3490737563232	
195.49475	925	3.35277492584687	
195.69625	926	3.35646599662505	
195.92875	927	3.36014705087354	
196.11475	928	3.36381816969859	
196.28525	929	3.36747943311773	
196.44025	930	3.37113092008021	
196.61075	931	3.37477270848675	
196.76575	932	3.37840487520902	
196.95175	933	3.38202749610853	
197.10675	934	3.3856406460551	
197.26175	935	3.38924439894498	
197.41675	936	3.39283882771841	
197.60275	937	3.39642400437689	
197.75775	938	3.4	
197.94375	939	3.40356688476182	
198.06775	940	3.40712472794703	
198.30025	941	3.41067359796659	
198.47075	942	3.41421356237309	
198.61025	943	3.41774468787578	
198.79625	944	3.42126704035519	
198.95125	945	3.4247806848775	
199.15275	946	3.42828568570857	
199.30775	947	3.43178210632764	
199.50925	948	3.43527000944073	
199.69525	949	3.43874945699382	
199.86575	950	3.4422205101856	
200.06725	951	3.4456832294801	
200.31525	952	3.44913767461894	
200.53225	953	3.4525839046334	
200.67175	954	3.4560219778561	
200.81125	955	3.45945195193264	
201.01275	956	3.46287388383278	
201.22975	957	3.46628782986152	
201.38475	958	3.46969384566991	
201.60175	959	3.47309198626562	
201.80325	960	3.47648230602334	
201.95825	961	3.47986485869487	
202.15975	962	3.48323969741913	
202.36125	963	3.48660687473185	
202.51625	964	3.48996644257513	
202.67125	965	3.49331845230681	
202.85725	966	3.49666295470958	
203.02775	967	3.5	
203.21375	968	3.50332963783729	
203.38425	969	3.50665191733194	
203.55475	970	3.50996688705415	
203.69425	971	3.51327459504216	
203.84925	972	3.51657508881031	
204.00425	973	3.51986841535707	
204.15925	974	3.52315462117278	
204.36075	975	3.52643375224737	
204.56225	976	3.52970585407784	
204.73275	977	3.53297097167559	
204.91875	978	3.53622914957372	
205.07375	979	3.53948043183407	
205.22875	980	3.54272486205415	
205.39925	981	3.54596248337403	
205.56975	982	3.54919333848297	
205.75575	983	3.552417469626	
205.95725	984	3.5556349186104	
206.14325	985	3.55884572681199	
206.29825	986	3.56204993518133	
206.45325	987	3.56524758424985	
206.67025	988	3.56843871413581	
206.85625	989	3.57162336455017	
207.02675	990	3.57480157480236	
207.21275	991	3.57797338380595	
207.50725	992	3.58113883008419	
207.66225	993	3.58429795177549	
207.81725	994	3.58745078663875	
207.95675	995	3.59059737205869	
208.15825	996	3.59373774505092	
208.29775	997	3.59687194226713	
208.49925	998	3.6	
208.68525	999	3.60312195418814	
208.85575	1000	3.6062378404209	
209.05	1001	3.60934769394311	
209.2	1002	3.61245154965971	
209.4125	1003	3.61554944214035	
209.5625	1004	3.61864140562386	
209.8025	1005	3.62172747402269	
209.9675	1006	3.62480768092719	
210.12	1007	3.62788205960997	
210.3125	1008	3.63095064303001	
210.5075	1009	3.63401346383682	
210.7025	1010	3.63707055437449	
210.8825	1011	3.64012194668567	
211.0475	1012	3.6431676725155	
211.26	1013	3.64620776331543	
211.41	1014	3.64924225024706	
211.6025	1015	3.65227116418583	
211.7975	1016	3.65529453572468	
212.0375	1017	3.6583123951777	
212.1875	1018	3.66132477258361	
212.3525	1019	3.66433169770932	
212.5175	1020	3.66733320005331	
212.6675	1021	3.67032930884901	
212.8625	1022	3.67332005306815	
213.0575	1023	3.67630546142402	
213.2225	1024	3.67928556237467	
213.4325	1025	3.68226038412607	
213.6125	1026	3.68522995463527	
213.8075	1027	3.68819430161341	
213.9875	1028	3.69115345252878	
214.1675	1029	3.69410743460974	
214.3325	1030	3.69705627484771	
214.5425	1031	3.7	
214.7375	1032	3.70293863659264	
214.9325	1033	3.7058722109232	
215.0675	1034	3.70880074906351	
215.2925	1035	3.71172427686237	
215.4725	1036	3.71464281994822	
215.6525	1037	3.71755640373177	
215.7875	1038	3.72046505340853	
215.9675	1039	3.72336879396141	
216.2075	1040	3.72626765016321	
216.3425	1041	3.72916164657906	
216.5225	1042	3.73205080756888	
216.7175	1043	3.73493515728975	
216.8975	1044	3.73781471969828	
217.0625	1045	3.74068951855292	
217.2725	1046	3.74355957741627	
217.4675	1047	3.7464249196573	
217.6775	1048	3.74928556845359	
217.8425	1049	3.75214154679352	
218.0675	1050	3.75499287747842	
218.1725	1051	3.75783958312469	
218.3975	1052	3.7606816861659	
218.5625	1053	3.76351920885484	
218.7125	1054	3.76635217326557	
218.8775	1055	3.76918060129541	
219.0725	1056	3.77200451466693	
219.2525	1057	3.77482393492989	
219.3875	1058	3.77763888346312	
219.5225	1059	3.78044938147649	
219.7475	1060	3.7832554500127	
219.9875	1061	3.78605710994918	
220.1975	1062	3.78885438199983	
220.3325	1063	3.79164728671689	
220.5425	1064	3.79443584449264	
220.6475	1065	3.79722007556114	
220.8875	1066	3.8	
221.0525	1067	3.80277563773199	
221.2325	1068	3.80554700852678	
221.3975	1069	3.80831413200251	
221.6075	1070	3.81107702762748	
221.7425	1071	3.81383571472171	
221.9225	1072	3.81659021245849	
222.1175	1073	3.81934053986603	
222.2675	1074	3.82208671582886	
222.4925	1075	3.82482875908947	
222.6575	1076	3.82756668824971	
222.8525	1077	3.83030052177231	
223.0175	1078	3.83303027798234	
223.1825	1079	3.83575597506858	
223.3775	1080	3.83847763108502	
223.5725	1081	3.8411952639522	
223.7375	1082	3.84390889145858	
223.8875	1083	3.84661853126194	
224.1275	1084	3.84932420089069	
224.3075	1085	3.85202591774521	
224.4725	1086	3.85472369909914	
224.6825	1087	3.85741756210067	
224.8775	1088	3.86010752377383	
225.0125	1089	3.86279360101972	
225.2075	1090	3.86547581061776	
225.4025	1091	3.86815416922694	
225.5225	1092	3.87082869338697	
225.6875	1093	3.87349939951952	
225.8675	1094	3.87616630392937	
226.1225	1095	3.87882942280559	
226.3175	1096	3.88148877222268	
226.4525	1097	3.88414436814168	
226.6175	1098	3.88679622641132	
226.7825	1099	3.88944436276912	
226.9475	1100	3.89208879284245	
227.1425	1101	3.89472953214964	
227.3225	1102	3.89736659610103	
227.5325	1103	3.9	
227.7125	1104	3.90262975904404	
227.9075	1105	3.90525588832576	
228.1025	1106	3.90787840283389	
228.2825	1107	3.91049731745428	
228.4625	1108	3.9131126469709	
228.6425	1109	3.9157244060668	
228.8225	1110	3.91833260932509	
228.9725	1111	3.92093727122985	
229.1825	1112	3.92353840616713	
229.35	1113	3.92613602842582	
229.45	1114	3.92873015219859	
229.5875	1115	3.9313207915828	
229.7825	1116	3.93390796058137	
229.9925	1117	3.93649167310371	
230.1575	1118	3.93907194296653	
230.3675	1119	3.94164878389476	
230.5325	1120	3.94422220952236	
230.7275	1121	3.94679223339318	
230.9225	1122	3.94935886896179	
231.0575	1123	3.95192212959431	
231.2375	1124	3.95448202856921	
231.4325	1125	3.95703857907809	
231.6125	1126	3.95959179422654	
231.8075	1127	3.96214168703486	
231.9875	1128	3.96468827043885	
232.1975	1129	3.9672315572906	
232.3625	1130	3.96977156035922	
232.5275	1131	3.9723082923316	
232.6775	1132	3.97484176581315	
232.8425	1133	3.97737199332852	
233.0225	1134	3.97989898732233	
233.2025	1135	3.9824227601599	
233.3675	1136	3.98494332412792	
233.5475	1137	3.98746069143518	
233.7125	1138	3.98997487421324	
233.9225	1139	3.99248588451713	
234.0875	1140	3.994993734326	
234.2825	1141	3.99749843554382	
234.4025	1142	4.0	
234.5525	1143	4.00249843945008	
234.7025	1144	4.00499376557634	
234.8675	1145	4.00748598998847	
235.0475	1146	4.00997512422418	
235.2125	1147	4.01246117974981	
235.3925	1148	4.01494416796099	
235.5725	1149	4.0174241001832	
235.7375	1150	4.01990098767242	
235.9025	1151	4.02237484161567	
236.1125	1152	4.02484567313166	
236.291	1153	4.02731349327133	
236.488	1154	4.02977831301844	
236.62	1155	4.03224014329016	
236.8175	1156	4.03469899493758	
237.0125	1157	4.03715487874634	
237.1475	1158	4.03960780543711	
237.2975	1159	4.04205778566621	
237.5075	1160	4.04450483002609	
237.6575	1161	4.04694894904587	
237.8075	1162	4.04939015319192	
238.0625	1163	4.05182845286832	
238.2575	1164	4.05426385841741	
238.4375	1165	4.05669638012031	
238.6175	1166	4.0591260281974	
238.7825	1167	4.06155281280883	
238.9775	1168	4.06397674405503	
239.1575	1169	4.06639783197718	
239.3075	1170	4.06881608655772	
239.4575	1171	4.0712315177208	
239.6525	1172	4.07364413533277	
239.8475	1173	4.07605394920267	
240.0275	1174	4.07846096908265	
240.1925	1175	4.08086520466848	
240.4175	1176	4.08326666559997	
240.6275	1177	4.08566536146142	
240.8525	1178	4.08806130178211	
241.0325	1179	4.09045449603669	
241.1975	1180	4.09284495364563	
241.3925	1181	4.0952326839757	
241.5275	1182	4.0976176963403	
241.6925	1183	4.1	
241.8425	1184	4.10237960416286	
241.9925	1185	4.10475651798492	
242.1575	1186	4.10713075057055	
242.3225	1187	4.1095023109729	
242.5025	1188	4.11187120819429	
242.6375	1189	4.1142374511866	
242.8025	1190	4.11660104885167	
242.9975	1191	4.11896201004171	
243.1175	1192	4.12132034355964	
243.3125	1193	4.12367605815953	
243.4475	1194	4.12602916254693	
243.6125	1195	4.12837966537928	
243.7925	1196	4.13072757526625	
243.9875	1197	4.13307290077015	
244.1825	1198	4.13541565040626	
244.4225	1199	4.13775583264319	
244.5575	1200	4.14009345590327	
244.6775	1201	4.14242852856285	
244.8425	1202	4.14476105895272	
245.0075	1203	4.14709105535839	
245.1725	1204	4.14941852602047	
245.3975	1205	4.151743479135	
245.5625	1206	4.1540659228538	
245.7275	1207	4.15638586528478	
245.9225	1208	4.15870331449229	
246.1175	1209	4.16101827849743	
246.3425	1210	4.16333076527839	
246.5225	1211	4.16564078277077	
246.7025	1212	4.16794833886788	
246.8825	1213	4.17025344142107	
247.0175	1214	4.17255609824004	
247.2125	1215	4.17485631709315	
247.3775	1216	4.17715410570772	
247.6325	1217	4.17944947177034	
247.8125	1218	4.18174242292714	
248.0375	1219	4.18403296678416	
248.2325	1220	4.18632111090754	
248.4275	1221	4.18860686282393	
248.6525	1222	4.19089023002066	
248.8175	1223	4.19317121994613	
249.0125	1224	4.19544984001002	
249.2075	1225	4.19772609758359	
249.3875	1226	4.2	
249.5675	1227	4.20227155455452	
249.7175	1228	4.20454076850486	
249.8675	1229	4.20680764907139	
250.0325	1230	4.20907220343745	
250.1975	1231	4.2113344387496	
250.35	1232	4.21359436211787	
250.4675	1233	4.21585198061603	
250.6325	1234	4.21810730128188	
250.7975	1235	4.22036033111745	
250.9625	1236	4.22261107708929	
251.1725	1237	4.2248595461287	
251.3825	1238	4.22710574513201	
251.5625	1239	4.2293496809608	
251.7575	1240	4.23159136044214	
251.9375	1241	4.23383079036887	
252.0875	1242	4.23606797749979	
252.2825	1243	4.23830292855994	
252.4925	1244	4.24053565024081	
252.6575	1245	4.24276614920058	
252.8525	1246	4.24499443206436	
253.0175	1247	4.24722050542442	
253.2125	1248	4.2494443758404	
253.3475	1249	4.25166604983954	
253.5425	1250	4.25388553391693	
253.7075	1251	4.2561028345357	
253.9025	1252	4.25831795812724	
254.0975	1253	4.26053091109146	
254.2775	1254	4.26274169979695	
254.4725	1255	4.26495033058123	
254.6375	1256	4.26715680975093	
254.8025	1257	4.26936114358204	
255.0275	1258	4.27156333832011	
255.2525	1259	4.27376340018041	
255.4325	1260	4.27596133534821	
255.5975	1261	4.2781571499789	
255.7625	1262	4.28035085019828	
255.9275	1263	4.28254244210266	
256.1225	1264	4.28473193175917	
256.3325	1265	4.28691932520585	
256.5575	1266	4.28910462845192	
256.7675	1267	4.29128784747792	
256.9475	1268	4.29346898823594	
257.1275	1269	4.2956480566498	
257.3225	1270	4.29782505861521	
257.4725	1271	4.3	
257.6525	1272	4.30217288664427	
257.7875	1273	4.30434372436058	
257.9525	1274	4.30651251893416	
258.0875	1275	4.30867927612304	
258.2525	1276	4.31084400165827	
258.4475	1277	4.31300670124408	
258.6125	1278	4.31516738055805	
258.7775	1279	4.31732604525129	
258.9425	1280	4.31948270094864	
259.1675	1281	4.32163735324878	
259.3325	1282	4.32379000772445	
259.4975	1283	4.3259406699226	
259.6475	1284	4.32808934536456	
259.7975	1285	4.33023603954621	
259.9625	1286	4.33238075793812	
260.1575	1287	4.33452350598575	
260.352	1288	4.33666428910959	
260.5475	1289	4.3388031127053	
260.7125	1290	4.34093998214392	
260.8925	1291	4.343074902772	
261.0575	1292	4.34520787991172	
261.2075	1293	4.3473389188611	
261.3425	1294	4.34946802489415	
261.5375	1295	4.35159520326097	
261.7175	1296	4.35372045918796	
261.8825	1297	4.35584379787795	
262.0775	1298	4.35796522451032	
262.2425	1299	4.36008474424119	
262.4225	1300	4.36220236220354	
262.6175	1301	4.36431808350738	
262.7675	1302	4.36643191323985	
262.9325	1303	4.3685438564654	
263.0825	1304	4.37065391822594	
263.2625	1305	4.37276210354093	
263.4875	1306	4.37486841740758	
263.6675	1307	4.37697286480094	
263.8625	1308	4.37907545067406	
264.0725	1309	4.38117617995813	
264.2075	1310	4.3832750575626	
264.4025	1311	4.38537208837531	
264.5525	1312	4.38746727726266	
264.6875	1313	4.3895606290697	
264.8225	1314	4.39165214862028	
264.9575	1315	4.39374184071716	
265.1075	1316	4.39582971014219	
265.2875	1317	4.39791576165636	
265.4375	1318	4.4	
265.5875	1319	4.40208242989286	
265.777	1320	4.40416305603426	
265.979	1321	4.40624188310319	
266.167	1322	4.40831891575846	
266.35	1323	4.41039415863879	
266.557	1324	4.41246761636296	
266.703	1325	4.41453929352993	
266.8925	1326	4.41660919471891	
267.141	1327	4.41867732448956	
267.353	1328	4.42074368738204	
267.5225	1329	4.42280828791714	
267.6875	1330	4.42487113059643	
267.8525	1331	4.42693221990232	
268.0025	1332	4.42899156029822	
268.1825	1333	4.43104915622864	
268.3325	1334	4.43310501211929	
268.4825	1335	4.43515913237718	
268.6925	1336	4.43721152139079	
268.91	1337	4.43926218353009	
269.1725	1338	4.44131112314674	
269.3525	1339	4.44335834457412	
269.5175	1340	4.4454038521275	
269.6825	1341	4.44744765010408	
269.9225	1342	4.44948974278318	
270.0875	1343	4.45153013442625	
270.2075	1344	4.45356882927706	
270.3875	1345	4.45560583156174	
270.6125	1346	4.4576411454889	
270.7325	1347	4.45967477524977	
270.8525	1348	4.46170672501823	
271.018	1349	4.46373699895098	
271.173	1350	4.46576560118759	
271.3775	1351	4.46779253585061	
271.6025	1352	4.46981780704569	
271.7375	1353	4.47184141886166	
271.8575	1354	4.4738633753706	
272.0975	1355	4.47588368062799	
272.2475	1356	4.47790233867277	
272.4125	1357	4.47991935352745	
272.6375	1358	4.48193472919817	
272.7725	1359	4.48394846967484	
272.9225	1360	4.48596057893121	
273.0575	1361	4.48797106092495	
273.2075	1362	4.48997991959775	
273.3725	1363	4.49198715887542	
273.5525	1364	4.49399278266799	
273.7325	1365	4.49599679486974	
273.9125	1366	4.49799919935936	
274.0475	1367	4.5	
274.2125	1368	4.50199920063936	
274.3925	1369	4.50399680510978	
274.6325	1370	4.50599281722833	
274.8575	1371	4.50798724079689	
274.967	1372	4.50998007960223	
275.1	1373	4.51197133741609	
275.2325	1374	4.51396101799531	
275.4125	1375	4.51594912508182	
275.5775	1376	4.51793566240283	
275.7575	1377	4.51992063367083	
275.9525	1378	4.5219040425837	
276.1175	1379	4.52388589282479	
276.3275	1380	4.52586618806302	
276.4775	1381	4.52784493195291	
276.6575	1382	4.5298221281347	
276.8375	1383	4.53179778023443	
277.0625	1384	4.53377189186399	
277.2575	1385	4.53574446662119	
277.4375	1386	4.5377155080899	
277.6625	1387	4.53968501984006	
277.8125	1388	4.54165300542777	
277.9925	1389	4.54361946839538	
278.1725	1390	4.54558441227157	
278.3825	1391	4.5475478405714	
278.5325	1392	4.54950975679639	
278.7125	1393	4.55147016443461	
278.9225	1394	4.55342906696074	
279.1325	1395	4.55538646783613	
279.2525	1396	4.55734237050888	
279.4475	1397	4.55929677841395	
279.6575	1398	4.56124969497314	
279.8225	1399	4.56320112359526	
280.0475	1400	4.56515106767613	
280.2275	1401	4.56709953059869	
280.392	1402	4.56904651573303	
280.52	1403	4.57099202643649	
280.7075	1404	4.57293606605372	
280.8425	1405	4.57487863791675	
281.0225	1406	4.57681974534503	
281.1875	1407	4.57875939164553	
281.3825	1408	4.58069758011279	
281.5775	1409	4.58263431402899	
281.7275	1410	4.58456959666402	
281.9225	1411	4.58650343127551	
282.0725	1412	4.58843582110896	
282.2675	1413	4.59036676939772	
282.4175	1414	4.59229627936314	
282.5975	1415	4.59422435421457	
282.7475	1416	4.59615099714943	
282.8675	1417	4.59807621135332	
283.0325	1418	4.6	
283.1675	1419	4.60192236625154	
283.3475	1420	4.60384331325831	
283.5275	1421	4.60576284415908	
283.7225	1422	4.60768096208106	
283.8725	1423	4.60959767013998	
284.0825	1424	4.61151297144012	
284.2925	1425	4.6134268690744	
284.4425	1426	4.6153393661244	
284.6375	1427	4.61725046566048	
284.7875	1428	4.61916017074176	
284.9375	1429	4.62106848441623	
285.0575	1430	4.6229754097208	
285.2525	1431	4.62488094968134	
285.4475	1432	4.62678510731274	
285.5975	1433	4.62868788561898	
285.7775	1434	4.63058928759318	
285.9725	1435	4.63248931621764	
286.1825	1436	4.6343879744639	
286.3775	1437	4.63628526529281	
286.5725	1438	4.63818119165458	
286.7375	1439	4.64007575648882	
286.9325	1440	4.64196896272458	
287.1425	1441	4.64386081328046	
287.3375	1442	4.64575131106459	
287.5325	1443	4.64764045897475	
287.7425	1444	4.64952825989835	
287.9075	1445	4.65141471671257	
288.0725	1446	4.65329983228432	
288.1925	1447	4.65518360947035	
288.4325	1448	4.65706605111728	
288.6125	1449	4.65894716006167	
288.8225	1450	4.66082693913001	
288.9725	1451	4.66270539113887	
289.1375	1452	4.66458251889485	
289.2725	1453	4.66645832519468	
289.4375	1454	4.66833281282527	
289.6175	1455	4.67020598456374	
289.7525	1456	4.67207784317748	
289.9475	1457	4.67394839142419	
290.0975	1458	4.67581763205193	
290.2925	1459	4.67768556779918	
290.4425	1460	4.67955220139485	
290.6375	1461	4.68141753555838	
290.7875	1462	4.68328157299975	
290.9225	1463	4.68514431641951	
291.0725	1464	4.68700576850888	
291.2975	1465	4.68886593194975	
291.4475	1466	4.69072480941474	
291.6425	1467	4.69258240356725	
291.7925	1468	4.6944387170615	
291.9275	1469	4.69629375254255	
292.1	1470	4.69814751264641	
292.3025	1471	4.7	
292.5	1472	4.70185121722126	
292.7225	1473	4.70370116691915	
292.9475	1474	4.70554985169374	
293.0825	1475	4.70739727413618	
293.2625	1476	4.70924343682881	
293.4725	1477	4.71108834234519	
293.6975	1478	4.71293199325011	
293.9375	1479	4.71477439209965	
294.0725	1480	4.71661554144123	
294.2375	1481	4.71845544381364	
294.4325	1482	4.72029410174709	
294.5975	1483	4.72213151776324	
294.7775	1484	4.72396769437525	
294.9875	1485	4.7258026340878	
295.1675	1486	4.72763633939717	
295.3625	1487	4.72946881279124	
295.5125	1488	4.73130005674953	
295.7225	1489	4.73313007374329	
295.8725	1490	4.73495886623547	
296.0825	1491	4.7367864366808	
296.3075	1492	4.73861278752583	
296.4875	1493	4.74043792120894	
296.6525	1494	4.74226184016042	
296.7875	1495	4.74408454680245	
296.9825	1496	4.7459060435492	
297.1325	1497	4.74772633280682	
297.2975	1498	4.7495454169735	
297.4925	1499	4.75136329843952	
297.6575	1500	4.75317997958724	
297.8675	1501	4.75499546279118	
298.0475	1502	4.75680975041804	
298.2425	1503	4.75862284482674	
298.3775	1504	4.76043474836845	
298.4975	1505	4.76224546338663	
298.6925	1506	4.76405499221705	
298.8575	1507	4.76586333718787	
299.0225	1508	4.76767050061961	
299.225	1509	4.76947648482525	
299.4	1510	4.7712812921102	
299.52	1511	4.77308492477241	
299.7425	1512	4.77488738510232	
299.9075	1513	4.77668867538296	
300.0575	1514	4.77848879788996	
300.1925	1515	4.78028775489157	
300.3425	1516	4.78208554864871	
300.4775	1517	4.78388218141501	
300.613	1518	4.78567765543682	
300.7775	1519	4.78747197295327	
300.9275	1520	4.78926513619627	
301.1225	1521	4.79105714739057	
301.2725	1522	4.79284800875379	
301.5425	1523	4.79463772249642	
301.7375	1524	4.79642629082191	
301.9325	1525	4.79821371592664	
302.1725	1526	4.8	
302.3825	1527	4.80178514522438	
302.5475	1528	4.80356915377524	
302.7575	1529	4.80535202782111	
302.9525	1530	4.80713376952364	
303.1475	1531	4.80891438103763	
303.3275	1532	4.81069386451104	
303.5375	1533	4.81247222208505	
303.7175	1534	4.81424945589406	
303.8675	1535	4.81602556806574	
304.0475	1536	4.81780056072107	
304.1975	1537	4.81957443597434	
304.3475	1538	4.82134719593318	
304.5425	1539	4.82311884269862	
304.7225	1540	4.82488937836511	
304.8875	1541	4.82665880502051	
305.0975	1542	4.82842712474619	
305.2775	1543	4.83019433961698	
305.4875	1544	4.83196045170126	
305.6225	1545	4.83372546306095	
305.8025	1546	4.83548937575156	
305.9825	1547	4.83725219182222	
306.1475	1548	4.83901391331568	
306.2825	1549	4.84077454226836	
306.4175	1550	4.84253408071038	
306.5825	1551	4.84429253066558	
306.7625	1552	4.84604989415154	
306.9275	1553	4.84780617317963	
307.1375	1554	4.849561369755	
307.3175	1555	4.85131548587665	
307.4825	1556	4.85306852353742	
307.6625	1557	4.85482048472404	
307.7975	1558	4.85657137141714	
307.9475	1559	4.85832118559129	
308.0975	1560	4.86006992921502	
308.2475	1561	4.86181760425084	
308.4275	1562	4.86356421265527	
308.6225	1563	4.86530975637888	
308.8175	1564	4.86705423736629	
308.9975	1565	4.86879765755621	
309.1475	1566	4.87054001888146	
309.2825	1567	4.87228132326901	
309.4325	1568	4.87402157263998	
309.6425	1569	4.87576076890968	
309.8225	1570	4.87749891398763	
310.0025	1571	4.87923600977759	
310.1975	1572	4.88097205817759	
310.3625	1573	4.88270706107991	
310.5275	1574	4.88444102037119	
310.6925	1575	4.88617393793236	
310.8575	1576	4.88790581563873	
311.0375	1577	4.88963665535998	
311.1875	1578	4.89136645896019	
311.3375	1579	4.89309522829789	
311.4875	1580	4.89482296522603	
311.6825	1581	4.89654967159205	
311.8475	1582	4.89827534923789	
312.0125	1583	4.9	
312.2075	1584	4.90172362570938	
312.3725	1585	4.9034462281916	
312.5525	1586	4.90516780926679	
312.7325	1587	4.90688837074973	
312.9275	1588	4.9086079144498	
313.0625	1589	4.91032644217105	
313.2575	1590	4.91204395571221	
313.4225	1591	4.91376045686669	
313.5875	1592	4.91547594742265	
313.7675	1593	4.91719042916296	
313.9625	1594	4.91890390386529	
314.1275	1595	4.92061637330205	
314.2925	1596	4.92232783924049	
314.4425	1597	4.92403830344269	
314.5925	1598	4.92574776766556	
314.7425	1599	4.92745623366089	
314.9225	1600	4.92916370317536	
315.1025	1601	4.93087017795057	
315.3125	1602	4.93257565972304	
315.4925	1603	4.93428015022424	
315.6125	1604	4.93598365118064	
315.7625	1605	4.93768616431368	
315.9125	1606	4.93938769133981	
316.1225	1607	4.94108823397055	
316.3475	1608	4.94278779391243	
316.5425	1609	4.94448637286709	
316.6925	1610	4.94618397253125	
316.8425	1611	4.94788059459674	
317.0525	1612	4.94957624075052	
317.2025	1613	4.95127091267474	
317.3675	1614	4.95296461204668	
317.5475	1615	4.95465734053883	
317.7275	1616	4.9563490998189	
317.9075	1617	4.95803989154981	
318.1025	1618	4.95972971738975	
318.2975	1619	4.96141857899217	
318.4625	1620	4.96310647800581	
318.6275	1621	4.96479341607472	
318.7625	1622	4.96647939483826	
318.9575	1623	4.96816441593117	
319.1225	1624	4.9698484809835	
319.3625	1625	4.97153159162073	
319.5725	1626	4.9732137494637	
319.7525	1627	4.9748949561287	
319.9025	1628	4.97657521322744	
320.1125	1629	4.97825452236709	
320.2475	1630	4.97993288515027	
320.4275	1631	4.98161030317512	
320.6375	1632	4.98328677803526	
320.8325	1633	4.98496231131986	
320.9675	1634	4.98663690461362	
321.1325	1635	4.98831055949679	
321.2975	1636	4.98998327754521	
321.4775	1637	4.99165506033032	
321.6425	1638	4.99332590941915	
321.8075	1639	4.99499582637439	
321.9575	1640	4.99666481275434	
322.1375	1641	4.99833287011299	
322.3025	1642	5.0	
322.4375	1643	5.00166620396073	
322.6325	1644	5.00333148353624	
322.7975	1645	5.00499584026334	
322.9475	1646	5.00665927567458	
323.1275	1647	5.00832179129826	
323.2925	1648	5.00998338865848	
323.4875	1649	5.01164406927512	
323.6675	1650	5.01330383466387	
323.8775	1651	5.01496268633627	
324.0275	1652	5.01662062579967	
324.1475	1653	5.01827765455731	
324.3275	1654	5.0199337741083	
324.4625	1655	5.02158898594763	
324.6875	1656	5.0232432915662	
324.8525	1657	5.02489669245083	
325.0475	1658	5.02654919008431	
325.2575	1659	5.02820078594534	
325.4075	1660	5.02985148150862	
325.5725	1661	5.03150127824482	
325.7375	1662	5.03315017762062	
325.9025	1663	5.0347981810987	
326.0525	1664	5.0364452901378	
326.25	1665	5.03809150619266	
326.4575	1666	5.03973683071413	
326.6525	1667	5.04138126514911	
326.8175	1668	5.04302481094059	
326.9825	1669	5.04466746952767	
327.1325	1670	5.04630924234556	
327.3125	1671	5.04795013082563	
327.4925	1672	5.04959013639538	
327.6275	1673	5.05122926047847	
327.8075	1674	5.05286750449475	
327.9875	1675	5.05450486986025	
328.1975	1676	5.05614135798722	
328.3925	1677	5.05777697028413	
328.5725	1678	5.05941170815567	
328.7675	1679	5.06104557300279	
328.9175	1680	5.06267856622271	
329.0825	1681	5.06431068920891	
329.2325	1682	5.06594194335118	
329.3975	1683	5.06757233003559	
329.5625	1684	5.06920185064456	
329.7125	1685	5.07083050655682	
329.8775	1686	5.07245829914744	
330.0875	1687	5.07408522978788	
330.2525	1688	5.07571129984594	
330.4325	1689	5.07733651068582	
330.6425	1690	5.07896086366813	
330.8525	1691	5.08058436014987	
331.0025	1692	5.08220700148449	
331.1675	1693	5.08382878902185	
331.3475	1694	5.0854497241083	
331.5425	1695	5.08706980808663	
331.7225	1696	5.0886890422961	
331.8875	1697	5.09030742807249	
332.0375	1698	5.09192496674806	
332.1875	1699	5.0935416596516	
332.3675	1700	5.09515750810843	
332.5175	1701	5.0967725134404	
332.6975	1702	5.09838667696593	
332.8475	1703	5.1	
333.0125	1704	5.10161248385416	
333.1475	1705	5.10322412983658	
333.2975	1706	5.104834939252	
333.4775	1707	5.10644491340181	
333.6575	1708	5.10805405358401	
333.8375	1709	5.10966236109324	
333.9875	1710	5.11126983722081	
334.1675	1711	5.11287648325468	
334.3475	1712	5.11448230047949	
334.4975	1713	5.11608729017658	
334.6625	1714	5.11769145362398	
334.8575	1715	5.11929479209644	
335.0225	1716	5.12089730686545	
335.2025	1717	5.1224989991992	
335.3525	1718	5.12409987036266	
335.5175	1719	5.12569992161756	
335.6825	1720	5.12729915422238	
335.8775	1721	5.1288975694324	
336.0425	1722	5.13049516849971	
336.2225	1723	5.13209195267317	
336.3725	1724	5.13368792319848	
336.5225	1725	5.13528308131818	
336.6875	1726	5.13687742827162	
336.8525	1727	5.13847096529504	
337.0325	1728	5.14006369362152	
337.1675	1729	5.141655614481	
337.3025	1730	5.14324672910034	
337.4825	1731	5.14483703870328	
337.6925	1732	5.14642654451045	
337.8725	1733	5.14801524773944	
338.0075	1734	5.14960314960472	
338.1725	1735	5.15119025131775	
338.3375	1736	5.15277655408689	
338.5025	1737	5.1543620591175	
338.6825	1738	5.1559467676119	
338.8775	1739	5.15753068076939	
339.0425	1740	5.15911379978626	
339.2075	1741	5.16069612585582	
339.3425	1742	5.16227766016838	
339.5375	1743	5.16385840391128	
339.7025	1744	5.16543835826888	
339.8525	1745	5.16701752442262	
340.0175	1746	5.16859590355097	
340.1675	1747	5.17017349682947	
340.2875	1748	5.17175030543074	
340.4525	1749	5.17332633052449	
340.6475	1750	5.17490157327751	
340.8125	1751	5.17647603485372	
340.9625	1752	5.17804971641414	
341.1125	1753	5.17962261911693	
341.2925	1754	5.18119474411737	
341.4575	1755	5.18276609256791	
341.6075	1756	5.18433666561813	
341.8175	1757	5.1859064644148	
341.9975	1758	5.18747549010185	
342.1325	1759	5.1890437438204	
342.2825	1760	5.19061122670876	
342.4625	1761	5.19217793990247	
342.6575	1762	5.19374388453426	
342.8375	1763	5.19530906173409	
343.0025	1764	5.19687347262916	
343.1675	1765	5.19843711834389	
343.3175	1766	5.2	
343.4975	1767	5.20156211871642	
343.6775	1768	5.20312347560939	
343.8575	1769	5.20468407179241	
344.0375	1770	5.20624390837628	
344.2025	1771	5.20780298646909	
344.3975	1772	5.20936130717624	
344.6075	1773	5.21091887160046	
344.7875	1774	5.2124756808418	
344.9375	1775	5.21403173599764	
345.0875	1776	5.21558703816271	
345.2825	1777	5.21714158842908	
345.4475	1778	5.21869538788622	
345.6425	1779	5.22024843762092	
345.7925	1780	5.2218007387174	
345.9425	1781	5.22335229225724	
346.1075	1782	5.22490309931942	
346.2575	1783	5.22645316098034	
346.4375	1784	5.22800247831379	
346.6475	1785	5.22955105239103	
346.8275	1786	5.2310988842807	
347.0075	1787	5.23264597504892	
347.2025	1788	5.23419232575925	
347.3825	1789	5.23573793747269	
347.5475	1790	5.23728281124773	
347.7125	1791	5.23882694814033	
347.9075	1792	5.24037034920393	
348.0575	1793	5.24191301548947	
348.1925	1794	5.24345494804537	
348.3425	1795	5.24499614791759	
348.5225	1796	5.24653661614959	
348.6575	1797	5.24807635378234	
348.8075	1798	5.24961536185438	
348.9725	1799	5.25115364140177	
349.1375	1800	5.25269119345812	
349.3175	1801	5.2542280190546	
349.4825	1802	5.25576411921994	
349.6775	1803	5.25729949498047	
349.8275	1804	5.25883414736006	
349.9775	1805	5.26036807738022	
350.14	1806	5.26190128606002	
350.343	1807	5.26343377441614	
350.497	1808	5.2649655434629	
350.693	1809	5.26649659421222	
350.889	1810	5.26802692767364	
351.015	1811	5.26955654485436	
351.211	1812	5.27108544675922	
351.435	1813	5.27261363439071	
351.589	1814	5.27414110874898	
351.757	1815	5.27566787083184	
351.981	1816	5.27719392163479	
352.107	1817	5.278719262151	
352.261	1818	5.28024389337135	
352.429	1819	5.28176781628439	
352.597	1820	5.2832910318764	
352.737	1821	5.28481354113137	
352.919	1822	5.286335345031	
353.059	1823	5.28785644455472	
353.185	1824	5.28937684067971	
353.325	1825	5.29089653438087	
353.521	1826	5.29241552663087	
353.661	1827	5.29393381840012	
353.815	1828	5.29545141065682	
353.95	1829	5.29696830436691	
354.095	1830	5.29848450049413	
354.305	1831	5.3	
354.529	1832	5.30151480384384	
354.711	1833	5.30302891298275	
354.879	1834	5.30454232837166	
355.019	1835	5.30605505096331	
355.187	1836	5.30756708170825	
355.369	1837	5.30907842155486	
355.551	1838	5.31058907144937	
355.691	1839	5.31209903233584	
355.873	1840	5.31360830515618	
356.027	1841	5.31511689085016	
356.167	1842	5.3166247903554	
356.391	1843	5.31813200460741	
356.559	1844	5.31963853453957	
356.727	1845	5.32114438108312	
356.895	1846	5.32264954516723	
357.049	1847	5.32415402771893	
357.231	1848	5.32565782966318	
357.385	1849	5.32716095192283	
357.609	1850	5.32866339541865	
357.819	1851	5.33016516106934	
357.987	1852	5.33166624979154	
358.197	1853	5.33316666249979	
358.365	1854	5.33466640010661	
358.561	1855	5.33616546352246	
358.701	1856	5.33766385365573	
358.911	1857	5.3391615714128	
359.065	1858	5.34065861769801	
359.205	1859	5.34215499341368	
359.373	1860	5.3436506994601	
359.555	1861	5.34514573673555	
359.695	1862	5.3466401061363	
359.863	1863	5.34813380855664	
360.017	1864	5.34962684488884	
360.157	1865	5.35111921602321	
360.339	1866	5.35261092284804	
360.563	1867	5.35410196624968	
360.689	1868	5.3555923471125	
360.843	1869	5.3570820663189	
361.011	1870	5.35857112474933	
361.207	1871	5.36005952328229	
361.375	1872	5.36154726279432	
361.557	1873	5.36303434416005	
361.725	1874	5.36452076825214	
361.851	1875	5.36600653594137	
361.963	1876	5.36749164809655	
362.159	1877	5.3689761055846	
362.355	1878	5.37045990927054	
362.481	1879	5.37194306001747	
362.635	1880	5.3734255586866	
362.845	1881	5.37490740613724	
363.013	1882	5.37638860322683	
363.181	1883	5.37786915081091	
363.321	1884	5.37934904974316	
363.475	1885	5.38082830087539	
363.643	1886	5.38230690505755	
363.811	1887	5.38378486313773	
364.021	1888	5.38526217596215	
364.175	1889	5.38673884437522	
364.329	1890	5.38821486921948	
364.525	1891	5.38969025133566	
364.749	1892	5.39116499156263	
364.931	1893	5.39263909073747	
365.113	1894	5.39411254969543	
365.309	1895	5.39558536926993	
365.457	1896	5.39705755029261	
365.687	1897	5.39852909359329	
365.813	1898	5.4	
365.953	1899	5.40147027033899	
366.107	1900	5.40293990543471	
366.289	1901	5.40440890610984	
366.457	1902	5.40587727318528	
366.667	1903	5.40734500748016	
366.835	1904	5.40881210981186	
366.989	1905	5.41027858099599	
367.143	1906	5.4117444218464	
367.311	1907	5.4132096331752	
367.465	1908	5.41467421579277	
367.633	1909	5.41613817050774	
367.787	1910	5.41760149812701	
367.969	1911	5.41906419945575	
368.109	1912	5.42052627529741	
368.305	1913	5.42198772645373	
368.515	1914	5.42344855372474	
368.739	1915	5.42490875790874	
368.893	1916	5.42636833980236	
369.075	1917	5.42782730020052	
369.215	1918	5.42928563989645	
369.411	1919	5.43074335968169	
369.579	1920	5.4322004603461	
369.747	1921	5.43365694267788	
369.957	1922	5.43511280746353	
370.125	1923	5.43656805548792	
370.307	1924	5.43802268753422	
370.461	1925	5.43947670438397	
370.657	1926	5.44093010681705	
370.853	1927	5.4423828956117	
371.049	1928	5.44383507154451	
371.259	1929	5.44528663539044	
371.469	1930	5.44673758792282	
371.651	1931	5.44818792991333	
371.805	1932	5.44963766213207	
372.043	1933	5.45108678534748	
372.225	1934	5.45253530032641	
372.379	1935	5.45398320783411	
372.575	1936	5.4554305086342	
372.771	1937	5.45687720348872	
372.939	1938	5.45832329315812	
373.065	1939	5.45976877840124	
373.219	1940	5.46121365997536	
373.331	1941	5.46265793863616	
373.485	1942	5.46410161513776	
373.597	1943	5.46554469023269	
373.765	1944	5.46698716467194	
373.933	1945	5.46842903920493	
374.073	1946	5.46987031457949	
374.255	1947	5.47131099154196	
374.451	1948	5.47275107083707	
374.619	1949	5.47419055320804	
374.815	1950	5.47562943939655	
374.997	1951	5.47706773014274	
375.179	1952	5.47850542618522	
375.389	1953	5.47994252826106	
375.571	1954	5.48137903710584	
375.697	1955	5.4828149534536	
375.837	1956	5.48425027803687	
375.991	1957	5.48568501158667	
376.173	1958	5.48711915483254	
376.355	1959	5.48855270850248	
376.523	1960	5.48998567332303	
376.705	1961	5.49141805001922	
376.859	1962	5.4928498393146	
377.013	1963	5.49428104193123	
377.223	1964	5.49571165858971	
377.419	1965	5.49714169000914	
377.573	1966	5.49857113690718	
377.741	1967	5.5	
377.881	1968	5.50142828000232	
378.035	1969	5.5028559776274	
378.175	1970	5.50428309358705	
378.315	1971	5.50570962859162	
378.511	1972	5.50713558335004	
378.665	1973	5.50856095856977	
378.847	1974	5.50998575495685	
379.015	1975	5.51140997321589	
379.211	1976	5.51283361405006	
379.365	1977	5.51425667816112	
379.519	1978	5.51567916624939	
379.673	1979	5.51710107901379	
379.869	1980	5.51852241715184	
380.037	1981	5.51994318135961	
380.191	1982	5.5213633723318	
380.415	1983	5.52278299076171	
380.597	1984	5.52420203734122	
380.807	1985	5.52562051276084	
380.975	1986	5.52703841770968	
381.129	1987	5.52845575287547	
381.297	1988	5.52987251894456	
381.493	1989	5.53128871660192	
381.647	1990	5.53270434653114	
381.871	1991	5.53411940941446	
382.067	1992	5.53553390593274	
382.319	1993	5.53694783676548	
382.473	1994	5.53836120259083	
382.655	1995	5.53977400408557	
382.823	1996	5.54118624192516	
382.977	1997	5.54259791678367	
383.201	1998	5.54400902933387	
383.383	1999	5.54541958024717	
383.537	2000	5.54682957019364	
383.663	2001	5.54823899984203	
383.831	2002	5.54964786985977	
383.985	2003	5.55105618091294	
384.223	2004	5.55246393366632	
384.405	2005	5.55387112878337	
384.559	2006	5.55527776692624	
384.699	2007	5.55668384875575	
384.839	2008	5.55808937493144	
384.993	2009	5.55949434611154	
385.119	2010	5.56089876295297	
385.301	2011	5.56230262611138	
385.483	2012	5.56370593624109	
385.637	2013	5.56510869399518	
385.847	2014	5.5665109000254	
386.029	2015	5.56791255498225	
386.183	2016	5.56931365951495	
386.323	2017	5.57071421427142	
386.449	2018	5.57211421989835	
386.645	2019	5.57351367704113	
386.855	2020	5.5749125863439	
387.009	2021	5.57631094844953	
387.191	2022	5.57770876399966	
387.317	2023	5.57910603363466	
387.457	2024	5.58050275799363	
387.611	2025	5.58189893771446	
387.751	2026	5.58329457343378	
387.95	2027	5.58468966578698	
388.129	2028	5.58608421540822	
388.283	2029	5.58747822293042	
388.451	2030	5.58887168898527	
388.591	2031	5.59026461420325	
388.773	2032	5.59165699921359	
388.997	2033	5.59304884464434	
389.151	2034	5.59444015112229	
389.305	2035	5.59583091927304	
389.515	2036	5.59722114972099	
389.697	2037	5.59861084308932	
389.851	2038	5.6	
390.047	2039	5.60138862107382	
390.159	2040	5.60277670693036	
390.313	2041	5.60416425818802	
390.439	2042	5.60555127546399	
390.635	2043	5.60693775937429	
390.821	2044	5.60832371053374	
390.957	2045	5.60970912955601	
391.125	2046	5.61109401705356	
391.251	2047	5.61247837363769	
391.363	2048	5.61386219991853	
391.559	2049	5.61524549650504	
391.727	2050	5.61662826400502	
391.909	2051	5.61801050302511	
392.063	2052	5.61939221417077	
392.245	2053	5.62077339804633	
392.427	2054	5.62215405525497	
392.623	2055	5.62353418639869	
392.749	2056	5.62491379207837	
392.917	2057	5.62629287289375	
393.057	2058	5.62767142944341	
393.239	2059	5.62904946232481	
393.407	2060	5.63042697213427	
393.603	2061	5.63180395946698	
393.757	2062	5.63318042491699	
393.911	2063	5.63455636907725	
394.037	2064	5.63593179253957	
394.233	2065	5.63730669589464	
394.401	2066	5.63868107973205	
394.555	2067	5.64005494464026	
394.751	2068	5.64142829120662	
394.891	2069	5.6428011200174	
395.045	2070	5.64417343165772	
395.241	2071	5.64554522671164	
395.423	2072	5.64691650576209	
395.577	2073	5.64828726939094	
395.745	2074	5.64965751817893	
395.899	2075	5.65102725270574	
396.067	2076	5.65239647354993	
396.277	2077	5.65376518128902	
396.459	2078	5.65513337649941	
396.641	2079	5.65650105975644	
396.795	2080	5.65786823163438	
396.921	2081	5.6592348927064	
397.117	2082	5.66060104354463	
397.285	2083	5.66196668472011	
397.467	2084	5.66333181680284	
397.635	2085	5.66469644036174	
397.831	2086	5.66606055596467	
397.985	2087	5.66742416417845	
398.167	2088	5.66878726556883	
398.363	2089	5.67014986070051	
398.545	2090	5.67151195013716	
398.713	2091	5.67287353444139	
398.867	2092	5.67423461417477	
399.077	2093	5.67559518989782	
399.287	2094	5.67695526217005	
399.427	2095	5.6783148315499	
399.651	2096	5.67967389859482	
399.791	2097	5.68103246386119	
400.015	2098	5.68239052790439	
400.155	2099	5.68374809127877	
400.337	2100	5.68510515453766	
400.491	2101	5.68646171823335	
400.659	2102	5.68781778291716	
400.869	2103	5.68917334913934	
401.023	2104	5.69052841744919	
401.135	2105	5.69188298839495	
401.289	2106	5.69323706252388	
401.443	2107	5.69459064038223	
401.583	2108	5.69594372251527	
401.751	2109	5.69729630946723	
401.933	2110	5.69864840178139	
402.115	2111	5.7	
402.311	2112	5.70135110466435	
402.493	2113	5.70270171631472	
402.689	2114	5.70405183549043	
402.801	2115	5.70540146272978	
402.941	2116	5.70675059857013	
403.081	2117	5.70809924354783	
403.277	2118	5.70944739819828	
403.431	2119	5.71079506305589	
403.641	2120	5.71214223865412	
403.851	2121	5.71348892552543	
404.019	2122	5.71483512420134	
404.187	2123	5.71618083521241	
404.346	2124	5.71752605908822	
404.523	2125	5.71887079635741	
404.748	2126	5.72021504754766	
404.849	2127	5.72155881318568	
405.027	2128	5.72290209379726	
405.223	2129	5.72424488990721	
405.377	2130	5.72558720203943	
405.559	2131	5.72692903071684	
405.755	2132	5.72827037646145	
405.937	2133	5.7296112397943	
406.119	2134	5.73095162123553	
406.315	2135	5.7322915213043	
406.469	2136	5.73363094051889	
406.623	2137	5.73496987939662	
406.791	2138	5.73630833845388	
406.945	2139	5.73764631820615	
407.071	2140	5.73898381916798	
407.211	2141	5.74032084185301	
407.393	2142	5.74165738677394	
407.52	2143	5.74299345444258	
407.715	2144	5.74432904536981	
407.897	2145	5.74566416006561	
408.107	2146	5.74699879903904	
408.247	2147	5.74833296279826	
408.401	2148	5.74966665185053	
408.541	2149	5.75099986670221	
408.695	2150	5.75233260785874	
408.849	2151	5.75366487582469	
409.003	2152	5.75499667110372	
409.213	2153	5.75632799419859	
409.409	2154	5.75765884561119	
409.591	2155	5.7589892258425	
409.717	2156	5.76031913539263	
409.857	2157	5.76164857476081	
410.025	2158	5.76297754444536	
410.165	2159	5.76430604494374	
410.305	2160	5.76563407675255	
410.487	2161	5.76696164036747	
410.627	2162	5.76828873628335	
410.767	2163	5.76961536499415	
410.921	2164	5.77094152699296	
411.075	2165	5.772267222772	
411.229	2166	5.77359245282264	
411.369	2167	5.77491721763537	
411.537	2168	5.77624151769984	
411.705	2169	5.77756535350482	
411.859	2170	5.77888872553824	
412.027	2171	5.78021163428716	
412.167	2172	5.78153408023781	
412.293	2173	5.78285606387555	
412.447	2174	5.7841775856849	
412.615	2175	5.78549864614954	
412.755	2176	5.7868192457523	
412.881	2177	5.78813938497516	
413.063	2178	5.78945906429928	
413.259	2179	5.79077828420497	
413.413	2180	5.79209704517171	
413.581	2181	5.79341534767813	
413.721	2182	5.79473319220206	
413.903	2183	5.79605057922046	
414.043	2184	5.79736750920951	
414.225	2185	5.79868398264452	
414.393	2186	5.8	
414.519	2187	5.80131556174964	
414.673	2188	5.80263066836631	
414.841	2189	5.80394532032205	
415.023	2190	5.80525951808809	
415.205	2191	5.80657326213486	
415.359	2192	5.80788655293195	
415.513	2193	5.80919939094818	
415.681	2194	5.81051177665153	
415.835	2195	5.81182371050918	
415.961	2196	5.81313519298752	
416.129	2197	5.81444622455213	
416.353	2198	5.81575680566778	
416.535	2199	5.81706693679846	
416.717	2200	5.81837661840736	
416.857	2201	5.81968585095686	
416.983	2202	5.82099463490856	
417.109	2203	5.82230297072328	
417.305	2204	5.82361085886103	
417.473	2205	5.82491829978106	
417.627	2206	5.8262252939418	
417.823	2207	5.82753184180093	
417.963	2208	5.82883794381533	
418.1	2209	5.83014360044111	
418.201	2210	5.8314488121336	
418.383	2211	5.83275357934736	
418.579	2212	5.83405790253616	
418.719	2213	5.83536178215302	
418.887	2214	5.83666521865018	
419.041	2215	5.8379682124791	
419.223	2216	5.83927076409049	
419.35	2217	5.8405728739343	
419.5	2218	5.84187454245971	
419.6	2219	5.84317577011513	
419.727	2220	5.84447655734822	
419.937	2221	5.84577690460588	
420.105	2222	5.84707681233427	
420.371	2223	5.84837628097877	
420.581	2224	5.84967531098403	
420.735	2225	5.85097390279394	
420.889	2226	5.85227205685164	
421.071	2227	5.85356977359954	
421.267	2228	5.85486705347928	
421.365	2229	5.85616389693177	
421.561	2230	5.85746030439718	
421.729	2231	5.85875627631495	
421.939	2232	5.86005181312376	
422.121	2233	5.86134691526156	
422.261	2234	5.86264158316559	
422.429	2235	5.86393581727233	
422.541	2236	5.86522961801754	
422.765	2237	5.86652298583624	
422.905	2238	5.86781592116274	
423.059	2239	5.86910842443062	
423.241	2240	5.87040049607273	
423.409	2241	5.87169213652119	
423.577	2242	5.87298334620742	
423.68	2243	5.8742741255621	
423.787	2244	5.87556447501522	
423.927	2245	5.87685439499603	
424.109	2246	5.87814388593306	
424.319	2247	5.87943294825416	
424.501	2248	5.88072158238645	
424.613	2249	5.88200978875633	
424.781	2250	5.88329756778952	
424.963	2251	5.88458491991101	
425.103	2252	5.88587184554509	
425.271	2253	5.88715834511536	
425.481	2254	5.88844441904472	
425.635	2255	5.88973006775534	
425.789	2256	5.89101529166874	
425.971	2257	5.89230009120571	
426.167	2258	5.89358446678636	
426.335	2259	5.89486841883009	
426.531	2260	5.89615194775563	
426.713	2261	5.89743505398101	
426.85	2262	5.89871773792358	
426.95	2263	5.9	
427.119	2264	5.90128184062623	
427.287	2265	5.90256326021757	
427.399	2266	5.90384425918863	
427.581	2267	5.90512483795333	
427.763	2268	5.90640499692492	
427.903	2269	5.90768473651598	
428.071	2270	5.90896405713841	
428.253	2271	5.91024295920343	
428.379	2272	5.91152144312159	
428.505	2273	5.91279950930277	
428.687	2274	5.91407715815618	
428.883	2275	5.91535439009038	
429.023	2276	5.91663120551323	
429.177	2277	5.91790760483195	
429.359	2278	5.91918358845308	
429.527	2279	5.92045915678253	
429.681	2280	5.92173431022552	
429.849	2281	5.92300904918661	
429.989	2282	5.92428337406972	
430.143	2283	5.9255572852781	
430.325	2284	5.92683078321437	
430.507	2285	5.92810386828047	
430.675	2286	5.9293765408777	
430.801	2287	5.93064880140671	
430.941	2288	5.9319206502675	
431.095	2289	5.93319208785943	
431.221	2290	5.9344631145812	
431.361	2291	5.93573373083089	
431.501	2292	5.93700393700591	
431.655	2293	5.93827373350304	
431.781	2294	5.93954312071844	
431.949	2295	5.94081209904761	
432.145	2296	5.9420806688854	
432.313	2297	5.94334883062607	
432.481	2298	5.9446165846632	
432.621	2299	5.94588393138977	
432.789	2300	5.94715087119811	
432.943	2301	5.94841740447993	
433.097	2302	5.9496835316263	
433.279	2303	5.95094925302768	
433.447	2304	5.9522145690739	
433.587	2305	5.95347948015416	
433.755	2306	5.95474398665704	
433.951	2307	5.9560080889705	
434.105	2308	5.95727178748188	
434.301	2309	5.9585350825779	
434.483	2310	5.95979797464467	
434.637	2311	5.96106046406767	
434.833	2312	5.96232255123179	
435.015	2313	5.96358423652128	
435.169	2314	5.9648455203198	
435.307	2315	5.96610640301039	
435.533	2316	5.96736688497547	
435.701	2317	5.96862696659689	
435.841	2318	5.96988664825584	
435.981	2319	5.97114593033296	
436.191	2320	5.97240481320824	
436.373	2321	5.97366329726111	
436.499	2322	5.97492138287036	
436.695	2323	5.97617907041421	
436.863	2324	5.97743636027027	
437.045	2325	5.97869325281555	
437.199	2326	5.97994974842648	
437.353	2327	5.98120584747888	
437.549	2328	5.98246155034798	
437.703	2329	5.98371685740842	
437.871	2330	5.98497176903425	
438.011	2331	5.98622628559895	
438.151	2332	5.98748040747538	
438.34	2333	5.98873413503583	
438.452	2334	5.989987468652	
438.613	2335	5.99124040869502	
438.795	2336	5.99249295553543	
438.95	2337	5.99374510954317	
439.12	2338	5.99499687108764	
439.28	2339	5.99624824053762	
439.42	2340	5.99749921826134	
439.55	2341	5.99874980462644	
439.691	2342	6.0	
439.845	2343	6.00124980474851	
440.013	2344	6.0024992192379	
440.139	2345	6.00374824383352	
440.307	2346	6.00499687890016	
440.461	2347	6.00624512480203	
440.615	2348	6.00749298190278	
440.769	2349	6.00874045056549	
440.923	2350	6.00998753115268	
441.091	2351	6.01123422402632	
441.231	2352	6.01248052954778	
441.413	2353	6.01372644807789	
441.595	2354	6.01497197997695	
441.791	2355	6.01621712560464	
441.959	2356	6.01746188532013	
442.127	2357	6.01870625948202	
442.309	2358	6.01995024844836	
442.449	2359	6.02119385257662	
442.631	2360	6.02243707222375	
442.785	2361	6.02367990774614	
442.925	2362	6.02492235949962	
443.065	2363	6.02616442783948	
443.205	2364	6.02740611312045	
443.401	2365	6.02864741569674	
443.583	2366	6.02988833592198	
443.737	2367	6.03112887414927	
443.891	2368	6.03236903073119	
444.045	2369	6.03360880601974	
444.213	2370	6.0348482003664	
444.381	2371	6.03608721412211	
444.549	2372	6.03732584763727	
444.745	2373	6.03856410126173	
444.941	2374	6.03980197534483	
445.109	2375	6.04103947023535	
445.305	2376	6.04227658628155	
445.487	2377	6.04351332383115	
445.669	2378	6.04474968323134	
445.823	2379	6.04598566482878	
445.991	2380	6.04722126896961	
446.145	2381	6.04845649599943	
446.313	2382	6.04969134626332	
446.467	2383	6.05092582010582	
446.607	2384	6.05215991787096	
446.719	2385	6.05339363990225	
446.887	2386	6.05462698654266	
447.055	2387	6.05585995813465	
447.181	2388	6.05709255502016	
447.335	2389	6.05832477754061	
447.489	2390	6.05955662603689	
447.643	2391	6.06078810084939	
447.825	2392	6.06201920231798	
448.007	2393	6.06324993078201	
448.217	2394	6.06448028658031	
448.385	2395	6.06571027005123	
448.525	2396	6.06693988153255	
448.679	2397	6.0681691213616	
448.847	2398	6.06939798987516	
449.057	2399	6.07062648740952	
449.211	2400	6.07185461430047	
449.351	2401	6.07308237088326	
449.477	2402	6.07430975749267	
449.645	2403	6.07553677446297	
449.827	2404	6.0767634221279	
450.037	2405	6.07798970082074	
450.177	2406	6.07921561087423	
450.359	2407	6.08044115262063	
450.527	2408	6.08166632639171	
450.709	2409	6.08289113251872	
450.891	2410	6.08411557133243	
451.045	2411	6.0853396431631	
451.213	2412	6.08656334834051	
451.367	2413	6.08778668719394	
451.507	2414	6.08900966005217	
451.661	2415	6.09023226724351	
451.829	2416	6.09145450909576	
451.983	2417	6.09267638593622	
452.109	2418	6.09389789809174	
452.263	2419	6.09511904588865	
452.431	2420	6.09633982965281	
452.613	2421	6.09756024970958	
452.767	2422	6.09878030638384	
452.921	2423	6.1	
453.047	2424	6.10121933088198	
453.201	2425	6.1024382993532	
453.355	2426	6.10365690573664	
453.523	2427	6.10487515035476	
453.663	2428	6.10609303352956	
453.817	2429	6.10731055558257	
453.943	2430	6.10852771683483	
454.111	2431	6.1097445176069	
454.251	2432	6.11096095821889	
454.405	2433	6.11217703899042	
454.587	2434	6.11339276024063	
454.755	2435	6.1146081222882	
454.923	2436	6.11582312545134	
455.091	2437	6.11703777004778	
455.287	2438	6.1182520563948	
455.441	2439	6.1194659848092	
455.609	2440	6.1206795556073	
455.777	2441	6.12189276910499	
455.945	2442	6.12310562561766	
456.127	2443	6.12431812546026	
456.309	2444	6.12553026894725	
456.505	2445	6.12674205639267	
456.659	2446	6.12795348811006	
456.855	2447	6.12916456441252	
457.009	2448	6.13037528561268	
457.149	2449	6.13158565202272	
457.345	2450	6.13279566395437	
457.485	2451	6.13400532171888	
457.611	2452	6.13521462562707	
457.737	2453	6.13642357598929	
457.933	2454	6.13763217311544	
458.101	2455	6.13884041731498	
458.241	2456	6.14004830889689	
458.409	2457	6.14125584816973	
458.605	2458	6.1424630354416	
458.787	2459	6.14366987102013	
458.941	2460	6.14487635521254	
459.137	2461	6.14608248832558	
459.277	2462	6.14728827066554	
459.403	2463	6.14849370253831	
459.557	2464	6.14969878424929	
459.697	2465	6.15090351610345	
459.879	2466	6.15210789840534	
460.047	2467	6.15331193145904	
460.187	2468	6.1545156155682	
460.355	2469	6.15571895103603	
460.481	2470	6.15692193816531	
460.663	2471	6.15812457725836	
460.845	2472	6.15932686861708	
460.999	2473	6.16052881254294	
461.167	2474	6.16173040933696	
461.321	2475	6.16293165929973	
461.461	2476	6.1641325627314	
461.643	2477	6.16533311993171	
461.811	2478	6.16653333119993	
461.965	2479	6.16773319683494	
462.105	2480	6.16893271713517	
462.259	2481	6.17013189239861	
462.427	2482	6.17133072292284	
462.567	2483	6.17252920900501	
462.735	2484	6.17372735094184	
462.903	2485	6.17492514902962	
463.057	2486	6.17612260356422	
463.183	2487	6.17731971484108	
463.379	2488	6.17851648315524	
463.547	2489	6.17971290880127	
463.687	2490	6.18090899207338	
463.855	2491	6.1821047332653	
464.037	2492	6.18330013267038	
464.177	2493	6.18449519058154	
464.345	2494	6.18568990729127	
464.499	2495	6.18688428309166	
464.653	2496	6.18807831827438	
464.807	2497	6.18927201313068	
464.975	2498	6.19046536795139	
465.129	2499	6.19165838302694	
465.283	2500	6.19285105864733	
465.437	2501	6.19404339510215	
465.591	2502	6.19523539268061	
465.731	2503	6.19642705167146	
465.927	2504	6.19761837236307	
466.109	2505	6.1988093550434	
466.347	2506	6.2	
466.543	2507	6.20119030752	
466.683	2508	6.20238027789014	
466.851	2509	6.20356991139674	
467.005	2510	6.20475920832573	
467.187	2511	6.20594816896262	
467.355	2512	6.20713679359253	
467.501	2513	6.20832508250016	
467.635	2514	6.20951303596984	
467.817	2515	6.21070065428546	
467.999	2516	6.21188793773054	
468.153	2517	6.21307488658818	
468.321	2518	6.2142615011411	
468.503	2519	6.2154477816716	
468.671	2520	6.2166337284616	
468.867	2521	6.21781934179263	
469.007	2522	6.2190046219458	
469.161	2523	6.22018956920184	
469.329	2524	6.22137418384109	
469.483	2525	6.22255846614348	
469.651	2526	6.22374241638857	
469.819	2527	6.22492603485552	
469.987	2528	6.22610932182309	
470.183	2529	6.22729227756965	
470.393	2530	6.2284749023732	
470.547	2531	6.22965719651132	
470.701	2532	6.23083916026124	
470.869	2533	6.23202079389977	
471.023	2534	6.23320209770335	
471.163	2535	6.23438307194803	
471.317	2536	6.23556371690947	
471.457	2537	6.23674403286297	
471.625	2538	6.23792402008342	
471.779	2539	6.23910367884533	
471.919	2540	6.24028300942284	
472.045	2541	6.2414620120897	
472.199	2542	6.24264068711929	
472.353	2543	6.24381903478459	
472.535	2544	6.24499705535822	
472.703	2545	6.24617474911243	
472.843	2546	6.24735211631906	
473.067	2547	6.2485291572496	
473.207	2548	6.24970587217516	
473.333	2549	6.25088226136646	
473.501	2550	6.25205832509386	
473.669	2551	6.25323406362735	
473.809	2552	6.25440947723653	
473.963	2553	6.25558456619064	
474.11	2554	6.25675933075855	
474.23	2555	6.25793377120875	
474.439	2556	6.25910788780937	
474.593	2557	6.26028168082816	
474.747	2558	6.2614551505325	
474.859	2559	6.26262829718942	
474.985	2560	6.26380112106557	
475.181	2561	6.26497362242722	
475.293	2562	6.26614580154031	
475.433	2563	6.26731765867037	
475.601	2564	6.26848919408261	
475.84	2565	6.26966040804184	
475.993	2566	6.27083130081252	
476.147	2567	6.27200187265877	
476.301	2568	6.2731721238443	
476.441	2569	6.2743420546325	
476.595	2570	6.27551166528639	
476.805	2571	6.27668095606862	
476.931	2572	6.27784992724149	
477.071	2573	6.27901857906693	
477.211	2574	6.28018691180654	
477.365	2575	6.28135492572153	
477.533	2576	6.28252262107277	
477.701	2577	6.28368999812078	
477.897	2578	6.28485705712571	
478.037	2579	6.28602379834737	
478.163	2580	6.2871902220452	
478.4	2581	6.28835632847831	
478.5	2582	6.28952211790544	
478.667	2583	6.29068759058499	
478.891	2584	6.29185274677499	
479.101	2585	6.29301758673314	
479.241	2586	6.29418211071678	
479.437	2587	6.29534631898291	
479.549	2588	6.29651021178817	
479.703	2589	6.29767378938886	
479.843	2590	6.29883705204094	
479.997	2591	6.3	
480.179	2592	6.30116263352131	
480.33	2593	6.30232495285979	
480.488	2594	6.30348695827	
480.641	2595	6.30464865000618	
480.795	2596	6.3058100283222	
480.935	2597	6.30697109347161	
481.047	2598	6.3081318457076	
481.229	2599	6.30929228528305	
481.341	2600	6.31045241245046	
481.551	2601	6.31161222746202	
481.789	2602	6.31277173056956	
481.915	2603	6.3139309220246	
482.069	2604	6.31508980207828	
482.203	2605	6.31624837098145	
482.363	2606	6.31740662898458	
482.489	2607	6.31856457633784	
482.643	2608	6.31972221329104	
482.797	2609	6.32087954009366	
482.937	2610	6.32203655699486	
483.077	2611	6.32319326424346	
483.231	2612	6.32434966208793	
483.413	2613	6.32550575077643	
483.567	2614	6.32666153055679	
483.749	2615	6.32781700167648	
483.875	2616	6.32897216438267	
484.015	2617	6.33012701892219	
484.155	2618	6.33128156554154	
484.381	2619	6.33243580448689	
484.519	2620	6.33358973600409	
484.715	2621	6.33474336033865	
484.911	2622	6.33589667773576	
485.093	2623	6.33704968844029	
485.275	2624	6.33820239269677	
485.443	2625	6.33935479074943	
485.639	2626	6.34050688284214	
485.793	2627	6.34165866921848	
485.933	2628	6.34281015012169	
486.101	2629	6.34396132579469	
486.269	2630	6.34511219648009	
486.465	2631	6.34626276242015	
486.605	2632	6.34741302385683	
486.731	2633	6.34856298103178	
486.885	2634	6.34971263418631	
487.053	2635	6.35086198356142	
487.235	2636	6.35201102939779	
487.375	2637	6.35315977193578	
487.571	2638	6.35430821141545	
487.739	2639	6.35545634807651	
487.893	2640	6.35660418215839	
488.019	2641	6.35775171390018	
488.159	2642	6.35889894354067	
488.355	2643	6.36004587131833	
488.509	2644	6.3611924974713	
488.677	2645	6.36233882223745	
488.845	2646	6.36348484585429	
488.971	2647	6.36463056855904	
489.153	2648	6.36577599058861	
489.349	2649	6.36692111217961	
489.475	2650	6.36806593356831	
489.615	2651	6.3692104549907	
489.783	2652	6.37035467668243	
489.937	2653	6.37149859887888	
490.091	2654	6.37264222181509	
490.273	2655	6.37378554572581	
490.441	2656	6.37492857084547	
490.623	2657	6.37607129740821	
490.735	2658	6.37721372564786	
490.945	2659	6.37835585579793	
491.113	2660	6.37949768809164	
491.295	2661	6.3806392227619	
491.449	2662	6.38178046004133	
491.575	2663	6.38292140016223	
491.715	2664	6.38406204335659	
491.883	2665	6.38520238985614	
492.037	2666	6.38634243989226	
492.205	2667	6.38748219369606	
492.373	2668	6.38862165149834	
492.527	2669	6.38976081352959	
492.667	2670	6.39089968002003	
492.863	2671	6.39203825119955	
493.017	2672	6.39317652729776	
493.171	2673	6.39431450854397	
493.339	2674	6.39545219516718	
493.493	2675	6.39658958739612	
493.661	2676	6.3977266854592	
493.787	2677	6.39886348958455	
493.927	2678	6.4	
494.067	2679	6.40113621693308	
494.221	2680	6.40227214061103	
494.361	2681	6.4034077712608	
494.501	2682	6.40454310910905	
494.655	2683	6.40567815438214	
494.851	2684	6.40681290730614	
495.005	2685	6.40794736810684	
495.145	2686	6.40908153700972	
495.341	2687	6.41021541423999	
495.537	2688	6.41134900002256	
495.677	2689	6.41248229458204	
495.831	2690	6.41361529814278	
495.971	2691	6.41474801092882	
496.097	2692	6.41588043316392	
496.251	2693	6.41701256507156	
496.391	2694	6.4181444068749	
496.559	2695	6.41927595879687	
496.713	2696	6.42040722106007	
496.839	2697	6.42153819388683	
496.965	2698	6.4226688774992	
497.091	2699	6.42379927211893	
497.273	2700	6.42492937796752	
497.413	2701	6.42605919526615	
497.553	2702	6.42718872423573	
497.763	2703	6.42831796509691	
497.889	2704	6.42944691807002	
498.043	2705	6.43057558337514	
498.239	2706	6.43170396123207	
498.379	2707	6.4328320518603	
498.561	2708	6.43395985547907	
498.701	2709	6.43508737230734	
498.841	2710	6.43621460256377	
498.995	2711	6.43734154646676	
499.149	2712	6.43846820423443	
499.275	2713	6.43959457608462	
499.443	2714	6.4407206622349	
499.583	2715	6.44184646290256	
499.765	2716	6.44297197830461	
499.919	2717	6.44409720865779	
500.087	2718	6.44522215417857	
500.241	2719	6.44634681508314	
500.395	2720	6.44747119158742	
500.535	2721	6.44859528390704	
500.689	2722	6.4497190922574	
500.885	2723	6.45084261685358	
501.011	2724	6.45196585791041	
501.165	2725	6.45308881564246	
501.333	2726	6.45421149026402	
501.501	2727	6.45533388198909	
501.655	2728	6.45645599103144	
501.823	2729	6.45757781760453	
501.963	2730	6.45869936192159	
502.117	2731	6.45982062419555	
502.327	2732	6.46094160463909	
502.509	2733	6.46206230346462	
502.663	2734	6.46318272088428	
502.831	2735	6.46430285710994	
502.957	2736	6.46542271235322	
503.069	2737	6.46654228682546	
503.195	2738	6.46766158073773	
503.349	2739	6.46878059430087	
503.517	2740	6.4698993277254	
503.699	2741	6.47101778122163	
503.867	2742	6.47213595499958	
504.035	2743	6.47325384926901	
504.245	2744	6.47437146423942	
504.399	2745	6.47548880012005	
504.567	2746	6.47660585711988	
504.693	2747	6.47772263544762	
504.875	2748	6.47883913531174	
505.057	2749	6.47995535692042	
505.211	2750	6.48107130048162	
505.365	2751	6.48218696620299	
505.561	2752	6.48330235429198	
505.743	2753	6.48441746495573	
505.911	2754	6.48553229840116	
506.037	2755	6.48664685483491	
506.177	2756	6.48776113446337	
506.359	2757	6.48887513749269	
506.541	2758	6.48998886412873	
506.751	2759	6.49110231457712	
506.877	2760	6.49221548904324	
507.045	2761	6.49332838773219	
507.185	2762	6.49444101084885	
507.353	2763	6.4955533585978	
507.493	2764	6.49666543118342	
507.619	2765	6.4977772288098	
507.773	2766	6.4988887516808	
507.913	2767	6.5	
508.067	2768	6.50111097397076	
508.25	2769	6.50222167379617	
508.431	2770	6.50333209967908	
508.58	2771	6.50444225182208	
508.71	2772	6.50555213042752	
508.851	2773	6.5066617356975	
509.019	2774	6.50777106783386	
509.201	2775	6.5088801270382	
509.369	2776	6.50998891351187	
509.537	2777	6.51109742745598	
509.663	2778	6.51220566907139	
509.8	2779	6.5133136385587	
509.98	2780	6.51442133611828	
510.125	2781	6.51552876195025	
510.3	2782	6.51663591625449	
510.419	2783	6.51774279923061	
510.629	2784	6.518849411078	
510.75	2785	6.51995575199581	
510.867	2786	6.52106182218293	
511.007	2787	6.52216762183801	
511.161	2788	6.52327315115946	
511.371	2789	6.52437841034545	
511.462	2790	6.5254833995939	
511.637	2791	6.52658811910251	
511.847	2792	6.52769256906871	
512.029	2793	6.5287967496897	
512.15	2794	6.52990066116245	
512.32	2795	6.53100430368368	
512.51	2796	6.53210767744986	
512.71	2797	6.53321078265725	
512.84	2798	6.53431361950185	
512.95	2799	6.53541618817943	
513.1	2800	6.5365184888855	
513.275	2801	6.53762052181537	
513.443	2802	6.53872228716409	
513.569	2803	6.53982378512647	
513.7	2804	6.54092501589709	
513.821	2805	6.54202597967031	
513.975	2806	6.54312667664022	
514.234	2807	6.54422710700071	
514.465	2808	6.54532727094541	
514.591	2809	6.54642716866772	
514.773	2810	6.54752680036083	
514.941	2811	6.54862616621766	
515.126	2812	6.54972526643093	
515.254	2813	6.5508241011931	
515.459	2814	6.55192267069642	
515.627	2815	6.55302097513288	
515.767	2816	6.55411901469428	
515.921	2817	6.55521678957215	
516.075	2818	6.55631429995781	
516.243	2819	6.55741154604234	
516.411	2820	6.55850852801659	
516.607	2821	6.5596052460712	
516.747	2822	6.56070170039655	
516.859	2823	6.56179789118282	
516.985	2824	6.56289381861993	
517.139	2825	6.56398948289761	
517.307	2826	6.56508488420533	
517.475	2827	6.56618002273235	
517.587	2828	6.56727489866769	
517.755	2829	6.56836951220017	
517.965	2830	6.56946386351835	
518.147	2831	6.57055795281058	
518.301	2832	6.57165178026498	
518.455	2833	6.57274534606947	
518.609	2834	6.57383865041171	
518.763	2835	6.57493169347915	
518.945	2836	6.57602447545902	
519.113	2837	6.57711699653832	
519.295	2838	6.57820925690384	
519.519	2839	6.57930125674212	
519.701	2840	6.58039299623951	
519.869	2841	6.58148447558212	
520.037	2842	6.58257569495584	
520.177	2843	6.58366665454634	
520.331	2844	6.58475735453906	
520.485	2845	6.58584779511924	
520.653	2846	6.58693797647189	
520.849	2847	6.58802789878178	
521.003	2848	6.58911756223351	
521.129	2849	6.5902069670114	
521.283	2850	6.5912961132996	
521.409	2851	6.59238500128201	
521.591	2852	6.59347363114234	
521.759	2853	6.59456200306406	
521.899	2854	6.59565011723042	
522.081	2855	6.59673797382448	
522.249	2856	6.59782557302906	
522.417	2857	6.59891291502677	
522.557	2858	6.6	
522.739	2859	6.60108682813094	
522.893	2860	6.60217339960154	
523.019	2861	6.60325971459356	
523.187	2862	6.60434577328853	
523.327	2863	6.60543157586778	
523.439	2864	6.60651712251241	
523.607	2865	6.60760241340331	
523.761	2866	6.60868744872116	
523.929	2867	6.60977222864644	
524.125	2868	6.6108567533594	
524.363	2869	6.61194102304008	
524.517	2870	6.61302503786832	
524.685	2871	6.61410879802373	
524.825	2872	6.61519230368573	
524.965	2873	6.61627555503352	
525.105	2874	6.61735855224608	
525.231	2875	6.6184412955022	
525.343	2876	6.61952378498044	
525.539	2877	6.62060602085917	
525.707	2878	6.62168800331654	
525.861	2879	6.62276973253049	
526.08	2880	6.62385120867876	
526.26	2881	6.62493243193887	
526.42	2882	6.62601340248815	
526.55	2883	6.62709412050371	
526.71	2884	6.62817458616245	
526.9	2885	6.62925479964108	
527.02	2886	6.63033476111609	
527.23	2887	6.63141447076376	
527.37	2888	6.63249392876019	
527.51	2889	6.63357313528124	
527.73	2890	6.63465209050259	
527.86	2891	6.6357307945997	
527.98	2892	6.63680924774785	
528.12	2893	6.63788745012209	
528.27	2894	6.63896540189728	
528.45	2895	6.64004310324807	
528.62	2896	6.64112055434892	
528.75	2897	6.64219775537406	
528.89	2898	6.64327470649756	
529.04	2899	6.64435140789325	
529.23	2900	6.64542785973477	
529.37	2901	6.64650406219558	
529.5	2902	6.6475800154489	
529.64	2903	6.64865571966778	
529.84	2904	6.64973117502507	
530.01	2905	6.65080638169339	
530.17	2906	6.6518813398452	
530.29	2907	6.65295604965274	
530.48	2908	6.65403051128804	
530.64	2909	6.65510472492295	
530.79	2910	6.65617869072913	
530.97	2911	6.65725240887801	
531.1	2912	6.65832587954085	
531.25	2913	6.6593991028887	
531.38	2914	6.66047207909242	
531.55	2915	6.66154480832267	
531.7	2916	6.66261729074991	
531.83	2917	6.66368952654441	
532.0	2918	6.66476151587624	
532.14	2919	6.66583325891528	
532.28	2920	6.66690475583121	
532.47	2921	6.66797600679352	
532.67	2922	6.6690470119715	
532.86	2923	6.67011777153425	
533.04	2924	6.67118828565066	
533.2	2925	6.67225855448947	
533.38	2926	6.67332857821917	
533.53	2927	6.6743983570081	
533.71	2928	6.67546789102438	
533.88	2929	6.67653718043597	
534.03	2930	6.6776062254106	
534.16	2931	6.67867502611583	
534.33	2932	6.67974358271904	
534.5	2933	6.68081189538738	
534.63	2934	6.68187996428785	
534.81	2935	6.68294778958724	
534.98	2936	6.68401537145215	
535.13	2937	6.68508271004899	
535.34	2938	6.68614980554399	
535.53	2939	6.68721665810319	
535.74	2940	6.68828326789242	
535.91	2941	6.68934963507734	
536.08	2942	6.69041575982343	
536.25	2943	6.69148164229596	
536.41	2944	6.69254728266003	
536.62	2945	6.69361268108053	
536.78	2946	6.6946778377222	
536.9	2947	6.69574275274956	
537.05	2948	6.69680742632695	
537.24	2949	6.69787185861854	
537.42	2950	6.69893604978829	
537.56	2951	6.7	
537.73	2952	6.70106370941726	
537.89	2953	6.7021271782035	
538.09	2954	6.70319040652194	
538.25	2955	6.70425339453563	
538.4	2956	6.70531614240744	
538.56	2957	6.70637865030004	
538.73	2958	6.70744091837593	
538.92	2959	6.70850294679742	
539.06	2960	6.70956473572665	
539.21	2961	6.71062628532555	
539.42	2962	6.7116875957559	
539.58	2963	6.71274866717927	
539.72	2964	6.71380949975707	
539.86	2965	6.71487009365051	
540.06	2966	6.71593044902064	
540.22	2967	6.7169905660283	
540.449	2968	6.71805044483418	
540.64	2969	6.71911008559877	
540.8	2970	6.72016948848238	
540.99	2971	6.72122865364515	
541.168	2972	6.72228758124704	
541.313	2973	6.72334627144782	
541.43	2974	6.72440472440709	
541.552	2975	6.72546294028426	
541.68	2976	6.72652091923859	
541.81	2977	6.72757866142913	
541.99	2978	6.72863616701476	
542.13	2979	6.72969343615419	
542.29	2980	6.73075046900595	
542.45	2981	6.73180726572839	
542.63	2982	6.73286382647969	
542.81	2983	6.73392015141785	
542.95	2984	6.73497624070069	
543.1	2985	6.73603209448585	
543.25	2986	6.7370877129308	
543.38	2987	6.73814309619285	
543.482	2988	6.73919824442911	
543.656	2989	6.74025315779653	
543.792	2990	6.74130783645188	
543.926	2991	6.74236228055175	
544.04	2992	6.74341649025257	
544.177	2993	6.74447046571058	
544.28	2994	6.74552420708187	
544.42	2995	6.74657771452233	
544.6	2996	6.74763098818769	
544.77	2997	6.74868402823351	
544.95	2998	6.74973683481517	
545.15	2999	6.75078940808788	
545.27	3000	6.75184174820669	
545.4	3001	6.75289385532646	
545.58	3002	6.75394572960189	
545.74	3003	6.7549973711875	
545.85	3004	6.75604878023765	
546.03	3005	6.75709995690652	
546.16	3006	6.75815090134813	
546.26	3007	6.75920161371632	
546.455	3008	6.76025209416476	
546.61	3009	6.76130234284697	
546.74	3010	6.76235235991626	
546.92	3011	6.76340214552582	
547.06	3012	6.76445169982864	
547.24	3013	6.76550102297754	
547.42	3014	6.76655011512519	
547.56	3015	6.76759897642409	
547.71	3016	6.76864760702655	
547.83	3017	6.76969600708473	
547.93	3018	6.77074417675063	
548.13	3019	6.77179211617606	
548.3	3020	6.77283982551269	
548.47	3021	6.773887304912	
548.64	3022	6.77493455452533	
548.81	3023	6.77598157450382	
548.96	3024	6.77702836499847	
549.06	3025	6.77807492616012	
549.22	3026	6.77912125813941	
549.39	3027	6.78016736108685	
549.52	3028	6.78121323515277	
549.65	3029	6.78225888048734	
549.81	3030	6.78330429724056	
550.0	3031	6.78434948556227	
550.13	3032	6.78539444560216	
550.24	3033	6.78643917750973	
550.4	3034	6.78748368143433	
550.61	3035	6.78852795752515	
550.79	3036	6.78957200593122	
550.93	3037	6.79061582680139	
551.12	3038	6.79165942028438	
551.27	3039	6.7927027865287	
551.49	3040	6.79374592568275	
551.64	3041	6.79478883789474	
551.75	3042	6.79583152331272	
551.93	3043	6.79687398208458	
552.12	3044	6.79791621435806	
552.27	3045	6.79895822028073	
552.47	3046	6.8	
552.64	3047	6.80104155366312	
552.75	3048	6.80208288141719	
552.91	3049	6.80312398340913	
553.05	3050	6.80416485978573	
553.23	3051	6.80520551069359	
553.4	3052	6.80624593627917	
553.59	3053	6.80728613668877	
553.74	3054	6.80832611206852	
553.87	3055	6.80936586256442	
554.06	3056	6.81040538832228	
554.25	3057	6.81144468948776	
554.38	3058	6.81248376620639	
554.55	3059	6.8135226186235	
554.72	3060	6.81456124688429	
554.86	3061	6.8155996511338	
554.99	3062	6.81663783151692	
555.11	3063	6.81767578817836	
555.23	3064	6.8187135212627	
555.38	3065	6.81975103091436	
555.59	3066	6.82078831727758	
555.74	3067	6.82182538049648	
555.87	3068	6.822862220715	
556.02	3069	6.82389883807693	
556.13	3070	6.82493523272593	
556.28	3071	6.82597140480546	
556.43	3072	6.82700735445887	
556.58	3073	6.82804308182932	
556.68	3074	6.82907858705985	
556.87	3075	6.83011387029333	
557.03	3076	6.83114893167247	
557.17	3077	6.83218377133983	
557.29	3078	6.83321838943783	
557.41	3079	6.83425278610873	
557.54	3080	6.83528696149463	
557.66	3081	6.8363209157375	
557.78	3082	6.83735464897913	
557.95	3083	6.83838816136118	
558.06	3084	6.83942145302514	
558.2	3085	6.84045452411238	
558.38	3086	6.84148737476408	
558.53	3087	6.8425200051213	
558.72	3088	6.84355241532493	
558.86	3089	6.84458460551573	
559.05	3090	6.84561657583429	
559.15	3091	6.84664832642105	
559.28	3092	6.84767985741633	
559.42	3093	6.84871116896026	
559.52	3094	6.84974226119286	
559.68	3095	6.85077313425396	
559.83	3096	6.85180378828328	
559.97	3097	6.85283422342037	
560.09	3098	6.85386443980464	
560.26	3099	6.85489443757534	
560.41	3100	6.85592421687159	
560.6	3101	6.85695377783236	
560.75	3102	6.85798312059645	
560.92	3103	6.85901224530254	
561.12	3104	6.86004115208915	
561.25	3105	6.86106984109465	
561.38	3106	6.86209831245729	
561.56	3107	6.86312656631513	
561.66	3108	6.86415460280612	
561.86	3109	6.86518242206806	
562.02	3110	6.86621002423858	
562.17	3111	6.86723740945518	
562.36	3112	6.86826457785523	
562.51	3113	6.86929152957594	
562.65	3114	6.87031826475437	
562.81	3115	6.87134478352744	
562.98	3116	6.87237108603193	
563.12	3117	6.87339717240448	
563.29	3118	6.87442304278158	
563.45	3119	6.87544869729956	
563.63	3120	6.87647413609464	
563.75	3121	6.87749935930288	
563.85	3122	6.87852436706019	
564.05	3123	6.87954915950234	
564.2	3124	6.88057373676497	
564.36	3125	6.88159809898357	
564.53	3126	6.88262224629348	
564.64	3127	6.88364617882991	
564.78	3128	6.88466989672793	
564.99	3129	6.88569340012244	
565.13	3130	6.88671668914825	
565.26	3131	6.88773976393997	
565.38	3132	6.88876262463213	
565.5	3133	6.88978527135906	
565.65	3134	6.89080770425499	
565.78	3135	6.891829923454	
565.97	3136	6.89285192909003	
566.14	3137	6.89387372129686	
566.31	3138	6.89489530020817	
566.41	3139	6.89591666595746	
566.56	3140	6.89693781867812	
566.72	3141	6.89795875850338	
566.86	3142	6.89897948556636	
567.01	3143	6.9	
567.12	3144	6.90102030193714	
567.27	3145	6.90204039151046	
567.48	3146	6.9030602688525	
567.62	3147	6.90407993409569	
567.75	3148	6.90509938737229	
567.9	3149	6.90611862881443	
568.08	3150	6.90713765855412	
568.24	3151	6.90815647672321	
568.37	3152	6.90917508345343	
568.53	3153	6.91019347887637	
568.66	3154	6.91121166312347	
568.77	3155	6.91222963632605	
568.9	3156	6.9132473986153	
569.13	3157	6.91426495012225	
569.24	3158	6.9152822909778	
569.42	3159	6.91629942131274	
569.55	3160	6.9173163412577	
569.73	3161	6.91833305094317	
569.89	3162	6.91934955049954	
570.02	3163	6.92036584005702	
570.12	3164	6.92138191974571	
570.27	3165	6.92239778969559	
570.38	3166	6.92341345003647	
570.51	3167	6.92442890089805	
570.63	3168	6.9254441424099	
570.77	3169	6.92645917470144	
570.96	3170	6.92747399790197	
571.12	3171	6.92848861214064	
571.26	3172	6.9295030175465	
571.47	3173	6.93051721424842	
571.58	3174	6.93153120237518	
571.72	3175	6.93254498205541	
571.88	3176	6.9335585534176	
572.04	3177	6.93457191659013	
572.18	3178	6.93558507170123	
572.38	3179	6.93659801887899	
572.55	3180	6.9376107582514	
572.7	3181	6.9386232899463	
572.86	3182	6.93963561409139	
573.02	3183	6.94064773081425	
573.18	3184	6.94165964024233	
573.3	3185	6.94267134250296	
573.45	3186	6.94368283772331	
573.6	3187	6.94469412603045	
573.79	3188	6.9457052075513	
573.93	3189	6.94671608241265	
574.1	3190	6.94772675074119	
574.27	3191	6.94873721266345	
574.4	3192	6.94974746830583	
574.58	3193	6.95075751779463	
574.7	3194	6.95176736125598	
574.9	3195	6.95277699881592	
575.06	3196	6.95378643060033	
575.2	3197	6.954795656735	
575.38	3198	6.95580467734555	
575.53	3199	6.95681349255749	
575.73	3200	6.95782210249622	
575.89	3201	6.95883050728697	
576.05	3202	6.9598387070549	
576.18	3203	6.96084670192498	
576.35	3204	6.96185449202211	
576.43	3205	6.96286207747102	
576.56	3206	6.96386945839634	
576.71	3207	6.96487663492256	
576.88	3208	6.96588360717405	
577.06	3209	6.96689037527506	
577.25	3210	6.96789693934969	
577.42	3211	6.96890329952194	
577.56	3212	6.96990945591567	
577.73	3213	6.97091540865463	
577.87	3214	6.97192115786242	
578.01	3215	6.97292670366254	
578.18	3216	6.97393204617835	
578.38	3217	6.9749371855331	
578.56	3218	6.97594212184989	
578.72	3219	6.97694685525172	
578.84	3220	6.97795138586146	
578.98	3221	6.97895571380184	
579.12	3222	6.97995983919549	
579.22	3223	6.98096376216491	
579.43	3224	6.98196748283246	
579.61	3225	6.9829710013204	
579.77	3226	6.98397431775084	
579.92	3227	6.98497743224581	
580.08	3228	6.98598034492716	
580.24	3229	6.98698305591667	
580.38	3230	6.98798556533597	
580.54	3231	6.98898787330657	
580.72	3232	6.98998997994986	
580.86	3233	6.99099188538711	
581.0	3234	6.99199358973947	
581.14	3235	6.99299509312797	
581.35	3236	6.99399639567351	
581.5	3237	6.99499749749687	
581.62	3238	6.99599839871872	
581.823	3239	6.99699909945959	
581.911	3240	6.99799959983992	
582.0	3241	6.99899989997999	
582.13	3242	7.0	
582.24	3243	7.00099990001999	
582.4	3244	7.00199960015992	
