DF-EDML_DF
314.57
322.43
339.14
344.97
349.66
352.45
369.5049909
371.46
384.93
388.27
388.99
389.63
390.31
394.31
402.25
406.4
419.62
424.34
425.66
429.97
441.82
457.02
459.74
466.98
470.87
482.85
485.93
488.79
491.69
496.84
503.93
505.79
511.4
515.14
528.65
542.01
550.82
557.82
559.708053097345
562.96
565.86
572.46
572.75
579.71
582.17
583.68
585.87
590.34
592.29
593.97
594.9
602.98
611.23
618.05
619.782267428027
626.30515108256
635.89
636.3952726
643.53
646.95
659.48
666.29
671.04
681.01
682.43
694.54
701.01
706.27
711.59
714.22
716.768
718.91
721.68
729.35
733.04
735.39
744.19
746.51
750.0
767.61
772.69
776.242308626974
788.98
792.08
801.0
802.14
803.87
808.42
814.12
817.37
818.28
831.48
834.28
837.4
843.07
847.01
847.98
849.55
856.33
861.08
875.39
887.43
890.19
900.03
904.64
912.5
921.001
923.92
936.57
942.07
946.02
947.92
955.68
958.14
960.65
962.83
965.07
968.54
974.92
978.99
983.03
983.54
984.95
988.59
995.79
997.31
999.56
1002.18
1010.42
1012.31
1016.07
1017.73
1029.47
1036.03
1038.89
1052.1
1080.68
1087.63
1095.7
1102.12
1110.34
1123.38
1127.14
1127.59
1131.7
1141.34
1143.85
1149.61
1150.46
1156.6
1156.77
1157.73
1166.23
1167.29
1168.95
1170.11
1175.74
1179.97
1185.55
1190.42
1192.92
1201.23
1205.59
1207.35
1210.16
1214.33
1224.9
1230.85
1237.72
1243.32
1247.78
1254.26
1264.5
1267.65
1270.78
1284.32
1291.67
1295.32
1297.97
1307.58
1326.86
1333.24
1351.34
1357.76
1359.17
1364.32
1367.97
1376.11
1382.72
1388.33
1399.37
1409.88
1411.95
1413.65
1427.55
1437.74
1446.2
1463.72
1465.54
1466.97
1469.28
1473.27
1486.02
1491.82
1495.95
1502.15
1503.91
1512.07
1512.94
1519.8
1533.01
1534.38
1545.01
1559.28
1563.42
