GISP2-NG1_NG1
28.165
35.585
38.885
45.625
47.855
48.792
52.424
53.704
60.087
63.691
64.509
65.961
70.978
78.304
82.415
84.137
89.217
96.896
103.746
114.202
116.078
120.927
124.213
145.876
156.338
161.464
166.566
175.668
177.617
189.114
203.378
204.702
208.345
219.677
221.721
226.223
230.975
251.183
253.315
265.305
274.888
290.902
293.41
296.863
302.978
305.504
306.072
309.002
311.509
331.274
337.655
353.807
363.208
367.817
390.201
397.121
406.797
413.918
418.717
423.115
424.815
426.081
441.204
447.134
448.185
453.041
459.462
462.01
462.944
463.655
466.599
476.531
480.39
481.429
482.014
488.598
489.104
490.679
496.157
497.193
498.756
500.299
555.32
571.164
571.774
590.211
609.431
610.122
627.667
630.992
634.698
641.02
644.858
647.497
670.515
674.31
680.452
680.726
688.777
731.983
733.155
777.104
777.544
786.003
788.046
793.232
824.166
857.206
898.241
944.459
947.109
947.599
956.65
958.136
960.832
964.082
967.655
1011.647
1016.17
1031.229
1034.891
1038.893
1043.909
1056.372
1078.266
1092.65
1108.487
1118.329
1125.773
1126.43
1137.88
1139.082
1142.398
1145.892
1151.69
1163.639
1165.036
1169.959
1170.744
1171.713
1172.165
1175.605
1183.789
1184.441
1185.75
1186.394
1187.369
1190.376
1191.41
1192.531
1195.052
1196.278
1197.935
1199.612
1200.79
1201.651
1208.451
1210.258
1210.798
1217.246
1219.606
1220.032
1220.862
1222.284
1223.167
1225.923
1226.264
1226.439
1227.197
1228.619
1230.365
1234.929
1237.185
1238.173
1238.944
1239.959
1241.069
1241.695
1242.289
1242.465
1244.262
1245.211
1248.266
1248.711
1256.557
1257.002
1257.173
1257.818
1259.639
1261.357
1261.732
1262.529
1263.265
1264.024
1266.256
1267.231
1268.079
1268.388
1269.451
1270.891
1271.926
1272.284
1273.438
1274.253
1274.723
1275.289
1276.952
1277.664
1278.035
1278.911
1279.635
1280.002
1280.848
1282.627
1283.299
1283.525
1284.022
1285.495
1288.003
1288.271
1289.885
1291.256
1292.061
1292.336
1293.623
1293.842
1295.285
1296.245
1300.025
1301.09
1301.944
1302.36
1303.234
1305.682
1306.379
1306.992
1308.566
1309.944
1310.732
1311.307
1311.562
1312.907
1314.318
1315.174
1316.233
1317.339
1317.552
1318.811
1319.061
1319.499
1323.713
1327.963
1328.477
1331.404
1331.652
1332.518
1333.073
1335.323
1338.051
1338.404
1339.273
1341.282
1342.221
1342.623
1342.943
1344.124
1344.365
1345.803
1347.427
1347.744
1347.983
1348.45
1349.055
1349.34
1352.732
1354.514
1354.832
1356.074
1356.56
1357.389
1358.346
1360.902
1361.276
1362.27
1362.713
1363.757
1366.022
1366.541
1369.363
1370.375
