#IGOR SMB Depth (m)	SMB_ie	error
0	0.030371047	0.2
8.79	0.023399975	0.2
9.86	0.025605405	0.2
11.34	0.026858167	0.2
12.46	0.02427422	0.2
12.78	0.027472566	0.2
18.83	0.024444695	0.2
19.82	0.026851161	0.2
21.34	0.030047917	0.2
22.43	0.026180881	0.2
23.39	0.027532538	0.2
29.92	0.028503351	0.2
35.06	0.02853615	0.2
37.66	0.027113092	0.2
38.05	0.028220396	0.2
38.37	0.026099687	0.2
38.8	0.028259481	0.2
40	0.02874693	0.2
42.48	0.029376062	0.2
48.07	0.024295814	0.2
49.62	0.029861469	0.2
53.28	0.027391966	0.2
58.05	0.029976459	0.2
61.66	0.027792129	0.2
65.45	0.028808051	0.2
66.7	0.026860132	0.2
68.27	0.027591241	0.2
70.3	0.028598033	0.2
74.85	0.027178528	0.2
76.09	0.029778035	0.2
78.2	0.029267016	0.2
79.45	0.028181544	0.2
80.35	0.027430032	0.2
83.92	0.029082658	0.2
85.62	0.034670704	0.2
86.65	0.028061809	0.2
88.34	0.027844654	0.2
91.87	0.029477793	0.2
93.04	0.028257791	0.2
98.59	0.028785176	0.2
99.95	0.029453554	0.2
101.56	0.028616447	0.2
103.44	0.02887661	0.2
107.79	0.027256732	0.2
115.72	0.029920661	0.2
121.09	0.025249272	0.2
123.21	0.027573197	0.2
126.23	0.027972908	0.2
127.53	0.028316843	0.2
131.67	0.030187576	0.2
132.25	0.029116897	0.2
134.74	0.028491162	0.2
136.55	0.028802832	0.2
140.84	0.028095491	0.2
141.16	0.028663666	0.2
142.44	0.029450234	0.2
143.95	0.028904119	0.2
145.78	0.028981805	0.2
152.48	0.029692793	0.2
154.91	0.028332085	0.2
156.21	0.028550787	0.2
156.77	0.028858543	0.2
157.73	0.030947124	0.2
158.89	0.029186646	0.2
161.13	0.029630715	0.2
164.31	0.029014668	0.2
165.23	0.02961965	0.2
170.8	0.030845647	0.2
173.93	0.029200378	0.2
176.83	0.02870647	0.2
177.75	0.029466703	0.2
181.71	0.029673654	0.2
184.03	0.028602556	0.2
185.09	0.029193238	0.2
188.03	0.030027134	0.2
190.59	0.02983601	0.2
191.79	0.028763185	0.2
192.25	0.03036996	0.2
193.63	0.030032643	0.2
199.99	0.031953435	0.2
200.99	0.028698824	0.2
202.53	0.029712769	0.2
204.91	0.029670678	0.2
206.73	0.030876906	0.2
207.87	0.02962721	0.2
209.25	0.027430352	0.2
211.03	0.031010698	0.2
211.89	0.026998035	0.2
212.25	0.032023984	0.2
213.17	0.027872938	0.2
215.61	0.029463409	0.2
216.47	0.027891991	0.2
218.37	0.029579472	0.2
221.17	0.028490318	0.2
221.41	0.029164329	0.2
227.75	0.029111278	0.2
235.47	0.030229932	0.2
237.27	0.02932187	0.2
240.47	0.027999981	0.2
241.91	0.029099725	0.2
246.25	0.028937532	0.2
252.19	0.029580261	0.2
254.03	0.028898181	0.2
254.33	0.028849251	0.2
262.55	0.02704013	0.2
263.83	0.027861561	0.2
264.39	0.030002149	0.2
264.87	0.028986551	0.2
266.31	0.028646619	0.2
267.41	0.028331828	0.2
269.45	0.028400299	0.2
272.39	0.028927384	0.2
274.03	0.029016876	0.2
280.67	0.029425772	0.2
282.87	0.030964209	0.2
286.37	0.036375239	0.2
287.53	0.028071978	0.2
288.41	0.028210781	0.2
290.31	0.029152207	0.2
293.19	0.031475882	0.2
293.73	0.030562454	0.2
294.29	0.029699858	0.2
296.89	0.031099282	0.2
301.45	0.030270116	0.2
303.53	0.029573659	0.2
304.73	0.028821323	0.2
305.49	0.029032242	0.2
306.43	0.03118114	0.2
307.81	0.030692707	0.2
311.93	0.029634627	0.2
312.89	0.029435573	0.2
314.07	0.033513031	0.2
314.61	0.029253636	0.2
315.53	0.030780209	0.2
318.97	0.03397072	0.2
320.25	0.020101316	0.2
321.53	0.015163245	0.2
322.43	0.018621888	0.2
323.29	0.029436347	0.2
323.69	0.031971543	0.2
324.59	0.031181371	0.2
325.63	0.030796973	0.2
326.45	0.030760162	0.2
330.53	0.02955658	0.2
332.89	0.029601244	0.2
337.85	0.032008551	0.2
339.23	0.02852589	0.2
339.93	0.029254539	0.2
342.75	0.028655074	0.2
343.03	0.029481342	0.2
343.89	0.031087358	0.2
344.67	0.027503389	0.2
344.85	0.029996604	0.2
345.07	0.030326862	0.2
345.47	0.030655458	0.2
346.49	0.031851688	0.2
348.55	0.031568616	0.2
349.79	0.03441469	0.2
350.47	0.029401542	0.2
351.67	0.033124352	0.2
352.47	0.036767246	0.2
352.65	0.032252405	0.2
365.21	0.028008912	0.2
369.57	0.031025871	0.2
371.55	0.02475382	0.2
371.73	0.032811455	0.2
372.3	0.03063895	0.2
376.85	0.028915546	0.2
379.55	0.027171107	0.2
380.81	0.027788208	0.2
385.01	0.022772424	0.2
388.31	0.021803841	0.2
389.11	0.019137792	0.2
389.75	0.020697947	0.2
390.37	0.023765194	0.2
394.33	0.023353921	0.2
399.73	0.021644384	0.2
402.35	0.020559482	0.2
404.45	0.023850737	0.2
406.46	0.02184316	0.2
407.8	0.022508977	0.2
408.44	0.020015371	0.2
410.02	0.021890168	0.2
414.06	0.021151034	0.2
417.95	0.023017461	0.2
419.68	0.025114329	0.2
422.21	0.026172846	0.2
424.41	0.027665463	0.2
425.14	0.020675855	0.2
425.59	0.024100492	0.2
427.59	0.019047942	0.2
427.86	0.025215309	0.2
428.78	0.025954124	0.2
430.06	0.025153444	0.2
430.83	0.020430158	0.2
431.18	0.021447104	0.2
431.78	0.024780475	0.2
432.29	0.026920458	0.2
432.92	0.022921393	0.2
433.6	0.020479834	0.2
434.35	0.021976412	0.2
435.23	0.022290441	0.2
436.67	0.022140727	0.2
437.16	0.023969395	0.2
437.45	0.022244432	0.2
441.9	0.02360871	0.2
452.55	0.019309173	0.2
455.46	0.020835246	0.2
455.98	0.021075408	0.2
457.2	0.021467976	0.2
458.66	0.021581891	0.2
459.03	0.022090352	0.2
459.83	0.020797667	0.2
464.53	0.017599571	0.2
464.81	0.018018614	0.2
472.67	0.017626316	0.2
482.92	0.016907939	0.2
484.42	0.016336074	0.2
485.07	0.020796201	0.2
485.42	0.015218005	0.2
485.96	0.015478318	0.2
488.82	0.015924795	0.2
489.08	0.016399225	0.2
491.7	0.016786585	0.2
492.55	0.01633972	0.2
493.14	0.015832682	0.2
493.39	0.017480656	0.2
496.95	0.015246346	0.2
500.15	0.015343484	0.2
504.06	0.014364148	0.2
505.75	0.014485838	0.2
506.33	0.014373649	0.2
511.51	0.014644337	0.2
515.06	0.022025661	0.2
515.29	0.014354852	0.2
515.5	0.015122386	0.2
515.81	0.014770683	0.2
517.21	0.014352605	0.2
519.6	0.016100775	0.2
523.73	0.017291292	0.2
523.93	0.015185465	0.2
525.14	0.014942478	0.2
526.36	0.014879176	0.2
528.69	0.015725653	0.2
531.08	0.014307406	0.2
532.12	0.015499812	0.2
536.09	0.016302323	0.2
539.54	0.015503456	0.2
542.1	0.015483205	0.2
544.2	0.017596605	0.2
545.21	0.016045631	0.2
548.78	0.016626017	0.2
550.42	0.016854138	0.2
551.02	0.016929206	0.2
554.98	0.016858012	0.2
557.89	0.016056036	0.2
559.11	0.017111674	0.2
559.79	0.015429458	0.2
560.24	0.016951273	0.2
562.19	0.016962275	0.2
563.02	0.015523207	0.2
564.82	0.017356871	0.2
565.9	0.015245069	0.2
571.65	0.013579574	0.2
572.6	0.013278288	0.2
572.82	0.018543438	0.2
572.97	0.015545373	0.2
573.74	0.014225237	0.2
575.87	0.013405278	0.2
576.44	0.014658112	0.2
577.18	0.014890144	0.2
577.91	0.014774867	0.2
578.55	0.013317723	0.2
579.65	0.016824613	0.2
580.4	0.013850059	0.2
580.58	0.014015544	0.2
580.8	0.014181546	0.2
582.09	0.01075334	0.2
582.23	0.018285944	0.2
582.65	0.015266121	0.2
583.26	0.014375563	0.2
583.76	0.015434719	0.2
585.42	0.014742232	0.2
586.02	0.013934445	0.2
586.85	0.014420379	0.2
588.03	0.009592963	0.2
588.11	0.015025288	0.2
589.26	0.015482035	0.2
589.63	0.016175682	0.2
589.97	0.022502496	0.2
590.12	0.012489415	0.2
590.41	0.014476888	0.2
590.87	0.01602437	0.2
592.45	0.015753917	0.2
594	0.015885534	0.2
594.91	0.015196507	0.2
596.46	0.016181082	0.2
598.05	0.015185634	0.2
599.76	0.0149144	0.2
601.89	0.018116064	0.2
602.06	0.013271656	0.2
603.07	0.014093794	0.2
603.43	0.015475989	0.2
609.46	0.01722215	0.2
610.86	0.014726835	0.2
611.42	0.015552809	0.2
612.99	0.015879044	0.2
615.03	0.016651144	0.2
616.68	0.016941887	0.2
618.18	0.015877312	0.2
619.2	0.013693131	0.2
619.88	0.015256454	0.2
621.67	0.017793016	0.2
623.93	0.017726592	0.2
626.03	0.013846136	0.2
626.42	0.015761827	0.2
627.29	0.016350602	0.2
636.03	0.016427153	0.2
636.57	0.017009284	0.2
643.66	0.016614086	0.2
646.85	0.016127594	0.2
647.13	0.017511168	0.2
656.23	0.017905246	0.2
659.63	0.015501026	0.2
661.91	0.013161668	0.2
666.43	0.014881557	0.2
671.19	0.013874447	0.2
671.95	0.01433054	0.2
672.38	0.014478809	0.2
674.21	0.017847804	0.2
675.11	0.017931322	0.2
681.39	0.015156056	0.2
681.76	0.015974062	0.2
681.95	0.015163778	0.2
682.73	0.017665312	0.2
692.39	0.016638767	0.2
694.81	0.015979345	0.2
698.63	0.024917357	0.2
699.3	0.016247743	0.2
700.07	0.018502209	0.2
701.25	0.014260031	0.2
701.43	0.016076117	0.2
702.61	0.015892227	0.2
703.24	0.015887909	0.2
706.43	0.015873868	0.2
707.94	0.017658412	0.2
709.11	0.017511578	0.2
711.79	0.019728087	0.2
712.92	0.017545253	0.2
714.39	0.019007636	0.2
715.11	0.021309082	0.2
715.92	0.013447558	0.2
716.31	0.01792052	0.2
716.73	0.020465664	0.2
717.05	0.01784152	0.2
717.44	0.018569644	0.2
718.47	0.018504034	0.2
719.13	0.017925804	0.2
721.93	0.018207868	0.2
724.43	0.019487252	0.2
727.4	0.017465317	0.2
727.9	0.018068626	0.2
728.61	0.017048438	0.2
729.68	0.017530674	0.2
733.37	0.01677925	0.2
733.61	0.021675656	0.2
733.81	0.019294467	0.2
734.4	0.021569609	0.2
734.97	0.01545655	0.2
735.63	0.017864233	0.2
737.53	0.01707896	0.2
744.11	0.014244506	0.2
744.47	0.017773551	0.2
746.01	0.019632575	0.2
746.27	0.017805869	0.2
746.75	0.02142689	0.2
750.22	0.020235305	0.2
751.55	0.024569118	0.2
751.97	0.019161005	0.2
752.19	0.019144188	0.2
753.16	0.017289446	0.2
755.51	0.019145784	0.2
756.93	0.02243978	0.2
758.31	0.021131697	0.2
759.15	0.022892774	0.2
760.44	0.020639561	0.2
762.38	0.022892391	0.2
763.76	0.021296116	0.2
767.55	0.018362028	0.2
767.89	0.028424736	0.2
768.09	0.017795155	0.2
769.04	0.019473032	0.2
772.97	0.016281953	0.2
775.39	0.014939313	0.2
776.61	0.02065914	0.2
778.97	0.016546643	0.2
784.22	0.018722222	0.2
786.14	0.01806834	0.2
787.8	0.020238945	0.2
789.43	0.017597656	0.2
791.17	0.018830634	0.2
792.49	0.018110249	0.2
796.07	0.01974793	0.2
799.67	0.018362523	0.2
800.59	0.016418834	0.2
800.91	0.020260568	0.2
801.51	0.014738502	0.2
801.91	0.018972237	0.2
802.43	0.017512302	0.2
804.17	0.01447147	0.2
805.88	0.015968643	0.2
807.55	0.016320261	0.2
808.71	0.017377683	0.2
810.91	0.017708742	0.2
812.14	0.017853361	0.2
814.41	0.018483591	0.2
815.09	0.01707845	0.2
816.03	0.018664134	0.2
817.31	0.016394268	0.2
817.61	0.016714481	0.2
818.55	0.020292542	0.2
819.1	0.018757574	0.2
821.02	0.017268604	0.2
826.47	0.013226279	0.2
827.63	0.017289474	0.2
829.11	0.016898108	0.2
830.92	0.019535174	0.2
831.73	0.014387974	0.2
832.67	0.015794674	0.2
834.61	0.015785221	0.2
836.74	0.015651569	0.2
837.69	0.01605063	0.2
842.17	0.015639674	0.2
843.43	0.015301411	0.2
844.48	0.015195786	0.2
844.82	0.016256957	0.2
846.4	0.016463732	0.2
847.25	0.015760784	0.2
848.43	0.017112726	0.2
849.81	0.017125137	0.2
852.62	0.016965522	0.2
854.95	0.016727296	0.2
855.54	0.016277755	0.2
856.53	0.019478547	0.2
857.96	0.020707641	0.2
858.99	0.019860144	0.2
860.61	0.020370365	0.2
861.33	0.020407933	0.2
863.11	0.02116708	0.2
864.06	0.016474405	0.2
864.99	0.017145968	0.2
865.41	0.019718478	0.2
866.93	0.01563859	0.2
867.63	0.022630143	0.2
867.87	0.020833179	0.2
874.21	0.016823118	0.2
875.67	0.022818408	0.2
877.06	0.018624198	0.2
878.73	0.01757051	0.2
879.79	0.019549119	0.2
880.4	0.018617798	0.2
883.54	0.014890219	0.2
885.19	0.015402504	0.2
886.58	0.015549624	0.2
886.89	0.01942552	0.2
887.76	0.016920662	0.2
889.94	0.0147354	0.2
890.59	0.01549523	0.2
896.68	0.016389921	0.2
897.95	0.017972707	0.2
903.16	0.018400176	0.2
905.03	0.0177699	0.2
906.76	0.017153926	0.2
909.22	0.016561707	0.2
911.25	0.016072923	0.2
912.91	0.015605719	0.2
916.21	0.017516463	0.2
919.19	0.016865361	0.2
920.23	0.016778034	0.2
921.41	0.0174624	0.2
922.64	0.014592916	0.2
924.26	0.023720229	0.2
924.44	0.01769937	0.2
925.13	0.020641335	0.2
927.44	0.020850565	0.2
929.41	0.01970837	0.2
929.81	0.018035921	0.2
931.81	0.020843761	0.2
934.96	0.018857758	0.2
936.43	0.017463963	0.2
936.97	0.01868446	0.2
939.85	0.018332007	0.2
941.97	0.015232353	0.2
942.24	0.016122221	0.2
942.46	0.016944459	0.2
943.19	0.018857519	0.2
944.38	0.019779353	0.2
946.46	0.015594362	0.2
946.65	0.019840473	0.2
948.38	0.019451351	0.2
951.08	0.017832358	0.2
955.57	0.019509265	0.2
956.05	0.018606043	0.2
958.45	0.020482503	0.2
961	0.021074617	0.2
961.79	0.019526185	0.2
962.06	0.017695445	0.2
963.19	0.018491557	0.2
968.95	0.016018531	0.2
974.53	0.020876397	0.2
976.43	0.0190729	0.2
979.43	0.020737757	0.2
982.55	0.018521967	0.2
983.67	0.022378963	0.2
983.99	0.017923863	0.2
985.39	0.021064796	0.2
986.43	0.019983437	0.2
989.06	0.023188721	0.2
991.01	0.019586384	0.2
993.86	0.017954044	0.2
996.18	0.019107679	0.2
997.69	0.019778053	0.2
998.7	0.021149081	0.2
1000.01	0.020571508	0.2
1002.63	0.021308543	0.2
1008.66	0.017229427	0.2
1010.27	0.02496227	0.2
1010.89	0.020926999	0.2
1012.76	0.025202968	0.2
1016.45	0.026494718	0.2
1018.19	0.021339057	0.2
1024.89	0.014907434	0.2
1026.06	0.017160544	0.2
1028.27	0.013124094	0.2
1029.85	0.013883368	0.2
1035.67	0.013902754	0.2
1039.28	0.015348746	0.2
1042.66	0.013598917	0.2
1046.49	0.013598917	0.2
1047	0.0193	0.3
1048	0.0189	0.3
1049	0.0196	0.3
1050	0.0191	0.3
1051	0.0192	0.3
1052	0.0181	0.3
1053	0.0195	0.3
1054	0.0194	0.3
1055	0.0193	0.3
1056	0.0196	0.3
1057	0.0178	0.3
1058	0.0187	0.3
1059	0.0178	0.3
1060	0.0182	0.3
1061	0.0175	0.3
1062	0.0194	0.3
1063	0.0181	0.3
1064	0.0176	0.3
1065	0.018	0.3
1066	0.0184	0.3
1067	0.0178	0.3
1068	0.0179	0.3
1069	0.0189	0.3
1070	0.0188	0.3
1071	0.0176	0.3
1072	0.0187	0.3
1073	0.0187	0.3
1074	0.0193	0.3
1075	0.0181	0.3
1076	0.0186	0.3
1077	0.0187	0.3
1078	0.0183	0.3
1079	0.0179	0.3
1080	0.0183	0.3
1081	0.0177	0.3
1082	0.017	0.3
1083	0.0171	0.3
1084	0.0178	0.3
1085	0.0176	0.3
1086	0.017	0.3
1087	0.0183	0.3
1088	0.0173	0.3
1089	0.0175	0.3
1090	0.0173	0.3
1091	0.0169	0.3
1092	0.0171	0.3
1093	0.0174	0.3
1094	0.0167	0.3
1095	0.0164	0.3
1096	0.0166	0.3
1097	0.0173	0.3
1098	0.0171	0.3
1099	0.0159	0.3
1100	0.0167	0.3
1101	0.0184	0.3
1102	0.0166	0.3
1103	0.0172	0.3
1104	0.0167	0.3
1105	0.0172	0.3
1106	0.0177	0.3
1107	0.0173	0.3
1108	0.0165	0.3
1109	0.0168	0.3
1110	0.0171	0.3
1111	0.0171	0.3
1112	0.0166	0.3
1113	0.0167	0.3
1114	0.0177	0.3
1115	0.0164	0.3
1116	0.0164	0.3
1117	0.0162	0.3
1118	0.0162	0.3
1119	0.0168	0.3
1120	0.0171	0.3
1121	0.0176	0.3
1122	0.0175	0.3
1123	0.0168	0.3
1124	0.018	0.3
1125	0.0177	0.3
1126	0.0183	0.3
1127	0.0172	0.3
1128	0.0174	0.3
1129	0.0162	0.3
1130	0.0167	0.3
1131	0.0178	0.3
1132	0.0168	0.3
1133	0.0175	0.3
1134	0.0168	0.3
1135	0.0171	0.3
1136	0.0177	0.3
1137	0.0169	0.3
1138	0.0185	0.3
1139	0.0174	0.3
1140	0.0173	0.3
1141	0.0182	0.3
1142	0.0183	0.3
1143	0.0179	0.3
1144	0.0179	0.3
1145	0.0196	0.3
1146	0.0201	0.3
1147	0.0201	0.3
1148	0.021	0.3
1149	0.0195	0.3
1150	0.0193	0.3
1151	0.0194	0.3
1152	0.0189	0.3
1153	0.0197	0.3
1154	0.019	0.3
1155	0.0191	0.3
1156	0.0214	0.3
1157	0.0187	0.3
1158	0.0189	0.3
1159	0.0191	0.3
1160	0.019	0.3
1161	0.0192	0.3
1162	0.0192	0.3
1163	0.0186	0.3
1164	0.0184	0.3
1165	0.0178	0.3
1166	0.0172	0.3
1167	0.0179	0.3
1168	0.0175	0.3
1169	0.0185	0.3
1170	0.0203	0.3
1171	0.0187	0.3
1172	0.0206	0.3
1173	0.019	0.3
1174	0.0198	0.3
1175	0.0195	0.3
1176	0.019	0.3
1177	0.02	0.3
1178	0.0203	0.3
1179	0.0209	0.3
1180	0.021	0.3
1181	0.0215	0.3
1182	0.0193	0.3
1183	0.0202	0.3
1184	0.0202	0.3
1185	0.0205	0.3
1186	0.021	0.3
1187	0.0212	0.3
1188	0.0221	0.3
1189	0.0224	0.3
1190	0.0216	0.3
1191	0.0206	0.3
1192	0.0206	0.3
1193	0.0206	0.3
1194	0.0196	0.3
1195	0.0204	0.3
1196	0.0203	0.3
1197	0.02	0.3
1198	0.0197	0.3
1199	0.0202	0.3
1200	0.0197	0.3
1201	0.0195	0.3
1202	0.0184	0.3
1203	0.0187	0.3
1204	0.0188	0.3
1205	0.0195	0.3
1206	0.0198	0.3
1207	0.0209	0.3
1208	0.0201	0.3
1209	0.0207	0.3
1210	0.02	0.3
1211	0.0193	0.3
1212	0.0203	0.3
1213	0.0198	0.3
1214	0.0199	0.3
1215	0.0202	0.3
1216	0.0205	0.3
1217	0.0206	0.3
1218	0.0209	0.3
1219	0.0202	0.3
1220	0.0203	0.3
1221	0.0194	0.3
1222	0.0193	0.3
1223	0.0211	0.3
1224	0.02	0.3
1225	0.0213	0.3
1226	0.0205	0.3
1227	0.0209	0.3
1228	0.02	0.3
1229	0.0216	0.3
1230	0.0205	0.3
1231	0.0214	0.3
1232	0.0209	0.3
1233	0.0213	0.3
1234	0.021	0.3
1235	0.0228	0.3
1236	0.0214	0.3
1237	0.022	0.3
1238	0.022	0.3
1239	0.0219	0.3
1240	0.0233	0.3
1241	0.0216	0.3
1242	0.0218	0.3
1243	0.0213	0.3
1244	0.0228	0.3
1245	0.0221	0.3
1246	0.0221	0.3
1247	0.0229	0.3
1248	0.0229	0.3
1249	0.0238	0.3
1250	0.0239	0.3
1251	0.0238	0.3
1252	0.0236	0.3
1253	0.0235	0.3
1254	0.0236	0.3
1255	0.0234	0.3
1256	0.0238	0.3
1257	0.0221	0.3
1258	0.0237	0.3
1259	0.0232	0.3
1260	0.0228	0.3
1261	0.0239	0.3
1262	0.0227	0.3
1263	0.022	0.3
1264	0.0231	0.3
1265	0.023	0.3
1266	0.0234	0.3
1267	0.0235	0.3
1268	0.0237	0.3
1269	0.0223	0.3
1270	0.0246	0.3
1271	0.025	0.3
1272	0.0239	0.3
1273	0.0244	0.3
1274	0.024	0.3
1275	0.0253	0.3
1276	0.026	0.3
1277	0.0257	0.3
1278	0.0244	0.3
1279	0.0243	0.3
1280	0.0264	0.3
1281	0.0257	0.3
1282	0.0249	0.3
1283	0.0259	0.3
1284	0.0259	0.3
1285	0.0249	0.3
1286	0.0245	0.3
1287	0.0249	0.3
1288	0.0251	0.3
1289	0.0256	0.3
1290	0.0288	0.3
1291	0.0267	0.3
1292	0.0262	0.3
1293	0.0252	0.3
1294	0.0248	0.3
1295	0.0252	0.3
1296	0.0243	0.3
1297	0.0247	0.3
1298	0.027	0.3
1299	0.0256	0.3
1300	0.0246	0.3
1301	0.0244	0.3
1302	0.0249	0.3
1303	0.024	0.3
1304	0.0239	0.3
1305	0.0242	0.3
1306	0.0235	0.3
1307	0.0236	0.3
1308	0.0242	0.3
1309	0.0235	0.3
1310	0.0228	0.3
1311	0.0224	0.3
1312	0.0229	0.3
1313	0.0228	0.3
1314	0.0215	0.3
1315	0.0221	0.3
1316	0.0234	0.3
1317	0.0216	0.3
1318	0.0232	0.3
1319	0.0221	0.3
1320	0.0229	0.3
1321	0.0213	0.3
1322	0.0217	0.3
1323	0.0224	0.3
1324	0.0224	0.3
1325	0.0212	0.3
1326	0.0216	0.3
1327	0.0218	0.3
1328	0.021	0.3
1329	0.0218	0.3
1330	0.0208	0.3
1331	0.0207	0.3
1332	0.0211	0.3
1333	0.0219	0.3
1334	0.0216	0.3
1335	0.0212	0.3
1336	0.0207	0.3
1337	0.0209	0.3
1338	0.0206	0.3
1339	0.0194	0.3
1340	0.0196	0.3
1341	0.019	0.3
1342	0.0197	0.3
1343	0.021	0.3
1344	0.02	0.3
1345	0.0195	0.3
1346	0.0209	0.3
1347	0.0219	0.3
1348	0.0213	0.3
1349	0.0223	0.3
1350	0.0206	0.3
1351	0.0202	0.3
1352	0.021	0.3
1353	0.02	0.3
1354	0.0209	0.3
1355	0.0212	0.3
1356	0.0221	0.3
1357	0.0195	0.3
1358	0.0218	0.3
1359	0.0213	0.3
1360	0.0204	0.3
1361	0.0201	0.3
1362	0.0234	0.3
1363	0.0214	0.3
1364	0.0206	0.3
1365	0.0211	0.3
1366	0.0218	0.3
1367	0.0207	0.3
1368	0.0213	0.3
1369	0.0219	0.3
1370	0.0221	0.3
1371	0.0205	0.3
1372	0.0212	0.3
1373	0.022	0.3
1374	0.0209	0.3
1375	0.0209	0.3
1376	0.0205	0.3
1377	0.0232	0.3
1378	0.0211	0.3
1379	0.0205	0.3
1380	0.0211	0.3
1381	0.02	0.3
1382	0.0213	0.3
1383	0.0218	0.3
1384	0.0219	0.3
1385	0.0222	0.3
1386	0.0217	0.3
1387	0.0219	0.3
1388	0.022	0.3
1389	0.021	0.3
1390	0.021	0.3
1391	0.0205	0.3
1392	0.0209	0.3
1393	0.0236	0.3
1394	0.0207	0.3
1395	0.0217	0.3
1396	0.0224	0.3
1397	0.021	0.3
1398	0.024	0.3
1399	0.021	0.3
1400	0.0207	0.3
1401	0.0222	0.3
1402	0.0228	0.3
1403	0.0211	0.3
1404	0.0216	0.3
1405	0.0202	0.3
1406	0.0202	0.3
1407	0.0215	0.3
1408	0.0221	0.3
1409	0.0231	0.3
1410	0.0226	0.3
1411	0.0223	0.3
1412	0.0239	0.3
1413	0.0218	0.3
1414	0.0221	0.3
1415	0.0211	0.3
1416	0.0227	0.3
1417	0.0237	0.3
1418	0.0221	0.3
1419	0.0212	0.3
1420	0.0212	0.3
1421	0.0211	0.3
1422	0.0224	0.3
1423	0.0224	0.3
1424	0.0217	0.3
1425	0.0224	0.3
1426	0.0223	0.3
1427	0.0233	0.3
1428	0.0219	0.3
1429	0.0227	0.3
1430	0.0213	0.3
1431	0.0216	0.3
1432	0.022	0.3
1433	0.023	0.3
1434	0.0214	0.3
1435	0.0213	0.3
1436	0.0232	0.3
1437	0.0223	0.3
1438	0.0219	0.3
1439	0.0227	0.3
1440	0.0244	0.3
1441	0.0218	0.3
1442	0.0223	0.3
1443	0.0224	0.3
1444	0.0243	0.3
1445	0.023	0.3
1446	0.0228	0.3
1447	0.0244	0.3
1448	0.0231	0.3
1449	0.0245	0.3
1450	0.0245	0.3
1451	0.0244	0.3
1452	0.0227	0.3
1453	0.0241	0.3
1454	0.0247	0.3
1455	0.0222	0.3
1456	0.0235	0.3
1457	0.0233	0.3
1458	0.0235	0.3
1459	0.0236	0.3
1460	0.0238	0.3
1461	0.0246	0.3
1462	0.0241	0.3
1463	0.0241	0.3
1464	0.0236	0.3
1465	0.0235	0.3
1466	0.0232	0.3
1467	0.0228	0.3
1468	0.0228	0.3
1469	0.0238	0.3
1470	0.0242	0.3
1471	0.023	0.3
1472	0.0239	0.3
1473	0.0245	0.3
1474	0.0241	0.3
1475	0.0241	0.3
1476	0.024	0.3
1477	0.024	0.3
1478	0.0233	0.3
1479	0.0235	0.3
1480	0.0241	0.3
1481	0.024	0.3
1482	0.0238	0.3
1483	0.0236	0.3
1484	0.0241	0.3
1485	0.0238	0.3
1486	0.0259	0.3
1487	0.0243	0.3
1488	0.0243	0.3
1489	0.0252	0.3
1490	0.0257	0.3
1491	0.026	0.3
1492	0.0233	0.3
1493	0.0227	0.3
1494	0.0246	0.3
1495	0.0251	0.3
1496	0.0239	0.3
1497	0.025	0.3
1498	0.0255	0.3
1499	0.0223	0.3
1500	0.0232	0.3
1501	0.023	0.3
1502	0.0241	0.3
1503	0.023	0.3
1504	0.0225	0.3
1505	0.0245	0.3
1506	0.0224	0.3
1507	0.0225	0.3
1508	0.022	0.3
1509	0.0222	0.3
1510	0.0217	0.3
1511	0.0204	0.3
1512	0.0201	0.3
1513	0.0206	0.3
1514	0.0213	0.3
1515	0.0217	0.3
1516	0.0213	0.3
1517	0.0214	0.3
1518	0.0222	0.3
1519	0.0214	0.3
1520	0.0219	0.3
1521	0.0225	0.3
1522	0.0222	0.3
1523	0.022	0.3
1524	0.0223	0.3
1525	0.0228	0.3
1526	0.0221	0.3
1527	0.0238	0.3
1528	0.0228	0.3
1529	0.0229	0.3
1530	0.023	0.3
1531	0.0221	0.3
1532	0.022	0.3
1533	0.023	0.3
1534	0.0222	0.3
1535	0.0237	0.3
1536	0.0229	0.3
1537	0.0219	0.3
1538	0.0229	0.3
1539	0.0222	0.3
1540	0.0226	0.3
1541	0.0225	0.3
1542	0.0239	0.3
1543	0.0234	0.3
1544	0.0222	0.3
1545	0.0235	0.3
1546	0.0235	0.3
1547	0.0219	0.3
1548	0.0213	0.3
1549	0.0214	0.3
1550	0.0226	0.3
1551	0.0216	0.3
1552	0.0213	0.3
1553	0.0211	0.3
1554	0.0214	0.3
1555	0.0203	0.3
1556	0.0208	0.3
1557	0.0197	0.3
1558	0.0204	0.3
1559	0.0205	0.3
1560	0.0213	0.3
1561	0.0194	0.3
1562	0.0185	0.3
1563	0.0192	0.3
1564	0.0181	0.3
1565	0.0195	0.3
1566	0.0182	0.3
1567	0.018	0.3
1568	0.0186	0.3
1569	0.0189	0.3
1570	0.0191	0.3
1571	0.0186	0.3
1572	0.0184	0.3
1573	0.0185	0.3
1574	0.0181	0.3
1575	0.0191	0.3
1576	0.0199	0.3
1577	0.0202	0.3
1578	0.0189	0.3
1579	0.0195	0.3
1580	0.019	0.3
1581	0.0194	0.3
1582	0.0202	0.3
1583	0.0195	0.3
1584	0.0188	0.3
1585	0.0201	0.3
1586	0.0195	0.3
1587	0.0193	0.3
1588	0.0193	0.3
1589	0.0202	0.3
1590	0.0196	0.3
1591	0.0192	0.3
1592	0.0195	0.3
1593	0.0195	0.3
1594	0.0199	0.3
1595	0.0201	0.3
1596	0.0204	0.3
1597	0.0194	0.3
1598	0.0203	0.3
1599	0.0201	0.3
1600	0.0202	0.3
1601	0.02	0.3
1602	0.0194	0.3
1603	0.0202	0.3
1604	0.0204	0.3
1605	0.0203	0.3
1606	0.0195	0.3
1607	0.0214	0.3
1608	0.0199	0.3
1609	0.0207	0.3
1610	0.0222	0.3
1611	0.0215	0.3
1612	0.0215	0.3
1613	0.0217	0.3
1614	0.0208	0.3
1615	0.0208	0.3
1616	0.022	0.3
1617	0.0214	0.3
1618	0.0216	0.3
1619	0.0227	0.3
1620	0.0226	0.3
1621	0.023	0.3
1622	0.023	0.3
1623	0.0229	0.3
1624	0.0236	0.3
1625	0.0226	0.3
1626	0.0234	0.3
1627	0.0243	0.3
1628	0.0228	0.3
1629	0.0222	0.3
1630	0.0235	0.3
1631	0.0235	0.3
1632	0.0238	0.3
1633	0.0256	0.3
1634	0.0233	0.3
1635	0.0248	0.3
1636	0.0245	0.3
1637	0.0249	0.3
1638	0.0244	0.3
1639	0.0256	0.3
1640	0.0257	0.3
1641	0.0256	0.3
1642	0.0254	0.3
1643	0.0258	0.3
1644	0.0262	0.3
1645	0.0248	0.3
1646	0.0259	0.3
1647	0.0248	0.3
1648	0.0265	0.3
1649	0.0263	0.3
1650	0.0281	0.3
1651	0.0267	0.3
1652	0.0295	0.3
1653	0.0263	0.3
1654	0.0268	0.3
1655	0.0257	0.3
1656	0.0277	0.3
1657	0.027	0.3
1658	0.0272	0.3
1659	0.0276	0.3
1660	0.0273	0.3
1661	0.0289	0.3
1662	0.0285	0.3
1663	0.0283	0.3
1664	0.0281	0.3
1665	0.0288	0.3
1666	0.0291	0.3
1667	0.0287	0.3
1668	0.0286	0.3
1669	0.0291	0.3
1670	0.0292	0.3
1671	0.0297	0.3
1672	0.0302	0.3
1673	0.0302	0.3
1674	0.03	0.3
1675	0.0297	0.3
1676	0.0303	0.3
1677	0.0311	0.3
1678	0.0295	0.3
1679	0.0311	0.3
1680	0.0314	0.3
1681	0.0324	0.3
1682	0.0313	0.3
1683	0.031	0.3
1684	0.0297	0.3
1685	0.0309	0.3
1686	0.0321	0.3
1687	0.0327	0.3
1688	0.0316	0.3
1689	0.0315	0.3
1690	0.0298	0.3
1691	0.0322	0.3
1692	0.032	0.3
1693	0.0321	0.3
1694	0.0333	0.3
1695	0.0303	0.3
1696	0.0309	0.3
1697	0.0306	0.3
1698	0.032	0.3
1699	0.032	0.3
1700	0.0313	0.3
1701	0.0325	0.3
1702	0.0336	0.3
1703	0.0317	0.3
1704	0.031	0.3
1705	0.0322	0.3
1706	0.0324	0.3
1707	0.0328	0.3
1708	0.0333	0.3
1709	0.0324	0.3
1710	0.0325	0.3
1711	0.0328	0.3
1712	0.0315	0.3
1713	0.0335	0.3
1714	0.0328	0.3
1715	0.0329	0.3
1716	0.0328	0.3
1717	0.0336	0.3
1718	0.0335	0.3
1719	0.0317	0.3
1720	0.0327	0.3
1721	0.033	0.3
1722	0.0345	0.3
1723	0.0328	0.3
1724	0.0324	0.3
1725	0.0331	0.3
1726	0.0326	0.3
1727	0.0323	0.3
1728	0.0322	0.3
1729	0.0323	0.3
1730	0.033	0.3
1731	0.0346	0.3
1732	0.032	0.3
1733	0.0314	0.3
1734	0.0324	0.3
1735	0.0329	0.3
1736	0.0329	0.3
1737	0.0336	0.3
1738	0.0337	0.3
1739	0.0363	0.3
1740	0.0356	0.3
1741	0.0348	0.3
1742	0.0351	0.3
1743	0.0366	0.3
1744	0.0358	0.3
1745	0.0377	0.3
1746	0.0376	0.3
1747	0.0377	0.3
1748	0.0391	0.3
1749	0.0384	0.3
1750	0.0384	0.3
1751	0.0384	0.3
1752	0.0385	0.3
1753	0.0382	0.3
1754	0.0398	0.3
1755	0.0387	0.3
1756	0.037	0.3
1757	0.0391	0.3
1758	0.039	0.3
1759	0.0385	0.3
1760	0.0386	0.3
1761	0.0377	0.3
1762	0.0393	0.3
1763	0.0388	0.3
1764	0.0381	0.3
1765	0.0393	0.3
1766	0.0385	0.3
1767	0.0388	0.3
1768	0.0377	0.3
1769	0.0389	0.3
1770	0.0378	0.3
1771	0.0392	0.3
1772	0.0375	0.3
1773	0.0384	0.3
1774	0.0382	0.3
1775	0.0373	0.3
1776	0.0372	0.3
1777	0.0372	0.3
1778	0.0368	0.3
1779	0.035	0.3
1780	0.0361	0.3
1781	0.035	0.3
1782	0.0331	0.3
1783	0.0339	0.3
1784	0.0328	0.3
1785	0.0337	0.3
1786	0.0327	0.3
1787	0.0318	0.3
1788	0.0307	0.3
1789	0.0306	0.3
1790	0.0326	0.3
1791	0.0304	0.3
1792	0.0286	0.3
1793	0.029	0.3
1794	0.0275	0.3
1795	0.0267	0.3
1796	0.028	0.3
1797	0.0275	0.3
1798	0.0262	0.3
1799	0.0256	0.3
1800	0.0257	0.3
1801	0.025	0.3
1802	0.0265	0.3
1803	0.0253	0.3
1804	0.0233	0.3
1805	0.0248	0.3
1806	0.0243	0.3
1807	0.0228	0.3
1808	0.0231	0.3
1809	0.023	0.3
1810	0.0231	0.3
1811	0.0228	0.3
1812	0.0216	0.3
1813	0.0206	0.3
1814	0.0215	0.3
1815	0.0187	0.3
1816	0.0201	0.3
1817	0.0193	0.3
1818	0.0203	0.3
1819	0.018	0.3
1820	0.0193	0.3
1821	0.018	0.3
1822	0.0178	0.3
1823	0.0183	0.3
1824	0.0181	0.3
1825	0.019	0.3
1826	0.0174	0.3
1827	0.0179	0.3
1828	0.0186	0.3
1829	0.0176	0.3
1830	0.0179	0.3
1831	0.0174	0.3
1832	0.0175	0.3
1833	0.0173	0.3
1834	0.0177	0.3
1835	0.0183	0.3
1836	0.0172	0.3
1837	0.0167	0.3
1838	0.0174	0.3
1839	0.0172	0.3
1840	0.0172	0.3
1841	0.0164	0.3
1842	0.0161	0.3
1843	0.0166	0.3
1844	0.0168	0.3
1845	0.0168	0.3
1846	0.0168	0.3
1847	0.0167	0.3
1848	0.0171	0.3
1849	0.0169	0.3
1850	0.0168	0.3
1851	0.0167	0.3
1852	0.0175	0.3
1853	0.0172	0.3
1854	0.0167	0.3
1855	0.018	0.3
1856	0.0172	0.3
1857	0.0176	0.3
1858	0.0167	0.3
1859	0.0169	0.3
1860	0.0183	0.3
1861	0.0181	0.3
1862	0.0162	0.3
1863	0.0176	0.3
1864	0.0186	0.3
1865	0.0178	0.3
1866	0.0174	0.3
1867	0.0176	0.3
1868	0.0176	0.3
1869	0.0182	0.3
1870	0.0174	0.3
1871	0.0172	0.3
1872	0.0172	0.3
1873	0.0184	0.3
1874	0.0181	0.3
1875	0.0182	0.3
1876	0.0182	0.3
1877	0.0175	0.3
1878	0.0182	0.3
1879	0.0172	0.3
1880	0.017	0.3
1881	0.0175	0.3
1882	0.0182	0.3
1883	0.0182	0.3
1884	0.0184	0.3
1885	0.0182	0.3
1886	0.0178	0.3
1887	0.0186	0.3
1888	0.0191	0.3
1889	0.0182	0.3
1890	0.0179	0.3
1891	0.0189	0.3
1892	0.0188	0.3
1893	0.0185	0.3
1894	0.0194	0.3
1895	0.0195	0.3
1896	0.0185	0.3
1897	0.0183	0.3
1898	0.0196	0.3
1899	0.019	0.3
1900	0.0193	0.3
1901	0.0188	0.3
1902	0.0185	0.3
1903	0.0185	0.3
1904	0.0187	0.3
1905	0.0186	0.3
1906	0.0181	0.3
1907	0.0182	0.3
1908	0.0181	0.3
1909	0.0183	0.3
1910	0.0183	0.3
1911	0.0177	0.3
1912	0.0179	0.3
1913	0.0169	0.3
1914	0.0179	0.3
1915	0.0175	0.3
1916	0.0178	0.3
1917	0.0169	0.3
1918	0.0169	0.3
1919	0.0164	0.3
1920	0.0166	0.3
1921	0.0168	0.3
1922	0.0168	0.3
1923	0.0166	0.3
1924	0.0161	0.3
1925	0.0167	0.3
1926	0.017	0.3
1927	0.0172	0.3
1928	0.0166	0.3
1929	0.0168	0.3
1930	0.0173	0.3
1931	0.0173	0.3
1932	0.0163	0.3
1933	0.0167	0.3
1934	0.0165	0.3
1935	0.0171	0.3
1936	0.0181	0.3
1937	0.0191	0.3
1938	0.0191	0.3
1939	0.0196	0.3
1940	0.0187	0.3
1941	0.0182	0.3
1942	0.0177	0.3
1943	0.0191	0.3
1944	0.0186	0.3
1945	0.0178	0.3
1946	0.018	0.3
1947	0.0176	0.3
1948	0.0166	0.3
1949	0.0176	0.3
1950	0.0186	0.3
1951	0.0194	0.3
1952	0.02	0.3
1953	0.0199	0.3
1954	0.0198	0.3
1955	0.0198	0.3
1956	0.0186	0.3
1957	0.0189	0.3
1958	0.019	0.3
1959	0.0184	0.3
1960	0.0184	0.3
1961	0.0176	0.3
1962	0.0175	0.3
1963	0.0174	0.3
1964	0.0176	0.3
1965	0.0177	0.3
1966	0.0173	0.3
1967	0.0185	0.3
1968	0.0177	0.3
1969	0.019	0.3
1970	0.0183	0.3
1971	0.0183	0.3
1972	0.0185	0.3
1973	0.0183	0.3
1974	0.0197	0.3
1975	0.0189	0.3
1976	0.02	0.3
1977	0.0196	0.3
1978	0.0197	0.3
1979	0.0208	0.3
1980	0.0214	0.3
1981	0.0198	0.3
1982	0.0198	0.3
1983	0.0193	0.3
1984	0.0208	0.3
1985	0.0205	0.3
1986	0.0195	0.3
1987	0.0195	0.3
1988	0.0208	0.3
1989	0.0199	0.3
1990	0.019	0.3
1991	0.0187	0.3
1992	0.0188	0.3
1993	0.0191	0.3
1994	0.0193	0.3
1995	0.0195	0.3
1996	0.0207	0.3
1997	0.0215	0.3
1998	0.0203	0.3
1999	0.021	0.3
2000	0.0224	0.3
2001	0.0216	0.3
2002	0.0212	0.3
2003	0.0212	0.3
2004	0.0202	0.3
2005	0.0207	0.3
2006	0.0207	0.3
2007	0.0201	0.3
2008	0.0193	0.3
2009	0.0193	0.3
2010	0.0197	0.3
2011	0.0203	0.3
2012	0.0197	0.3
2013	0.0208	0.3
2014	0.02	0.3
2015	0.0202	0.3
2016	0.0199	0.3
2017	0.0183	0.3
2018	0.0193	0.3
2019	0.0195	0.3
2020	0.0206	0.3
2021	0.0204	0.3
2022	0.0208	0.3
2023	0.021	0.3
2024	0.0202	0.3
2025	0.0207	0.3
2026	0.022	0.3
2027	0.0214	0.3
2028	0.021	0.3
2029	0.0206	0.3
2030	0.0205	0.3
2031	0.0203	0.3
2032	0.0183	0.3
2033	0.0184	0.3
2034	0.0176	0.3
2035	0.0184	0.3
2036	0.0186	0.3
2037	0.0174	0.3
2038	0.0178	0.3
2039	0.0182	0.3
2040	0.0175	0.3
2041	0.0179	0.3
2042	0.018	0.3
2043	0.0175	0.3
2044	0.0176	0.3
2045	0.0181	0.3
2046	0.0168	0.3
2047	0.0174	0.3
2048	0.0175	0.3
2049	0.0182	0.3
2050	0.0181	0.3
2051	0.018	0.3
2052	0.0167	0.3
2053	0.0179	0.3
2054	0.0175	0.3
2055	0.0185	0.3
2056	0.0176	0.3
2057	0.0187	0.3
2058	0.0192	0.3
2059	0.0179	0.3
2060	0.0188	0.3
2061	0.02	0.3
2062	0.0189	0.3
2063	0.0206	0.3
2064	0.0203	0.3
2065	0.0221	0.3
2066	0.0227	0.3
2067	0.0212	0.3
2068	0.0205	0.3
2069	0.0209	0.3
2070	0.0205	0.3
2071	0.0205	0.3
2072	0.0208	0.3
2073	0.0208	0.3
2074	0.0203	0.3
2075	0.0209	0.3
2076	0.0215	0.3
2077	0.0192	0.3
2078	0.019	0.3
2079	0.0199	0.3
2080	0.0208	0.3
2081	0.0203	0.3
2082	0.0211	0.3
2083	0.0222	0.3
2084	0.0224	0.3
2085	0.0225	0.3
2086	0.0226	0.3
2087	0.0218	0.3
2088	0.0215	0.3
2089	0.0209	0.3
2090	0.0218	0.3
2091	0.0221	0.3
2092	0.021	0.3
2093	0.0222	0.3
2094	0.0219	0.3
2095	0.0231	0.3
2096	0.0243	0.3
2097	0.0241	0.3
2098	0.0241	0.3
2099	0.0246	0.3
2100	0.0249	0.3
2101	0.0259	0.3
2102	0.0247	0.3
2103	0.0257	0.3
2104	0.0263	0.3
2105	0.0266	0.3
2106	0.0271	0.3
2107	0.0264	0.3
2108	0.0271	0.3
2109	0.0265	0.3
2110	0.0284	0.3
2111	0.0271	0.3
2112	0.0269	0.3
2113	0.0287	0.3
2114	0.0284	0.3
2115	0.028	0.3
2116	0.03	0.3
2117	0.0277	0.3
2118	0.0284	0.3
2119	0.0291	0.3
2120	0.0299	0.3
2121	0.0284	0.3
2122	0.0274	0.3
2123	0.0258	0.3
2124	0.0266	0.3
2125	0.0271	0.3
2126	0.0251	0.3
2127	0.0252	0.3
2128	0.0252	0.3
2129	0.0256	0.3
2130	0.0257	0.3
2131	0.0243	0.3
2132	0.024	0.3
2133	0.0232	0.3
2134	0.0231	0.3
2135	0.0235	0.3
2136	0.0226	0.3
2137	0.022	0.3
2138	0.023	0.3
2139	0.0219	0.3
2140	0.0227	0.3
2141	0.0234	0.3
2142	0.0219	0.3
2143	0.0234	0.3
2144	0.0237	0.3
2145	0.0245	0.3
2146	0.0232	0.3
2147	0.0237	0.3
2148	0.0244	0.3
2149	0.0226	0.3
2150	0.0244	0.3
2151	0.0247	0.3
2152	0.0233	0.3
2153	0.0253	0.3
2154	0.0236	0.3
2155	0.0242	0.3
2156	0.0237	0.3
2157	0.0238	0.3
2158	0.0256	0.3
2159	0.024	0.3
2160	0.0253	0.3
2161	0.0256	0.3
2162	0.0254	0.3
2163	0.0265	0.3
2164	0.0274	0.3
2165	0.0273	0.3
2166	0.0285	0.3
2167	0.027	0.3
2168	0.0279	0.3
2169	0.0272	0.3
2170	0.0288	0.3
2171	0.0288	0.3
2172	0.0276	0.3
2173	0.0286	0.3
2174	0.028	0.3
2175	0.0299	0.3
2176	0.0286	0.3
2177	0.0286	0.3
2178	0.0301	0.3
2179	0.0278	0.3
2180	0.029	0.3
2181	0.0286	0.3
2182	0.0278	0.3
2183	0.0284	0.3
2184	0.0289	0.3
2185	0.0286	0.3
2186	0.0298	0.3
2187	0.03	0.3
2188	0.0316	0.3
2189	0.0298	0.3
2190	0.0313	0.3
2191	0.0293	0.3
2192	0.0289	0.3
2193	0.0291	0.3
2194	0.0273	0.3
2195	0.0282	0.3
2196	0.0273	0.3
2197	0.0256	0.3
2198	0.0262	0.3
2199	0.0254	0.3
2200	0.0242	0.3
2201	0.0237	0.3
2202	0.0231	0.3
2203	0.0231	0.3
2204	0.0237	0.3
2205	0.0229	0.3
2206	0.0236	0.3
2207	0.0216	0.3
2208	0.0224	0.3
2209	0.021	0.3
2210	0.0206	0.3
2211	0.0208	0.3
2212	0.02	0.3
2213	0.0197	0.3
2214	0.02	0.3
2215	0.0201	0.3
2216	0.0196	0.3
2217	0.0177	0.3
2218	0.019	0.3
2219	0.0178	0.3
2220	0.0183	0.3
2221	0.0184	0.3
2222	0.0191	0.3
2223	0.0198	0.3
2224	0.0196	0.3
2225	0.0226	0.3
2226	0.0208	0.3
2227	0.0205	0.3
2228	0.0203	0.3
2229	0.0189	0.3
2230	0.0193	0.3
2231	0.0181	0.3
2232	0.0177	0.3
2233	0.0176	0.3
2234	0.0185	0.3
2235	0.0198	0.3
2236	0.0193	0.3
2237	0.0179	0.3
2238	0.0184	0.3
2239	0.0185	0.3
2240	0.0189	0.3
2241	0.0191	0.3
2242	0.0193	0.3
2243	0.0198	0.3
2244	0.0194	0.3
2245	0.0203	0.3
2246	0.0203	0.3
2247	0.0206	0.3
2248	0.0211	0.3
2249	0.0212	0.3
2250	0.0229	0.3
2251	0.0225	0.3
2252	0.0242	0.3
2253	0.0242	0.3
2254	0.0248	0.3
2255	0.0241	0.3
2256	0.0249	0.3
2257	0.026	0.3
2258	0.0254	0.3
2259	0.0259	0.3
2260	0.0263	0.3
2261	0.027	0.3
2262	0.0267	0.3
2263	0.0263	0.3
2264	0.0263	0.3
2265	0.026	0.3
2266	0.0276	0.3
2267	0.0278	0.3
2268	0.0288	0.3
2269	0.0286	0.3
2270	0.0297	0.3
2271	0.0308	0.3
2272	0.0332	0.3
2273	0.0325	0.3
2274	0.032	0.3
2275	0.0354	0.3
2276	0.036	0.3
2277	0.0381	0.3
2278	0.0372	0.3
2279	0.037	0.3
2280	0.0363	0.3
2281	0.0343	0.3
2282	0.0324	0.3
2283	0.0338	0.3
2284	0.0323	0.3
2285	0.0291	0.3
2286	0.0277	0.3
2287	0.027	0.3
2288	0.0271	0.3
2289	0.0252	0.3
2290	0.0246	0.3
2291	0.0237	0.3
2292	0.0229	0.3
2293	0.0214	0.3
2294	0.0216	0.3
2295	0.0209	0.3
2296	0.0218	0.3
2297	0.0227	0.3
2298	0.0222	0.3
2299	0.0221	0.3
2300	0.0205	0.3
2301	0.02	0.3
2302	0.0192	0.3
2303	0.0195	0.3
2304	0.0199	0.3
2305	0.0198	0.3
2306	0.0192	0.3
2307	0.019	0.3
2308	0.0186	0.3
2309	0.0192	0.3
2310	0.0188	0.3
2311	0.019	0.3
2312	0.0185	0.3
2313	0.0184	0.3
2314	0.019	0.3
2315	0.0185	0.3
2316	0.0191	0.3
2317	0.0196	0.3
2318	0.0197	0.3
2319	0.0195	0.3
2320	0.0202	0.3
2321	0.0198	0.3
2322	0.0191	0.3
2323	0.0198	0.3
2324	0.0185	0.3
2325	0.0192	0.3
2326	0.0199	0.3
2327	0.0192	0.3
2328	0.0191	0.3
2329	0.0197	0.3
2330	0.019	0.3
2331	0.0207	0.3
2332	0.0205	0.3
2333	0.0202	0.3
2334	0.0191	0.3
2335	0.0192	0.3
2336	0.0193	0.3
2337	0.019	0.3
2338	0.0189	0.3
2339	0.0186	0.3
2340	0.0174	0.3
2341	0.0183	0.3
2342	0.0179	0.3
2343	0.0179	0.3
2344	0.0176	0.3
2345	0.0179	0.3
2346	0.017	0.3
2347	0.017	0.3
2348	0.0168	0.3
2349	0.0168	0.3
2350	0.0169	0.3
2351	0.017	0.3
2352	0.0168	0.3
2353	0.0172	0.3
2354	0.0172	0.3
2355	0.0171	0.3
2356	0.0172	0.3
2357	0.0173	0.3
2358	0.0172	0.3
2359	0.017	0.3
2360	0.0177	0.3
2361	0.0172	0.3
2362	0.0174	0.3
2363	0.0173	0.3
2364	0.0174	0.3
2365	0.0174	0.3
2366	0.0175	0.3
2367	0.0177	0.3
2368	0.0185	0.3
2369	0.0187	0.3
2370	0.0198	0.3
2371	0.0203	0.3
2372	0.0199	0.3
2373	0.0203	0.3
2374	0.0207	0.3
2375	0.0222	0.3
2376	0.0217	0.3
2377	0.0219	0.3
2378	0.0229	0.3
2379	0.0236	0.3
2380	0.0234	0.3
2381	0.0243	0.3
2382	0.0244	0.3
2383	0.0242	0.3
2384	0.0248	0.3
2385	0.0234	0.3
2386	0.0247	0.3
2387	0.0256	0.3
2388	0.024	0.3
2389	0.023	0.3
2390	0.023	0.3
2391	0.0229	0.3
2392	0.0222	0.3
2393	0.0215	0.3
2394	0.0213	0.3
2395	0.0204	0.3
2396	0.0206	0.3
2397	0.0213	0.3
2398	0.0199	0.3
2399	0.0206	0.3
2400	0.021	0.3
2401	0.0215	0.3
2402	0.0203	0.3
2403	0.0198	0.3
2404	0.0195	0.3
2405	0.0198	0.3
2406	0.0192	0.3
2407	0.0199	0.3
2408	0.0201	0.3
2409	0.0203	0.3
2410	0.0204	0.3
2411	0.0209	0.3
2412	0.02	0.3
2413	0.0192	0.3
2414	0.0198	0.3
2415	0.0202	0.3
2416	0.0207	0.3
2417	0.0216	0.3
2418	0.0208	0.3
2419	0.0213	0.3
2420	0.0224	0.3
2421	0.0226	0.3
2422	0.0207	0.3
2423	0.0203	0.3
2424	0.0204	0.3
2425	0.0209	0.3
2426	0.0205	0.3
2427	0.0208	0.3
2428	0.0214	0.3
2429	0.0218	0.3
2430	0.0203	0.3
2431	0.0224	0.3
2432	0.0218	0.3
2433	0.0223	0.3
2434	0.0222	0.3
2435	0.023	0.3
2436	0.0228	0.3
2437	0.0228	0.3
2438	0.024	0.3
2439	0.0248	0.3
2440	0.0245	0.3
2441	0.0235	0.3
2442	0.0239	0.3
2443	0.0254	0.3
2444	0.0242	0.3
2445	0.0255	0.3
2446	0.0264	0.3
2447	0.0254	0.3
2448	0.0246	0.3
2449	0.0227	0.3
2450	0.0221	0.3
2451	0.0222	0.3
2452	0.0207	0.3
2453	0.0206	0.3
2454	0.0205	0.3
2455	0.0206	0.3
2456	0.0217	0.3
2457	0.0224	0.3
2458	0.0222	0.3
2459	0.0231	0.3
2460	0.0231	0.3
2461	0.0237	0.3
2462	0.0233	0.3
2463	0.0242	0.3
2464	0.0244	0.3
2465	0.0256	0.3
2466	0.0253	0.3
2467	0.0265	0.3
2468	0.0268	0.3
2469	0.0267	0.3
2470	0.0283	0.3
2471	0.0277	0.3
2472	0.0295	0.3
2473	0.0292	0.3
2474	0.0296	0.3
2475	0.0298	0.3
2476	0.0299	0.3
2477	0.0301	0.3
2478	0.031	0.3
2479	0.031	0.3
2480	0.0313	0.3
2481	0.0308	0.3
2482	0.0316	0.3
2483	0.031	0.3
2484	0.0307	0.3
2485	0.0328	0.3
2486	0.0349	0.3
2487	0.0367	0.3
2488	0.0392	0.3
2489	0.0394	0.3
2490	0.041	0.3
2491	0.0403	0.3
2492	0.0414	0.3
2493	0.0404	0.3
2494	0.0385	0.3
2495	0.0371	0.3
2496	0.0348	0.3
2497	0.0329	0.3
2498	0.03	0.3
2499	0.0279	0.3
2500	0.0271	0.3
2501	0.0259	0.3
2502	0.0251	0.3
2503	0.0232	0.3
2504	0.0223	0.3
2505	0.0208	0.3
2506	0.0198	0.3
2507	0.0185	0.3
2508	0.017	0.3
2509	0.0173	0.3
2510	0.0169	0.3
2511	0.0171	0.3
2512	0.0172	0.3
2513	0.0168	0.3
2514	0.0175	0.3
2515	0.0176	0.3
2516	0.0178	0.3
2517	0.0177	0.3
2518	0.0181	0.3
2519	0.0196	0.3
2520	0.019	0.3
2521	0.0185	0.3
2522	0.0189	0.3
2523	0.0189	0.3
2524	0.0185	0.3
2525	0.0184	0.3
2526	0.0181	0.3
2527	0.0176	0.3
2528	0.0176	0.3
2529	0.0173	0.3
2530	0.0173	0.3
2531	0.0175	0.3
2532	0.018	0.3
2533	0.0184	0.3
2534	0.0183	0.3
2535	0.0183	0.3
2536	0.0191	0.3
2537	0.0192	0.3
2538	0.0203	0.3
2539	0.0198	0.3
2540	0.02	0.3
2541	0.0188	0.3
2542	0.0199	0.3
2543	0.0194	0.3
2544	0.0197	0.3
2545	0.0204	0.3
2546	0.0195	0.3
2547	0.0199	0.3
2548	0.0211	0.3
2549	0.0213	0.3
2550	0.021	0.3
2551	0.0211	0.3
2552	0.0223	0.3
2553	0.0223	0.3
2554	0.0208	0.3
2555	0.0194	0.3
2556	0.0194	0.3
2557	0.0195	0.3
2558	0.0205	0.3
2559	0.0204	0.3
2560	0.021	0.3
2561	0.0206	0.3
2562	0.0214	0.3
2563	0.0225	0.3
2564	0.0225	0.3
2565	0.0222	0.3
2566	0.0236	0.3
2567	0.0225	0.3
2568	0.0215	0.3
2569	0.0213	0.3
2570	0.022	0.3
2571	0.0228	0.3
2572	0.0229	0.3
2573	0.0237	0.3
2574	0.0231	0.3
2575	0.0213	0.3
2576	0.0212	0.3
2577	0.0205	0.3
2578	0.0195	0.3
2579	0.0207	0.3
2580	0.0206	0.3
2581	0.0203	0.3
2582	0.0211	0.3
2583	0.0216	0.3
2584	0.0221	0.3
2585	0.0236	0.3
2586	0.0236	0.3
2587	0.0241	0.3
2588	0.025	0.3
2589	0.0256	0.3
2590	0.0257	0.3
2591	0.0265	0.3
2592	0.0261	0.3
2593	0.0272	0.3
2594	0.0276	0.3
2595	0.0279	0.3
2596	0.0285	0.3
2597	0.0296	0.3
2598	0.0305	0.3
2599	0.0303	0.3
2600	0.0311	0.3
2601	0.0315	0.3
2602	0.0312	0.3
2603	0.0318	0.3
2604	0.0315	0.3
2605	0.0328	0.3
2606	0.0325	0.3
2607	0.033	0.3
2608	0.0325	0.3
2609	0.0328	0.3
2610	0.033	0.3
2611	0.0319	0.3
2612	0.0312	0.3
2613	0.031	0.3
2614	0.0297	0.3
2615	0.0299	0.3
2616	0.0299	0.3
2617	0.0285	0.3
2618	0.0301	0.3
2619	0.029	0.3
2620	0.0292	0.3
2621	0.029	0.3
2622	0.0296	0.3
2623	0.0295	0.3
2624	0.0299	0.3
2625	0.0297	0.3
2626	0.029	0.3
2627	0.0289	0.3
2628	0.0288	0.3
2629	0.0267	0.3
2630	0.0266	0.3
2631	0.0262	0.3
2632	0.0268	0.3
2633	0.0297	0.3
2634	0.0277	0.3
2635	0.0263	0.3
2636	0.0246	0.3
2637	0.0227	0.3
2638	0.0209	0.3
2639	0.0191	0.3
2640	0.0184	0.3
2641	0.0168	0.3
2642	0.0167	0.3
2643	0.0167	0.3
2644	0.0169	0.3
2645	0.0166	0.3
2646	0.0166	0.3
2647	0.0167	0.3
2648	0.0167	0.3
2649	0.0168	0.3
2650	0.017	0.3
2651	0.0172	0.3
2652	0.0178	0.3
2653	0.018	0.3
2654	0.0188	0.3
2655	0.0197	0.3
2656	0.0184	0.3
2657	0.0193	0.3
2658	0.0199	0.3
2659	0.0197	0.3
2660	0.0198	0.3
2661	0.0191	0.3
2662	0.0185	0.3
2663	0.0196	0.3
2664	0.0194	0.3
2665	0.0207	0.3
2666	0.0203	0.3
2667	0.019	0.3
2668	0.0186	0.3
2669	0.0185	0.3
2670	0.0183	0.3
2671	0.0182	0.3
2672	0.0195	0.3
2673	0.0194	0.3
2674	0.0192	0.3
2675	0.0186	0.3
2676	0.018	0.3
2677	0.0183	0.3
2678	0.0175	0.3
2679	0.0189	0.3
2680	0.0186	0.3
2681	0.0195	0.3
2682	0.0209	0.3
2683	0.0206	0.3
2684	0.0198	0.3
2685	0.019	0.3
2686	0.0196	0.3
2687	0.0208	0.3
2688	0.0217	0.3
2689	0.0216	0.3
2690	0.0209	0.3
2691	0.0207	0.3
2692	0.0214	0.3
2693	0.0227	0.3
2694	0.0228	0.3
2695	0.0235	0.3
2696	0.0244	0.3
2697	0.0245	0.3
2698	0.0255	0.3
2699	0.0255	0.3
2700	0.025	0.3
2701	0.0255	0.3
2702	0.0256	0.3
2703	0.0267	0.3
2704	0.026	0.3
2705	0.0265	0.3
2706	0.0256	0.3
2707	0.0245	0.3
2708	0.0241	0.3
2709	0.0239	0.3
2710	0.0235	0.3
2711	0.0235	0.3
2712	0.0239	0.3
2713	0.0239	0.3
2714	0.0243	0.3
2715	0.0243	0.3
2716	0.0242	0.3
2717	0.0237	0.3
2718	0.0241	0.3
2719	0.0245	0.3
2720	0.0241	0.3
2721	0.0237	0.3
2722	0.0236	0.3
2723	0.0227	0.3
2724	0.023	0.3
2725	0.0231	0.3
2726	0.0222	0.3
2727	0.0215	0.3
2728	0.0213	0.3
2729	0.0209	0.3
2730	0.0207	0.3
2731	0.0204	0.3
2732	0.0205	0.3
2733	0.0212	0.3
2734	0.0217	0.3
2735	0.0219	0.3
2736	0.0231	0.3
2737	0.023	0.3
2738	0.0236	0.3
2739	0.0237	0.3
2740	0.0243	0.3
2741	0.0245	0.3
2742	0.0241	0.3
2743	0.0237	0.3
2744	0.024	0.3
2745	0.024	0.3
2746	0.0235	0.3
2747	0.0238	0.3
2748	0.024	0.3
2749	0.0241	0.3
2750	0.0232	0.3
2751	0.0219	0.3
2752	0.0206	0.3
2753	0.0206	0.3
2754	0.0197	0.3
2755	0.0197	0.3
2756	0.0199	0.3
2757	0.0201	0.3
2758	0.0201	0.3
2759	0.0201	0.3
2760	0.0201	0.3
2761	0.0196	0.3
2762	0.0191	0.3
2763	0.0186	0.3
2764	0.0185	0.3
2765	0.019	0.3
2766	0.0189	0.3
2767	0.0181	0.3
2768	0.0189	0.3
2769	0.0197	0.3
2770	0.0194	0.3
2771	0.0206	0.3
2772	0.0215	0.3
2773	0.0204	0.3
2774	0.0197	0.3
2775	0.021	0.3
2776	0.0222	0.3
2777	0.0228	0.3
2778	0.0233	0.3
2779	0.0216	0.3
2780	0.0205	0.3
2781	0.0198	0.3
2782	0.0195	0.3
2783	0.0201	0.3
2784	0.0203	0.3
2785	0.0209	0.3
2786	0.0213	0.3
2787	0.0219	0.3
2788	0.0227	0.3
2789	0.0229	0.3
2790	0.0238	0.3
2791	0.0247	0.3
2792	0.0248	0.3
2793	0.0259	0.3
2794	0.0258	0.3
2795	0.0266	0.3
2796	0.0272	0.3
2797	0.028	0.3
2798	0.0282	0.3
2799	0.0279	0.3
2800	0.0285	0.3
2801	0.0281	0.3
2802	0.0281	0.3
2803	0.028	0.3
2804	0.0281	0.3
2805	0.0282	0.3
2806	0.0287	0.3
2807	0.0288	0.3
2808	0.03	0.3
2809	0.0292	0.3
2810	0.0276	0.3
2811	0.0261	0.3
2812	0.0252	0.3
2813	0.024	0.3
2814	0.0224	0.3
2815	0.0217	0.3
2816	0.0206	0.3
2817	0.0201	0.3
2818	0.0208	0.3
2819	0.0213	0.3
2820	0.0203	0.3
2821	0.0204	0.3
2822	0.0203	0.3
2823	0.0195	0.3
2824	0.0197	0.3
2825	0.0199	0.3
2826	0.0209	0.3
2827	0.0211	0.3
2828	0.0219	0.3
2829	0.023	0.3
2830	0.0234	0.3
2831	0.0223	0.3
2832	0.0216	0.3
2833	0.0203	0.3
2834	0.0212	0.3
2835	0.0215	0.3
2836	0.0224	0.3
2837	0.023	0.3
2838	0.0231	0.3
2839	0.0239	0.3
2840	0.0242	0.3
2841	0.0246	0.3
2842	0.0248	0.3
2843	0.0236	0.3
2844	0.0229	0.3
2845	0.0224	0.3
2846	0.0219	0.3
2847	0.0209	0.3
2848	0.0214	0.3
2849	0.0214	0.3
2850	0.0222	0.3
2851	0.0226	0.3
2852	0.0234	0.3
2853	0.0231	0.3
2854	0.023	0.3
2855	0.0222	0.3
2856	0.0225	0.3
2857	0.0224	0.3
2858	0.0224	0.3
2859	0.0222	0.3
2860	0.022	0.3
2861	0.0218	0.3
2862	0.0215	0.3
2863	0.0222	0.3
2864	0.0219	0.3
2865	0.0227	0.3
2866	0.0229	0.3
2867	0.0232	0.3
2868	0.0235	0.3
2869	0.0243	0.3
2870	0.0249	0.3
2871	0.0254	0.3
2872	0.0261	0.3
2873	0.0261	0.3
2874	0.0272	0.3
2875	0.0278	0.3
2876	0.0276	0.3
2877	0.028	0.3
2878	0.0279	0.3
2879	0.0276	0.3
2880	0.0276	0.3
2881	0.0274	0.3
2882	0.028	0.3
2883	0.0278	0.3
2884	0.0277	0.3
2885	0.0277	0.3
2886	0.0279	0.3
2887	0.0275	0.3
2888	0.0268	0.3
2889	0.0272	0.3
2890	0.027	0.3
2891	0.0274	0.3
2892	0.0253	0.3
2893	0.024	0.3
2894	0.0226	0.3
2895	0.0215	0.3
2896	0.0198	0.3
2897	0.0191	0.3
2898	0.018	0.3
2899	0.0177	0.3
2900	0.0175	0.3
2901	0.0174	0.3
2902	0.0175	0.3
2903	0.0173	0.3
2904	0.018	0.3
2905	0.0176	0.3
2906	0.0169	0.3
2907	0.017	0.3
2908	0.0175	0.3
2909	0.0175	0.3
2910	0.0176	0.3
2911	0.018	0.3
2912	0.0177	0.3
2913	0.0177	0.3
2914	0.0176	0.3
2915	0.0178	0.3
2916	0.0184	0.3
2917	0.0196	0.3
2918	0.0195	0.3
2919	0.0194	0.3
2920	0.0199	0.3
2921	0.0194	0.3
2922	0.0191	0.3
2923	0.0192	0.3
2924	0.0199	0.3
2925	0.0192	0.3
2926	0.0194	0.3
2927	0.0191	0.3
2928	0.0193	0.3
2929	0.0184	0.3
2930	0.0185	0.3
2931	0.019	0.3
2932	0.0185	0.3
2933	0.0204	0.3
2934	0.0202	0.3
2935	0.0194	0.3
2936	0.019	0.3
2937	0.0185	0.3
2938	0.0176	0.3
2939	0.018	0.3
2940	0.018	0.3
2941	0.018	0.3
2942	0.0189	0.3
2943	0.019	0.3
2944	0.0187	0.3
2945	0.0185	0.3
2946	0.018	0.3
2947	0.018	0.3
2948	0.0183	0.3
2949	0.0189	0.3
2950	0.0203	0.3
2951	0.0203	0.3
2952	0.0197	0.3
2953	0.02	0.3
2954	0.0193	0.3
2955	0.0191	0.3
2956	0.0191	0.3
2957	0.0196	0.3
2958	0.0199	0.3
2959	0.0203	0.3
2960	0.0199	0.3
2961	0.0192	0.3
2962	0.0188	0.3
2963	0.0198	0.3
2964	0.0207	0.3
2965	0.0205	0.3
2966	0.02	0.3
2967	0.0194	0.3
2968	0.0186	0.3
2969	0.0195	0.3
2970	0.0203	0.3
2971	0.0209	0.3
2972	0.021	0.3
2973	0.0219	0.3
2974	0.0227	0.3
2975	0.0231	0.3
2976	0.0233	0.3
2977	0.0241	0.3
2978	0.0244	0.3
2979	0.0241	0.3
2980	0.025	0.3
2981	0.025	0.3
2982	0.0254	0.3
2983	0.0259	0.3
2984	0.0258	0.3
2985	0.0257	0.3
2986	0.0256	0.3
2987	0.0259	0.3
2988	0.0261	0.3
2989	0.0262	0.3
2990	0.0267	0.3
2991	0.0261	0.3
2992	0.0263	0.3
2993	0.0267	0.3
2994	0.0269	0.3
2995	0.0264	0.3
2996	0.0266	0.3
2997	0.0263	0.3
2998	0.0266	0.3
2999	0.0267	0.3
3000	0.026	0.3
3001	0.026	0.3
3002	0.0259	0.3
3003	0.0254	0.3
3004	0.0256	0.3
3005	0.0254	0.3
3006	0.0251	0.3
3007	0.0251	0.3
3008	0.0251	0.3
3009	0.0249	0.3
3010	0.0247	0.3
3011	0.0244	0.3
3012	0.0239	0.3
3013	0.0237	0.3
3014	0.0233	0.3
3015	0.0231	0.3
3016	0.0232	0.3
3017	0.0231	0.3
3018	0.0231	0.3
3019	0.0235	0.3
3020	0.0236	0.3
3021	0.0238	0.3
3022	0.0238	0.3
3023	0.0233	0.3
3024	0.0231	0.3
3025	0.023	0.3
3026	0.0233	0.3
3027	0.0233	0.3
3028	0.0239	0.3
3029	0.0237	0.3
3030	0.0236	0.3
3031	0.0237	0.3