#gicc05
0	8.79	115.91	0.691333357
8.79	9.86	21.05	0.429621714
9.86	11.34	27.31	0.458603634
11.34	12.46	20.2	0.511702267
12.46	12.78	6.49	0.516454269
12.78	18.83	114.17	0.452466177
18.83	19.82	22.09	0.460708543
19.82	21.34	31.39	0.511530595
21.34	22.43	20.49	0.537084063
22.43	23.39	21.02	0.527465073
23.39	29.92	141.18	0.717447989
29.92	35.06	113.62	0.542465295
35.06	37.66	59.34	0.553056619
37.66	38.05	9.49	0.574233746
38.05	38.37	7.47	0.572612834
38.37	38.8	10.92	0.753454168
38.8	40	28.3	0.753063786
40	42.48	58.36	0.662821158
42.48	48.07	132.55	0.611631993
48.07	49.62	45.65	0.634824237
49.62	53.28	89	0.672933843
53.28	58.05	130.01	0.823628044
58.05	61.66	92.26	0.93286518
61.66	65.45	106.71	0.673695468
65.45	66.7	34.45	0.72012566
66.7	68.27	46.79	0.703116838
68.27	70.3	59.35	0.679599195
70.3	74.85	130.73	0.790345217
74.85	76.09	38.09	0.706573112
76.09	78.2	59.52	0.733341113
78.2	79.45	36.21	0.730378624
79.45	80.35	27.18	0.861164947
80.35	83.92	111.95	0.832749722
83.92	85.62	50.92	0.737328034
85.62	86.65	25.99	0.740332384
86.65	88.34	53.01	0.737387354
88.34	91.87	112.86	0.808018059
91.87	93.04	35.6	0.792870344
93.04	98.59	178.38	0.862004737
98.59	99.95	43.44	0.807865018
99.95	101.56	50.5	0.930295905
101.56	103.44	60.92	0.752409623
103.44	107.79	141.01	0.824009948
107.79	115.72	276.78	1.286356431
115.72	121.09	173.41	0.932324079
121.09	123.21	81.75	0.96792543
123.21	126.23	107.06	0.901864605
126.23	127.53	45.66	0.832418615
127.53	131.67	144.34	0.931679107
131.67	132.25	19	0.915814514
132.25	134.74	84.88	0.901789077
134.74	136.55	63.24	0.851319963
136.55	140.84	149.01	0.917082589
140.84	141.16	11.43	0.916432175
141.16	142.44	44.88	0.91052526
142.44	143.95	51.58	0.886056419
143.95	145.78	63.86	0.879812164
145.78	152.48	234.11	1.080466754
152.48	154.91	83.23	0.915384051
154.91	156.21	46.77	0.894462802
156.21	156.77	20.03	0.920380612
156.77	157.73	33.98	0.917189689
157.73	158.89	38.3	0.912181403
158.89	161.13	78.56	0.901175649
161.13	164.31	110.09	0.93351216
164.31	165.23	32.61	0.907563121
165.23	170.8	193.73	1.058380471
170.8	173.93	104.86	0.927063153
173.93	176.83	102.86	0.972927504
176.83	177.75	33.22	0.86252045
177.75	181.71	140.06	0.941009748
181.71	184.03	81.86	0.941409482
184.03	185.09	38.83	0.922064157
185.09	188.03	105.61	0.956473858
188.03	190.59	89.51	0.911197091
190.59	191.79	42.26	0.934478848
191.79	192.25	16.81	0.941487558
192.25	193.63	47.78	0.888425993
193.63	199.99	223.03	1.061898224
199.99	200.99	33.01	0.844285515
200.99	202.53	56.63	0.846003222
202.53	204.91	84.6	0.94409476
204.91	206.73	64.84	0.948491149
206.73	207.87	39.05	0.99070822
207.87	209.25	49.29	1.009754576
209.25	211.03	68.71	1.026115599
211.03	211.89	29.38	0.964189538
211.89	212.25	14.13	0.955381071
212.25	213.17	30.45	0.952300787
213.17	215.61	92.85	0.964250579
215.61	216.47	30.98	0.95000689
216.47	218.37	72.34	0.941702064
218.37	221.17	100.62	0.965530662
221.17	221.41	8.96	0.909303945
221.41	227.75	231.53	1.115061583
227.75	235.47	283.2	1.329510098
235.47	237.27	63.68	0.927099289
237.27	240.47	116.8	1.014927578
240.47	241.91	55.08	0.934713935
241.91	246.25	159.87	1.047572845
246.25	252.19	220.36	1.102146802
252.19	254.03	66.85	0.991760961
254.03	254.33	11.16	0.903447422
254.33	262.55	306.68	1.278732908
262.55	263.83	51.02	0.996995947
263.83	264.39	21.67	0.977471159
264.39	264.87	17.25	0.950813093
264.87	266.31	53.58	0.955841792
266.31	267.41	41.43	0.976250437
267.41	269.45	77.72	0.992644956
269.45	272.39	111.81	1.022172849
272.39	274.03	61.27	0.983409164
274.03	280.67	247.57	1.221847981
280.67	282.87	80.97	0.920782972
282.87	286.37	122.5	1.020774266
286.37	287.53	34.58	0.864629416
287.53	288.41	34	0.898513655
288.41	290.31	73.07	0.963783115
290.31	293.19	107.24	1.014487076
293.19	293.73	18.63	0.946719784
293.73	294.29	19.9	0.965577842
294.29	296.89	95.11	0.978393194
296.89	301.45	159.43	0.992948596
301.45	303.53	74.77	0.931261048
303.53	304.73	44.17	0.9932599
304.73	305.49	28.71	0.984522209
305.49	306.43	35.26	0.974818749
306.43	307.81	48.21	0.955543065
307.81	311.93	146.31	1.010861838
311.93	312.89	35.33	0.935523081
312.89	314.07	43.73	0.90894084
314.07	314.61	17.58	0.910668978
314.61	315.53	34.32	0.916897766
315.53	318.97	122.02	1.020219422
318.97	320.25	41.16	0.88361307
320.25	321.53	46.02	0.900334938
321.53	322.43	108.2240269	0.898251695
322.43	323.29	30.8621787	0.901058366
323.29	323.69	14.85620563	0.887267673
323.69	324.59	30.78149327	0.899290485
324.59	325.63	36.47990208	0.898530379
325.63	326.45	29.12744186	0.925654423
326.45	330.53	145.1833537	1.013056127
330.53	332.89	87.46301102	0.947761572
332.89	337.85	183.700563	1.078425796
337.85	339.23	47.30183599	0.939875296
339.23	339.93	26.92876377	0.95104799
339.93	342.75	105.829033	1.513438409
342.75	343.03	10.73116279	0.956095891
343.03	343.89	32.04220318	1.014097339
343.89	344.67	27.56416157	1.000816666
344.67	344.85	7.191089351	0.919819982
344.85	345.07	8.036941055	0.920234816
345.07	345.47	13.9506734	0.925409978
345.47	346.49	36.37659933	1.043647005
346.49	348.55	71.10280584	1.311084701
348.55	349.79	43.20145903	1.097532011
349.79	350.47	21.73664422	0.983475978
350.47	351.67	44.91010101	1.091680906
351.67	352.47	26.58103255	0.960501479
352.47	352.65	5.388047138	0.878335613
352.65	365.21	429.3254209	5.765414003
365.21	369.57	171.9808359	2.455018113
369.57	371.55	70.60123288	1.34303634
371.55	371.73	7.686329558	0.957746257
371.73	372.3	18.6765704	0.985151128
372.3	376.85	164.3872202	2.486272677
376.85	379.55	103.4587365	1.789582982
379.55	380.81	51.40927798	1.274858477
380.81	385.01	167.6901805	2.547447182
385.01	388.31	163.0445768	2.37916272
388.31	389.11	44.49138889	1.314636268
389.11	389.75	34.0275	1.314026343
389.75	390.37	32.09	1.311597868
390.37	394.33	185.1224528	2.700954163
394.33	399.73	259.005283	3.365285628
399.73	402.35	135.0128302	2.036920243
402.35	404.45	114.0075472	1.85657033
404.45	406.46	94.12226415	1.668942303
406.46	407.8	68.55245283	1.53445539
407.8	408.44	31.78264151	1.325597333
408.44	410.02	88.26867925	1.67716193
410.02	414.06	206.5554717	2.806523925
414.06	417.95	206.090566	2.792515158
417.95	419.68	84.22340781	1.584353896
419.68	422.21	109.9807018	1.987445654
422.21	424.41	94.40789474	1.363337404
424.41	425.14	31.66780702	1.211745236
425.14	425.59	24.46	1.271552724
425.59	427.59	92.73777251	1.342403176
427.59	427.86	15.94336493	1.204206544
427.86	428.78	41.0485782	1.205437455
428.78	430.06	55.52009205	1.218737119
430.06	430.83	36.17307692	1.116378966
430.83	431.18	19.29230769	1.147281296
431.18	431.78	31.50865385	1.15188002
431.78	432.29	23.18461538	1.201934366
432.29	432.92	26.36826923	1.206437853
432.92	433.6	33.43365385	1.269683406
433.6	434.35	41.28173077	1.251835116
434.35	435.23	45.15288462	1.264209533
435.23	436.67	72.875	1.292042229
436.67	437.16	24.44690196	1.256123855
437.16	437.45	13.65537255	1.254484294
437.45	441.9	225.9718922	1.670873196
441.9	452.55	509.0734804	2.94953859
452.55	455.46	171.1476614	1.616869751
455.46	455.98	28.36246772	1.560219019
455.98	457.2	65.80803443	1.664902163
457.2	458.66	74.43682096	1.742931458
458.66	459.03	19.50789474	1.629520653
459.03	459.83	41.24028509	1.637602005
459.83	464.53	261.8475535	2.047011107
464.53	464.81	18.1460536	1.691332953
464.81	472.67	498.4720925	3.016474101
472.67	482.92	667.3110401	3.708876095
482.92	484.42	102.1017949	1.873214123
484.42	485.07	45.81878535	1.777139556
485.07	485.42	19.38603393	1.84833156
485.42	485.96	40.87902631	1.839070268
485.96	488.82	213.0749939	2.149643291
488.82	489.08	18.84165232	1.885506527
489.08	491.7	184.535284	2.079881419
491.7	492.55	58.54118515	1.804041493
492.55	493.14	41.76616671	1.679700107
493.14	493.39	18.26702729	1.743415218
493.39	496.95	235.8583723	2.108957088
496.95	500.15	243.5301205	2.280776486
500.15	504.06	296.2847308	2.437546933
504.06	505.75	137.0127858	2.170659933
505.75	506.33	46.65552004	2.109054433
506.33	511.51	420.6255225	2.993925009
511.51	515.06	283.6127367	2.481256234
515.06	515.29	12.2284239	2.045808718
515.29	515.5	17.13793951	2.026552084
515.5	515.81	24.0132776	2.03844093
515.81	517.21	111.0840915	2.129335194
517.21	519.6	195.3523482	2.139713345
519.6	523.73	301.4462749	2.457061427
523.73	523.93	13.6095402	2.067869703
523.93	525.14	93.7848537	2.128711359
525.14	526.36	96.15392181	2.176049125
526.36	528.69	184.5957708	2.127113104
528.69	531.08	179.3737399	2.205635704
531.08	532.12	85.86107696	2.052552146
532.12	536.09	302.9181215	2.470322872
536.09	539.54	250.7381362	2.289984927
539.54	542.1	195.9471355	2.100200304
542.1	544.2	161.1470371	2.173612137
544.2	545.21	68.24932383	1.879338803
545.21	548.78	264.8819769	2.340519573
548.78	550.42	117.5965085	2.30897043
550.42	551.02	42.47184657	1.989853621
551.02	554.98	279.3786575	2.394747894
554.98	557.89	206.5424146	2.142002276
557.89	559.11	91.01253996	2.012709789
559.11	559.79	47.62330956	1.909968166
559.79	560.24	34.96139661	1.984291214
560.24	562.19	137.9906565	1.969557029
562.19	563.02	58.74280797	1.947196881
563.02	564.82	139.3012048	2.085448181
564.82	565.9	74.81214655	1.927631517
565.9	571.65	454.3872633	2.96369807
571.65	572.6	84.44971724	2.282538016
572.6	572.82	20.01571951	2.110998139
572.82	572.97	9.864594595	2.078577047
572.97	573.74	59.9409009	2.057543849
573.74	575.87	181.0646847	2.270314361
575.87	576.44	51.46081081	2.261401811
576.44	577.18	61.1218018	2.266698511
577.18	577.91	59.38099099	2.206541765
577.91	578.55	52.48900901	2.120580452
578.55	579.65	100.1424324	2.217252469
579.65	580.4	54.07711712	2.111593001
580.4	580.58	15.7690991	2.26149746
580.58	580.8	19.04711712	2.276649738
580.8	582.09	110.4447748	2.300676171
582.09	582.23	15.80642771	2.200638748
582.23	582.65	27.15508197	2.200958475
582.65	583.26	48.55563934	2.238563024
583.26	583.76	42.28154098	2.117724049
583.76	585.42	130.8247541	2.215409614
585.42	586.02	49.54577049	2.133101725
586.02	586.85	73.49404042	2.075454245
586.85	588.03	99.71454545	2.222910492
588.03	588.11	9.995427939	2.256132367
588.11	589.26	91.63444109	2.30948321
589.26	589.63	29.15471299	2.261766853
589.63	589.97	25.64829305	2.248663471
589.97	590.12	8.13489426	2.320323852
590.12	590.41	28.34122356	2.27022057
590.41	590.87	38.79503021	2.289097744
590.87	592.45	120.4525378	2.349277208
592.45	594	120.3029305	2.268463411
594	594.91	70.09099698	1.907240382
594.91	596.46	124.894003	1.877049348
596.46	598.05	120.415136	1.920953611
598.05	599.76	138.1248943	2.199806796
599.76	601.89	175.3677492	2.39434053
601.89	602.06	11.52910876	2.462109983
602.06	603.07	93.54193353	2.509867562
603.07	603.43	31.40817221	2.4096176
603.43	609.46	480.014864	3.542399495
609.46	610.86	100.3490634	2.070411576
610.86	611.42	46.96732628	2.255589619
611.42	612.99	124.8014675	2.519577151
612.99	615.03	158.9452639	2.491959653
615.03	616.68	122.7212268	2.245133783
616.68	618.18	109.7499287	2.243389785
618.18	619.2	79.6928816	2.173633126
619.2	619.88	61.65215331	2.084048925
619.88	621.67	146.7161134	2.13925692
621.67	623.93	157.9480162	2.498977546
623.93	626.03	147.4965182	2.404638841
626.03	626.42	35.088583	2.061370284
626.42	627.29	70.33173984	2.084169858
627.29	636.03	667.9592208	3.733651448
636.03	636.57	42.54718127	1.863977291
636.57	643.66	521.6934002	3.141892492
643.66	646.85	241.5304701	2.161566262
646.85	647.13	21.88561811	2.227186406
647.13	656.23	656.8798607	3.910893983
656.23	659.63	240.8974579	22.76330404
659.63	661.91	186.9150087	2.373519775
661.91	666.43	437.3076494	4.065836322
666.43	671.19	403.8049867	7.310657089
671.19	671.95	72.33010526	2.566735912
671.95	672.38	38.38619883	2.518145024
672.38	674.21	161.7934503	2.401141032
674.21	675.11	64.59756725	4.776460565
675.11	681.39	449.5839532	37.40455196
681.39	681.76	35.02926629	3.533687089
681.76	681.95	15.29989691	2.515684527
681.95	682.73	64.57473744	5.548493282
682.73	692.39	703.1201795	48.65515083
692.39	694.81	188.2880658	3.510523158
694.81	698.63	310.1745928	3.848408654
698.63	699.3	34.91254144	2.25192279
699.3	700.07	61.56036832	2.381012663
700.07	701.25	82.89128913	2.506902419
701.25	701.43	19.5699763	2.218312689
701.43	702.61	96.30118863	2.632799733
702.61	703.24	51.59307494	2.410106824
703.24	706.43	261.6064599	4.895702759
706.43	707.94	122.8525823	3.28992815
707.94	709.11	86.5076962	2.618337587
709.11	711.79	200.0373418	6.570452744
711.79	712.92	75.09361797	3.290678465
712.92	714.39	109.7129677	4.301776997
714.39	715.11	49.63330417	2.726912741
715.11	715.92	49.83238223	2.660948909
715.92	716.31	38.03438762	2.449189273
716.31	716.73	30.74184388	2.32189417
716.73	717.05	20.51551817	2.173785485
717.05	717.44	28.6881965	2.270642195
717.44	718.47	72.82065949	2.926369462
718.47	719.13	46.8566891	2.396789311
719.13	721.93	205.3961709	6.096595483
721.93	724.43	180.8362248	5.223702657
724.43	727.4	201.0793203	5.775180217
727.4	727.9	37.81435397	2.435013792
727.9	728.61	51.91746299	2.547395207
728.61	729.68	82.97364065	2.991985911
729.68	733.37	278.4726848	7.756459286
733.37	733.61	16.86590909	2.193462453
733.61	733.81	12.23477273	2.09219443
733.81	734.4	40.55272727	2.423319527
734.4	734.97	35.055	2.328877787
734.97	735.63	56.67318182	2.657043116
735.63	737.53	142.9169979	4.777011958
737.53	744.11	512.9253097	17.03072231
744.11	744.47	33.64972271	2.15955355
744.47	746.01	114.072	4.610015582
746.01	746.27	17.68666667	1.880358242
746.27	746.75	36.0032381	2.182126065
746.75	750.22	216.0663401	2.090841733
750.22	751.55	89.97344217	2.458773972
751.55	751.97	22.89371217	2.128129858
751.97	752.19	15.38376597	2.112232587
752.19	753.16	67.89274378	2.482505058
753.16	755.51	182.3107666	4.310728738
755.51	756.93	99.58006725	2.891575047
756.93	758.31	82.639731	2.690944821
758.31	759.15	53.44898453	2.291593332
759.15	760.44	75.80699395	2.67733076
760.44	762.38	126.5673571	3.790357008
762.38	763.76	81.24488231	2.780017986
763.76	767.55	240.2172024	6.369159757
767.55	767.89	25.0264156	2.016887224
767.89	768.09	9.511250841	1.926723249
768.09	769.04	72.18847344	2.599756541
769.04	772.97	273.3499126	6.288388102
772.97	775.39	204.5301936	3.966807788
775.39	776.61	110.9613507	2.691695562
776.61	778.97	150.889001	2.431265377
778.97	784.22	432.7731028	6.297575355
784.22	786.14	140.2173775	2.388985286
786.14	787.8	125.7516042	2.466026303
787.8	789.43	110.3534486	2.272760001
789.43	791.17	138.7138038	2.123051172
791.17	792.49	96.23142202	2.030873395
792.49	796.07	269.3407977	5.731536617
796.07	799.67	251.1494186	7.308244096
799.67	800.59	69.12825581	2.856930887
800.59	800.91	26.89383721	2.208117128
800.91	801.51	40.88590116	2.400313782
801.51	801.91	37.56872924	2.306839017
801.91	802.43	37.86493506	2.314412722
802.43	804.17	139.6728361	3.665584026
804.17	805.88	163.3281675	4.050448167
805.88	807.55	144.8613613	3.866334115
807.55	808.71	98.53947644	3.532078343
808.71	810.91	173.2974729	5.580903443
810.91	812.14	96.48782979	3.689947763
812.14	814.41	176.8057872	5.907049731
814.41	815.09	50.81098493	2.838325121
815.09	816.03	76.63766667	3.361407182
816.03	817.31	95.5555	3.707429465
817.31	817.61	27.5360857	2.461922925
817.61	818.55	78.42620087	3.230717953
818.55	819.1	37.81152838	2.484523428
819.1	821.02	142.9191266	3.013619101
821.02	826.47	441.6806987	8.369228727
826.47	827.63	123.008559	3.403930007
827.63	829.11	120.1538865	3.421041862
829.11	830.92	150.5144105	4.064805872
830.92	831.73	58.32693651	2.647325769
831.73	832.67	94.09355769	3.005405316
832.67	834.61	161.3832523	3.834761057
834.61	836.74	201.1089283	3.90115719
836.74	837.69	85.68214559	3.012031891
837.69	842.17	394.0539398	7.076702201
842.17	843.43	113.9803333	2.808650452
843.43	844.48	96.34428246	2.699872941
844.48	844.82	31.72783599	2.264497618
844.82	846.4	137.8776082	2.955006988
846.4	847.25	73.29170843	2.471470688
847.25	848.43	106.2811002	2.673940472
848.43	849.81	113.3414884	2.829351807
849.81	852.62	233.3836047	3.845079467
852.62	854.95	195.7562791	3.193099006
854.95	855.54	50.31418605	2.260457807
855.54	856.53	86.80186047	2.357241925
856.53	857.96	103.3039783	2.430244739
857.96	858.99	71.07989822	2.152531043
858.99	860.61	116.6554707	2.370235891
860.61	861.33	50.65393745	2.145838787
861.33	863.11	125.8223923	2.27851377
863.11	864.06	64.40923994	2.274202076
864.06	864.99	83.79383089	2.338592294
864.99	865.41	35.14788611	2.30709914
865.41	866.93	110.6840811	2.36719243
866.93	867.63	64.31427955	2.200568108
867.63	867.87	15.24486626	2.10796703
867.87	874.21	438.2899051	2.154883988
874.21	875.67	125.2937446	2.199563877
875.67	877.06	88.02851596	2.320523723
877.06	878.73	129.6978171	2.647278459
878.73	879.79	87.34037964	2.181137151
879.79	880.4	45.20526316	2.148858511
880.4	883.54	243.5243944	2.246386745
883.54	885.19	160.9638647	3.443731952
885.19	886.58	131.2108213	3.799234663
886.58	886.89	28.99942029	2.715223992
886.89	887.76	65.0175942	3.550170237
887.76	889.94	186.5300741	8.291765951
889.94	890.59	64.30903704	3.389713299
890.59	896.68	577.8957972	3.269565147
896.68	897.95	113.4546037	3.28155451
897.95	903.16	425.2742476	8.284031461
903.16	905.03	149.4225111	4.431130137
905.03	906.76	141.1904064	4.363273828
906.76	909.22	211.3158994	5.999209478
909.22	911.25	180.8603754	5.478250319
911.25	912.91	152.5539306	4.847133245
912.91	916.21	312.8036119	8.805592981
916.21	919.19	252.097238	7.555435176
919.19	920.23	91.47914306	3.781647773
920.23	921.41	104.3940864	4.008304227
921.41	922.64	107.5167882	3.723418186
922.64	924.26	164.7006693	4.559321339
924.26	924.44	8.729575071	2.71945497
924.44	925.13	55.57648725	3.100146943
925.13	927.44	166.611983	5.186357371
927.44	929.41	140.829915	4.216665868
929.41	929.81	30.2733711	2.856029806
929.81	931.81	165.5004533	4.490729564
931.81	934.96	225.8574221	4.756343897
934.96	936.43	116.6383286	2.908499401
936.43	936.97	46.22956378	2.508340602
936.97	939.85	228.3699581	3.256957564
939.85	941.97	173.5075084	2.519531966
941.97	942.24	26.61399329	2.53344778
942.24	942.46	20.49246644	2.53344778
942.46	943.19	64.70006711	2.490771231
943.19	944.38	94.82969799	2.414663036
944.38	946.46	158.1651426	2.418300234
946.46	946.65	18.33374161	2.183569329
946.65	948.38	131.2890185	2.402670145
948.38	951.08	213.3899291	5.466090283
951.08	955.57	383.0526342	10.61799782
955.57	956.05	37.23243243	2.577078584
956.05	958.45	195.3705405	5.672682987
958.45	961	188.4197996	5.469896151
961	961.79	56.92810345	2.906648031
961.79	962.06	21.00724138	2.629905469
962.06	963.19	97.05258621	3.452691387
963.19	968.95	471.9784212	12.13382924
968.95	974.53	532.4190399	12.15009854
974.53	976.43	139.430908	3.994670302
976.43	979.43	241.3728167	5.914560214
979.43	982.55	231.339734	6.576200237
982.55	983.67	93.13371793	3.86492238
983.67	983.99	22.02711864	2.992962579
983.99	985.39	120.3859322	4.375168568
985.39	986.43	76.8259322	3.52328327
986.43	989.06	203.2326331	5.914957734
989.06	991.01	130.2246598	4.398828758
991.01	993.86	225.3091716	6.562118302
993.86	996.18	200.383713	6.058126315
996.18	997.69	122.6874112	4.852710714
997.69	998.7	79.48594065	4.1255268
998.7	1000.01	96.29994118	4.024465889
1000.01	1002.63	198.4381732	15.75762264
1002.63	1008.66	441.5547945	34.80173048
1008.66	1010.27	146.1164384	9.879577237
1010.27	1010.89	38.85616438	4.342022138
1010.89	1012.76	136.919164	23.86369392
1012.76	1016.45	228.9717949	31.95151258
1016.45	1018.19	103.3285714	3.686053839
1018.19	1024.89	494.3314286	37.04991425
1024.89	1026.06	123.8571429	11.90651568
1026.06	1028.27	203.4342857	15.87205204
1028.27	1029.85	190.3971429	10.64841159
1029.85	1035.67	664.6285714	13.87424232
1035.67	1039.28	412.9714286	6.92960181
1039.28	1042.66	351.0857143	7.34688029
1042.66	1046.49	450.1285714	6.5274617