NG2-TALDICE_TALDICE
606.6197
619.24265
645.2138
654.69
662.1985
666.74
692.8
695.5111
713.1655
717.1847499999999
720.4048
725.67785
736.1168
741.4846
759.61426
766.0942
767.7046
773.2282
786.55675
804.47635
832.6777
837.17
843.268575
844.775075
849.47285
852.7045250000001
863.6472
886.95318
890.9
893.0500999999999
898.4
898.58315
905.9506
908.84087
912.39
913.9723
915.82
919.64
922.2397
928.73855
933.9
935.311065
940.346235
948.24145
948.71497
954.64557
956.7564
966.743475
969.24
972.18308
976.25918
979.45983
984.68575
985.85
993.190125
996.6311
1002.32965
1003.63086
1007.25638
1008.8337
1012.2939
1013.18866
1014.6379
1016.27013
1016.94
1018.7479
1021.32
1028.38
1032.0540999999998
1034.2954
1042.9017
1045.2232
1046.5603
1048.5496
1054.9244
1064.79
1069.4747
1070.1309
1072.9110500000002
1085.6603
1088.6617
1097.7233
1098.6907
1100.30355
1104.8169
1110.65845
1113.91
1114.84
1116.24
1126.4641
1128.11925
1129.136
1131.2186000000002
1134.5295
1140.5064
1144.52
1145.7373
1147.2226500000002
1154.3309
1159.079
1177.9481
1181.26585
1183.4676
1190.93
1199.7054
1205.459
1207.43015
1215.6733
1219.21
1221.7092
1224.5736
1227.3228
1228.8572
1230.15
1234.5045
1242.2386
1242.39245
1243.21
1245.26
1248.92
1249.7577
1250.26
1250.5653
1252.19
1256.5894
1257.3143
1259.133
1259.9182
