GISP2-GRIP_GISP2
33.047
46.33
54.507
57.16
58.228
62.79
64.348
72.111
76.574
77.685
79.486
85.924
94.943
100.201
102.63
108.832
118.582
127.082
140.11
141.107
142.558
148.711
152.702
179.998
193.245
199.612
206.042
217.252
219.577
233.885
251.785
253.421
258.023
272.342
274.945
280.411
286.346
311.176
313.877
328.632
340.496
359.633
362.613
374.423
377.538
378.27
381.832
384.922
409.021
416.912
436.747
453.396
480.92
489.284
500.776
509.122
514.603
519.779
521.91
523.36
541.556
549.42
550.62
556.906
563.094
565.992
567.182
568.035
571.353
583.5
588.116
589.41
590.061
597.648
598.253
600.108
606.707
607.92
609.763
611.597
675.338
693.989
694.702
716.994
738.559
739.247
759.111
762.935
766.877
774.522
778.824
781.864
807.156
811.506
818.757
819.071
828.459
875.957
877.297
925.426
925.913
935.751
937.995
943.417
977.716
1013.66
1058.252
1105.374
1108.135
1108.665
1118.097
1119.683
1122.511
1126.021
1129.793
1174.004
1178.63
1193.516
1197.419
1201.505
1206.516
1218.898
1239.98
1253.976
1269.645
1279.604
1287.552
1288.264
1300.059
1301.268
1304.509
1308.007
1313.799
1325.919
1327.328
1332.288
1333.075
1333.986
1334.455
1337.822
1346.383
1347.063
1348.414
1349.054
1349.985
1353.039
1354.018
1355.173
1357.814
1359.089
1362.615
1363.823
1364.673
1371.746
1373.681
1374.327
1381.001
1383.44
1383.834
1384.688
1386.07
1386.957
1389.858
1390.201
1390.387
1391.15
1392.612
1394.385
1399.186
1401.443
1402.579
1403.436
1404.456
1405.649
1406.334
1406.932
1407.136
1409.04
1410.037
1413.178
1413.664
1421.933
1422.372
1422.567
1423.236
1425.117
1426.9
1427.297
1428.082
1428.872
1429.732
1432.114
1433.155
1434.087
1434.436
1435.504
1437.028
1438.105
1438.504
1439.689
1440.503
1441.016
1441.585
1443.503
1444.271
1444.668
1445.479
1446.221
1446.604
1447.561
1449.42
1450.142
1450.372
1450.855
1452.334
1454.964
1455.254
1456.943
1459.141
1459.424
1460.873
1461.114
1462.655
1463.683
1465.571
1467.599
1468.616
1469.576
1469.963
1470.83
1473.386
1474.122
1476.479
1477.875
1478.646
1479.271
1479.532
1480.947
1482.432
1483.414
1484.509
1485.621
1485.844
1487.188
1487.455
1487.962
1492.322
1496.828
1497.41
1500.572
1500.806
1501.824
1502.445
1504.888
1507.855
1508.242
1509.189
1511.356
1512.371
1512.808
1513.13
1514.464
1514.738
1516.222
1518.048
1518.432
1518.714
1519.167
1519.851
1520.17
1523.784
1525.729
1526.143
1527.483
1527.988
1528.863
1532.725
1533.135
1534.289
1534.843
1535.884
1538.445
1539.09
1542.035
1543.164
1544.94
1546.83
1547.675
1548.001
1549.696
1551.173
1552.782
1554.336
1554.799
1555.442
1556.242
1556.932
1558.357
1559.117
1561.38
1561.693
1563.495
1564.149
1564.623
1565.151
1565.774
1566.833
1567.674
1568.786
1569.214
1570.585
1573.154
1573.857
1574.543
1575.216
1575.712
1577.804
1578.133
1579.444
1580.503
1583.701
1586.947
1587.851
1589.592
1591.116
1592.599
1593.818
1594.695
1596.068
1597.2065
1599.487
1602.168
1602.868
1604.034
1605.008
1605.986
1606.924
1607.655
1610.722
1614.36
1622.55
1625.233
1625.897
1627.373
1628.329
1629.351
1632.094
1632.259
1637.925
1638.825
1639.775
1640.914
1644.461
1646.889
1648.322
1648.529
1648.904
1651.42
1652.256
1653.8735
1654.409
1655.627
1656.079
1657.798
1659.382
1660.263
1661.737
1661.903
1663.536
1663.795
1663.8427
1663.864
1665.057
1665.689
1665.978
1666.62
1667.661
1668.252
1668.84
1669.733
1669.912
1670.202
1670.55
1670.865
1671.012
1671.23
1671.493
1672.462
1672.948
1673.637
1673.965
1674.276
1674.706
1675.467
1675.835
1676.233
1676.815
1677.391
1678.2645
1679.344
1679.536
1680.143
1681.158
1681.543
1681.856
1686.644
1687.767
1689.478
1690.03
1690.393
1692.26
1693.224
1694.24
1704.435
1708.641
1711.24
1711.944
1712.406
1713.027
1713.915
1715.71
1717.2845
1718.666
1719.32
1720.178
1722.867
1725.7435
1725.996
1726.768
1727.499
1728.194
1729.228
1729.564
1730.724
1732.024
1733.542
1737.675
1744.2355
1745.64
1746.141
1747.379
1749.271
1750.688
1751.716
1752.485
1753.923
1756.126
1757.26
1758.008
1758.817
1759.379
1761.363
1763.83
1765.098
1766.302
1766.964
1767.997
1769.173
1770.461
1771.5
1772.715
1773.586
1774.64
1775.621
1776.507
1779.545
1780.428
1781.957
1782.647
1784.15
1786.813
1787.355
1788.091
1788.625
1790.05
1791.766
1793.947
1794.47
1794.932
1798.1845
1798.97
1799.765
1800.742
1802.804
1804.23
1805.4015
1812.8555
1818.883
1821.266
1821.52
1835.425
1838.5995
1883.032
1890.106
1894.734
1905.306
1908.756
1910.686
1915.734
1922.771
1932.034
1963.6545
1990.984
2006.76
2012.055
2030.736
2033.89
2049.958
2050.57
2051.97
2054.066
2054.615
2057.05
2057.246
2057.845
2059.4945
2066.167
2074.094
2075.171
2086.3805
2087.71
2099.524
2108.904
2109.919
2117.0625
2117.397
2121.227
2123.048
2123.751
2124.273
2124.953
2125.402
2125.7195
2126.505
2127.054
2143.769
2144.618
2145.497
2154.736
2158.396
2160.0615
2160.814
2162.493
2163.74
2164.69
2167.454
2168.047
2169.024
2169.328
2169.777
2171.774
2172.325
2174.438
2174.842
2177.626
2179.141
2188.78
2192.112
2194.751
2197.575
2200.359
2202.735
2203.041
2204.927
2206.65
2207.089
2208.458
2209.189
2210.555
2211.06
2211.342
2213.29
2216.026
2216.48
2217.6545
2218.736
2221.395
2221.931
2224.844
2225.839
2228.114
2228.263
2229.236
2229.705
2229.946
2230.152
2230.925
2231.38
2232.367
2234.17
2239.51
2256.325
2265.605
2268.95
2269.609
2271.775
2274.583
2283.78
2285.254
2286.773
2291.139
2292.248
2293.999
2294.542
2294.884
2299.215
2301.729
2302.051
2302.572
2303.157
2303.784
2305.5
2315.01
2315.648
2316.054
2317.1395
2317.671
2320.3515
2320.635
2322.025
2322.765
2323.094
2324.672
2328.502
2330.224
2332.159
2332.678
2333.058
2335.384
2335.871
2337.39
2337.88
2339.058
2340.206
2341.167
2341.816
2343.475
2343.965
2345.083
2346.068
2348.228
2350.275
2352.542
2353.355
2354.823
2355.188
2355.483
2356.445
2357.293
2362.9485
2368.098
2369.497
2372.897
2374.002
2379.202
2380.538
2381.077
2382.319
2382.884
2384.321
2386.05
2396.6955
2398.5
2401.257
2401.829
2405.996
2408.804
2409.163
2411.077
2412.043
2414.165
2414.484
2415.193
2416.288
2416.542
2417.871
2418.677
2420.996
2421.67
2422.013
2422.904
2423.424
2424.023
2425.618
2425.84
2427.898
2429.299
2429.853
2430.163
2431.619
2432.39
2433.431
2434.443
2437.318
2438.403
2439.636
2439.988
2441.622
2442.292
2444.874
2445.731
2446.336
2447.483
2448.786
2449.19
2450.095
2450.775
2451.693
2454.1835
2454.467
2462.903
2464.255
2466.244
2467.468
2467.875
2468.521
2474.331
2474.901
2480.283
2481.463
2482.037
2482.273
2483.067
2485.052
2486.457
2488.355
2489.829
2490.051
2491.649
2493.25
2493.737
2493.924
2497.47
2498.98
2500.615
2503.7
2505.645
2505.941
2506.722
2522.96
2532.45
2561.291
2570.776
2571.858
2573.688
2576.369
2578.57
2579.322
2583.224
2591.095
2591.636
2593.013
2593.868
2594.937
2595.533
2598.504
2602.63
2602.73
2603.132
2606.166
2607.22
2607.455
2607.909
2608.577
2611.474
2620.892
2621.88
2623.528
2624.088
2626.763
2629.957
2632.246
2632.4
2635.589
2636.28
2640.232
2640.711
2642.275
2643.914
2644.83
2647.777
2649.541
2651.9
2653.375
2654.82
2656.747
2658.348
2660.27
2660.905
2661.524
2662.2815
2666.11
2671.978
2673.537
2675.063
2678.025
2678.682
2691.79
2695.54
2698.934
2700.875
2704.245
2704.756
2708.2235
2710.964
2713.731
2714.164
2715.066
2717.206
2718.37
2720.352
2722.483
2726.241
2727.494
2728.092
2729.049
2729.558
2729.718
2729.897
2730.86
2738.6
2748.815
2756.88
