GISP2-GRIP_GRIP
30.62
43.153
50.887
53.407
54.51
58.696
60.217
67.345
71.679
72.66
74.297
80.384
88.99
93.852
95.911
102.057
110.961
118.883
131.185
132.165
133.506
139.361
143.147
168.836
181.382
187.276
193.26
203.746
205.949
219.532
236.622
238.209
242.398
256.127
258.548
263.77
269.401
293.208
295.56
309.634
320.826
339.821
342.632
353.835
356.668
357.317
360.789
363.582
386.867
394.24
413.241
429.082
455.319
463.335
474.25
482.431
488.019
493.026
495.148
496.54
513.319
520.143
521.216
526.677
534.105
537.032
538.043
538.881
542.039
553.42
557.915
559.171
559.781
566.991
567.608
569.365
575.685
576.878
578.665
580.538
641.734
659.752
660.359
680.827
701.851
702.625
721.738
725.468
729.514
736.469
740.562
743.423
768.638
772.741
779.447
779.778
788.494
835.012
836.316
882.653
883.104
891.88
894.091
899.532
931.785
966.075
1007.837
1054.615
1057.3
1057.813
1066.996
1068.542
1071.26
1074.603
1078.332
1122.099
1126.512
1141.405
1145.09
1148.964
1153.779
1165.756
1186.592
1200.504
1215.664
1225.086
1232.34
1233.044
1244.305
1245.477
1248.674
1252.09
1257.677
1269.433
1270.842
1275.675
1276.43
1277.359
1277.805
1281.033
1289.342
1289.999
1291.291
1291.906
1292.837
1295.798
1296.807
1297.89
1300.498
1301.705
1305.126
1306.285
1307.126
1313.695
1315.464
1316.103
1322.74
1325.024
1325.412
1326.232
1327.615
1328.447
1331.248
1331.612
1331.806
1332.575
1334.012
1335.716
1340.395
1342.654
1343.771
1344.622
1345.634
1346.787
1347.463
1348.063
1348.254
1350.138
1351.09
1354.21
1354.683
1362.841
1363.329
1363.492
1364.152
1366.036
1367.811
1368.187
1368.96
1369.766
1370.591
1372.949
1373.966
1374.861
1375.25
1376.324
1377.85
1378.896
1379.253
1380.488
1381.3
1381.794
1382.418
1384.144
1384.938
1385.333
1386.236
1386.981
1387.374
1388.306
1390.144
1390.859
1391.105
1391.595
1393.08
1395.693
1395.976
1397.667
1399.868
1400.116
1401.593
1401.833
1403.376
1404.403
1406.279
1408.295
1409.348
1410.311
1410.718
1411.58
1414.162
1414.89
1417.34
1418.715
1419.496
1420.09
1420.391
1421.83
1423.376
1424.376
1425.504
1426.643
1426.865
1428.204
1428.478
1428.953
1433.403
1438.04
1438.606
1441.839
1442.106
1443.027
1443.659
1446.154
1449.259
1449.632
1450.604
1452.82
1453.855
1454.322
1454.672
1456.003
1456.274
1457.846
1459.613
1460.029
1460.314
1460.771
1461.446
1461.741
1465.38
1467.339
1467.713
1469.113
1469.637
1470.514
1474.384
1474.803
1476.004
1476.512
1477.551
1480.062
1480.723
1483.665
1484.822
1486.612
1488.498
1489.309
1489.677
1491.386
1492.823
1494.453
1496.02
1496.46
1497.089
1497.875
1498.562
1499.965
1500.755
1502.978
1503.2745
1505.063
1505.682
1506.19
1506.759
1507.353
1508.402
1509.238
1510.343
1510.77
1512.179
1514.736
1515.417
1516.076
1516.792
1517.287
1519.377
1519.717
1521.072
1522.093
1525.311
1528.585
1529.472
1531.273
1532.805
1534.333
1535.577
1536.464
1537.873
1539.0525
1541.405
1544.169
1544.888
1546.086
1547.066
1548.124
1549.089
1549.828
1553.043
1556.84
1565.482
1568.322
1569.01
1570.574
1571.599
1572.716
1575.657
1575.845
1581.884
1582.771
1583.863
1585.0795
1588.857
1591.454
1592.965
1593.195
1593.606
1596.267
1597.178
1598.9
1599.467
1600.751
1601.213
1603.025
1604.748
1605.694
1607.202
1607.38
1609.156
1609.435
1609.4783
1609.5175
1610.739
1611.405
1611.736
1612.372
1613.454
1614.064
1614.686
1615.619
1615.825
1616.125
1616.486
1616.821
1616.973
1617.201
1617.481
1618.466
1618.985
1619.709
1620.031
1620.366
1620.808
1621.569
1621.972
1622.299
1622.973
1623.553
1624.449
1625.651
1625.816
1626.516
1627.543
1628.029
1628.338
1633.481
1634.636
1636.505
1637.1
1637.499
1639.5365
1640.521
1641.69
1652.898
1657.5155
1660.462
1661.219
1661.702
1662.378
1663.325
1665.33
1666.9955
1668.483
1669.26
1670.131
1673.107
1676.25
1676.545
1677.337
1678.13
1678.816
1679.975
1680.369
1681.628
1683.012
1684.632
1689.134
1696.1355
1697.69
1698.208
1699.546
1701.589
1703.137
1704.203
1705.074
1706.584
1708.951
1710.171
1710.953
1711.774
1712.438
1714.47
1717.198
1718.537
1719.855
1720.576
1721.672
1722.902
1724.264
1725.4
1726.675
1727.586
1728.708
1729.813
1730.729
1733.961
1734.935
1736.485
1737.255
1738.837
1741.723
1742.295
1743.074
1743.617
1745.166
1746.981
1749.324
1749.86
1750.351
1753.7615
1754.605
1755.48
1756.53
1758.71
1760.193
1761.4495
1769.5
1775.8215
1778.339
1778.62
1793.372
1796.7195
1840.777
1847.868
1852.61
1863.668
1867.33
1869.385
1874.755
1882.23
1892.176
1926.337
1955.952
1973.03
1978.578
1997.8225
2001.127
2018.284
2018.919
2020.432
2022.532
2023.14
2025.84
2025.984
2026.638
2028.261
2035.253
2043.406
2044.51
2055.9885
2057.359
2069.764
2079.365
2080.41
2087.83
2088.208
2092.237
2094.09
2094.825
2095.385
2096.109
2096.587
2096.916
2097.746
2098.329
2115.397
2116.21
2117.105
2125.671
2129.88
2131.4025
2132.205
2133.858
2135.061
2136.022
2138.67
2139.281
2140.202
2140.4815
2140.958
2142.902
2143.399
2145.43
2145.812
2148.487
2150.044
2159.12
2162.175
2164.674
2167.324
2169.916
2172.18
2172.476
2174.287
2175.9
2176.3
2177.607
2178.324
2179.623
2180.105
2180.366
2182.291
2184.888
2185.337
2186.45
2187.467
2190.004
2190.51
2193.328
2194.278
2196.477
2196.647
2197.548
2197.994
2198.237
2198.41
2199.15
2199.661
2200.507
2202.29
2207.53
2223.9335
2233.015
2236.198
2236.819
2238.904
2241.555
2250.53
2252.045
2253.538
2257.942
2259.05
2260.753
2261.311
2261.669
2265.9775
2268.522
2268.822
2269.322
2269.9295
2270.598
2272.289
2281.58
2282.2
2282.596
2283.667
2284.178
2286.7815
2287.047
2288.397
2289.153
2289.469
2291.0565
2294.724
2296.328
2298.217
2298.735
2299.092
2301.311
2301.78
2303.274
2303.741
2304.894
2306.013
2306.902
2307.503
2309.126
2309.612
2310.726
2311.667
2313.787
2315.757
2317.941
2318.729
2320.159
2320.513
2320.791
2321.738
2322.547
2328.032
2333.075
2334.375
2337.948
2339.026
2344.218
2345.535
2346.087
2347.3655
2347.914
2349.339
2351.03
2361.537
2363.259
2366.043
2366.6385
2370.81
2373.607
2373.974
2375.862
2376.822
2379.026
2379.332
2380.072
2381.159
2381.417
2382.789
2383.571
2385.928
2386.638
2386.987
2387.87
2388.396
2388.998
2390.604
2390.854
2393.0
2394.434
2395.006
2395.323
2396.845
2397.623
2398.678
2399.705
2402.586
2403.766
2405.096
2405.467
2407.168
2407.865
2410.514
2411.37
2411.964
2413.206
2414.584
2415.0035
2415.906
2416.594
2417.559
2420.1325
2420.448
2429.538
2431.0025
2433.037
2434.323
2434.762
2435.433
2441.592
2442.257
2447.875
2449.123
2449.785
2450.069
2450.9
2453.106
2454.474
2456.454
2458.0
2458.236
2459.907
2461.5965
2462.102
2462.296
2466.153
2467.749
2469.483
2472.687
2474.861
2475.174
2476.001
2493.81
2504.25
2534.436
2543.932
2545.142
2547.08
2549.772
2551.894
2552.669
2556.769
2564.67
2565.175
2566.5625
2567.46
2568.652
2569.207
2572.167
2576.28
2576.472
2576.822
2579.686
2580.65
2580.85
2581.306
2581.924
2584.706
2593.658
2594.65
2596.194
2596.742
2599.147
2602.312
2604.511
2604.73
2607.846
2608.54
2612.385
2612.846
2614.303
2615.81
2616.73
2619.745
2621.56
2623.96
2625.431
2626.732
2628.775
2630.636
2632.624
2633.347
2633.973
2634.717
2638.955
2644.714
2646.247
2647.61
2650.176
2650.789
2664.033
2668.238
2672.177
2674.373
2678.965
2679.721
2684.6975
2688.271
2691.299
2691.678
2692.515
2694.724
2695.896
2698.776
2701.827
2709.082
2711.863
2713.041
2714.767
2715.703
2716.077
2716.517
2718.675
2732.72
2751.498
2753.96
