NEEM-DF_DF
314.57
322.43
339.14
344.97
349.66
352.45
369.5049909
371.46
384.93
388.27
388.99
389.63
390.31
394.31
402.25
406.4
419.62
424.34
425.66
429.97
457.02
488.79
491.69
496.84
503.93
505.79
515.14
542.01
572.46
572.75
582.17
585.87
590.34
592.29
611.23
619.782267428027
636.3952726
643.53
659.48
666.29
671.04
681.01
701.01
706.27
718.91
721.68
733.04
735.39
744.19
746.51
750.0
767.61
772.69
776.242308626974
788.98
792.08
801.0
802.14
803.87
808.42
814.12
817.37
831.48
834.28
837.4
843.07
847.01
847.98
849.55
856.33
861.08
875.39
887.43
890.19
904.64
912.5
921.001
923.92
942.07
946.02
960.65
962.83
965.07
974.92
978.99
984.95
997.31
1010.42
1016.07
1017.73
1029.47
1052.1
1087.63
1095.7
1102.12
1123.38
1143.85
1149.61
1156.6
1157.73
1166.23
1167.29
1170.11
1179.97
1185.55
1190.42
1201.23
1207.35
1210.16
1224.9
1230.85
1243.32
1254.26
1264.5
1267.65
1270.78
1297.97
1351.34
1357.76
1359.17
1367.97
1409.88
1413.65
1437.74
1465.54
1466.97
1473.27
1502.15
1503.91
1512.94
1559.28
1563.42
