NEEM-DF_NEEM
1356.746
1370.02
1396.43
1404.23
1410.3
1413.86
1429.08
1430.56
1441.43
1445.007
1446.08
1447.056
1447.92
1452.02
1462.369
1467.49
1484.035
1489.466
1490.348
1493.302
1510.686
1532.52
1535.29
1539.73
1548.03
1550.3
1561.195
1585.4
1610.2
1610.41
1617.105
1619.62
1622.85
1624.3
1641.23
1647.55
1661.59
1665.98
1678.65
1683.32
1688.83
1696.18
1712.05
1717.88
1728.47
1730.51
1740.05
1742.65
1754.19
1757.3
1760.4
1771.08
1774.32
1777.73
1786.92
1790.006
1796.12
1796.74
1797.81
1801.8
1807.0
1809.58
1819.87
1822.12
1824.74
1829.657
1833.48
1834.824
1836.231
1843.675
1847.19
1854.62
1863.15
1865.65
1876.39
1882.7
1889.52
1891.996
1908.0
1911.415
1918.79
1919.82
1921.21
1927.3
1929.8
1933.35
1941.25
1948.9
1952.0
1952.65
1956.91
1965.61
1981.01
1984.52
1987.28
1995.66
2006.134
2009.768
2011.98
2012.38
2015.15
2015.44
2016.979
2022.73
2026.18
2029.18
2033.15
2035.74
2037.425
2046.0
2049.4
2057.0
2063.43
2069.7
2071.54
2073.3
2088.2
2118.662
2126.88
2128.87
2134.9
2162.12
2163.48
2171.4
2179.96
2180.45
2182.09
2188.66
2188.82
2190.3
2205.575
2206.03
