#PROGRAM: dep90.pas
#PROT: N: 1
#PROT: TE: -25
#PROT: T: 0.000
#PROT: DB: 1650 78.00 # end of core
#PROT: DB: 550 78.00 # bag cut
#PROT: DB: 1100 78.00 # bag cut
#PROT: DB: 75 78.00
#PROT: DB: 140 78.00
#PROT: DB: 265 78.00
#PROT: DB: 290 78.00
#PROT: DB: 495 78.00
#PROT: DB: 925 78.00
#PROT: DB: 1025 78.00
#PROT: DB: 1415 78.00
# depth c250k g250k c200k g200k c100k g100k c50k g50k 
     0.005   0.067450   4.342960   0.067500   4.305790   0.068412   4.062660   0.071127   3.475220 
     0.010   0.074916  10.011200   0.075208   9.880780   0.077747   9.040910   0.084201   7.469000 
     0.015   0.086014  18.224800   0.086717  17.894400   0.091712  16.198100   0.103546  13.127600 
     0.020   0.094604  24.233500   0.095521  23.787500   0.102441  21.425900   0.118100  17.249200 
     0.025   0.097932  26.213700   0.098984  25.779200   0.106491  23.277900   0.124000  18.718400 
     0.030   0.098962  26.750800   0.100027  26.316100   0.107757  23.807200   0.125784  19.103200 
     0.035   0.100098  27.686800   0.101214  27.243100   0.109319  24.620500   0.128135  19.622200 
     0.040   0.100878  28.586500   0.102061  28.125900   0.110590  25.300700   0.130113  20.051800 
     0.045   0.099046  27.778700   0.100258  27.274100   0.108855  24.304200   0.127753  19.032100 
     0.050   0.094043  24.491200   0.095223  23.964800   0.103198  20.947500   0.119500  15.966300 
     0.055   0.089725  21.595100   0.090860  21.007500   0.098318  17.909300   0.112715  13.259800 
     0.060   0.088536  20.918800   0.089731  20.327000   0.097279  17.052300   0.111118  12.317000 
     0.065   0.087900  20.549400   0.089094  19.930700   0.096656  16.596800   0.110380  11.818900 
     0.070   0.085430  18.439400   0.086514  17.847200   0.093386  14.814200   0.105734  10.455400 
     0.075   0.083098  16.501600   0.084066  15.974100   0.090263  13.234700   0.101425   9.272740 
     0.080   0.083281  16.793800   0.084232  16.274700   0.090440  13.574700   0.101948   9.618550 
     0.085   0.085200  18.579100   0.086232  18.060400   0.092947  15.249800   0.105727  10.997200 
     0.090   0.087403  20.460400   0.088517  19.914800   0.095843  16.899100   0.109926  12.267900 
     0.095   0.089707  22.312800   0.090919  21.734900   0.098916  18.487400   0.114311  13.435600 
     0.100   0.091816  24.034400   0.093167  23.369000   0.101784  19.880200   0.118434  14.435900 
     0.105   0.093706  25.523900   0.095114  24.879900   0.104260  21.191200   0.121953  15.406300 
     0.110   0.095439  26.945800   0.096887  26.293500   0.106443  22.511900   0.125055  16.537900 
     0.115   0.096682  27.826900   0.098122  27.120800   0.107778  23.379100   0.127015  17.337900 
     0.120   0.096825  27.688200   0.098229  27.052100   0.107730  23.376700   0.126933  17.439600 
     0.125   0.095567  26.243300   0.096893  25.624700   0.105793  22.262800   0.124146  16.696300 
     0.130   0.093031  23.524800   0.094171  23.012300   0.102021  20.115100   0.118470  15.203600 
     0.135   0.089192  19.747500   0.090096  19.349400   0.096539  17.033200   0.110321  12.992000 
     0.140   0.084453  15.336800   0.085105  15.036300   0.090005  13.347800   0.100796  10.270900 
     0.145   0.081533  12.516200   0.082021  12.341700   0.085908  11.029400   0.094863   8.561900 
     0.150   0.082508  12.716600   0.082966  12.517000   0.086754  11.323300   0.095832   8.943780 
     0.155   0.087471  15.859400   0.088034  15.638100   0.092487  14.319700   0.103518  11.606600 
     0.160   0.093447  19.843500   0.094106  19.614100   0.099360  18.129900   0.112795  14.972000 
     0.165   0.096116  21.620900   0.096795  21.407600   0.102339  19.867300   0.116752  16.554400 
     0.170   0.095155  20.950100   0.095818  20.749600   0.101153  19.264300   0.115014  16.089800 
     0.175   0.094105  20.266700   0.094746  20.041600   0.099879  18.642300   0.113226  15.560100 
     0.180   0.093660  20.023800   0.094297  19.783000   0.099329  18.404300   0.112414  15.373800 
     0.185   0.092780  19.465100   0.093366  19.260200   0.098253  17.876400   0.110961  14.940000 
     0.190   0.092649  19.352400   0.093226  19.138200   0.098133  17.768700   0.110721  14.857500 
     0.195   0.093414  20.035700   0.094053  19.774100   0.099045  18.382500   0.111949  15.387600 
     0.200   0.094002  20.529500   0.094631  20.282600   0.099646  18.892700   0.112614  15.887600 
     0.205   0.093333  20.105800   0.093929  19.895200   0.098718  18.556600   0.111093  15.689100 
     0.210   0.091767  19.034000   0.092323  18.803900   0.096754  17.574500   0.108201  14.936200 
     0.215   0.091815  19.022300   0.092339  18.816800   0.096656  17.598800   0.107905  15.024000 
     0.220   0.092814  19.663000   0.093386  19.427500   0.097741  18.202400   0.109078  15.598100 
     0.225   0.093077  19.821800   0.093613  19.625000   0.098032  18.364600   0.109295  15.712000 
     0.230   0.093516  20.111800   0.094060  19.911500   0.098483  18.640100   0.109734  15.988900 
     0.235   0.094437  20.773900   0.094993  20.553800   0.099471  19.278800   0.110910  16.619700 
     0.240   0.095235  21.317200   0.095811  21.123800   0.100334  19.819100   0.112016  17.072200 
     0.245   0.095759  21.591700   0.096329  21.358800   0.100904  20.081000   0.112633  17.336800 
     0.250   0.097774  22.889800   0.098348  22.692100   0.103040  21.373100   0.115186  18.644900 
     0.255   0.100481  24.784000   0.101102  24.577600   0.106053  23.204000   0.118998  20.291200 
     0.260   0.101387  25.366600   0.102022  25.127900   0.107206  23.718500   0.120686  20.692000 
     0.265   0.097024  22.478200   0.097642  22.232000   0.102451  20.879200   0.114964  18.026500 
     0.270   0.087784  16.455700   0.088247  16.278900   0.092061  15.138500   0.101643  12.807400 
     0.275   0.084340  14.163400   0.084763  13.958700   0.088171  12.918100   0.096622  10.815800 
     0.280   0.087722  16.191600   0.088194  15.998800   0.091970  14.862100   0.101483  12.571900 
     0.285   0.089277  16.806400   0.089733  16.613900   0.093480  15.524300   0.103085  13.306000 
     0.290   0.087197  14.786300   0.087559  14.635800   0.090682  13.770400   0.099009  11.907400 
     0.295   0.084781  12.444500   0.085021  12.341400   0.087444  11.724300   0.094319  10.280200 
     0.300   0.086461  12.815300   0.086680  12.725900   0.089050  12.175700   0.095949  10.816600 
     0.305   0.090055  14.955600   0.090341  14.838500   0.093082  14.181600   0.101151  12.575100 
     0.310   0.092339  16.786600   0.092676  16.670000   0.095843  15.898100   0.104875  14.080100 
     0.315   0.093539  18.117600   0.093897  17.963000   0.097285  17.140300   0.106866  15.206500 
     0.320   0.093314  18.454300   0.093701  18.327600   0.097116  17.462500   0.106744  15.505300 
     0.325   0.092872  18.473900   0.093242  18.340500   0.096667  17.458900   0.106295  15.490700 
     0.330   0.093132  18.864000   0.093544  18.722400   0.097099  17.792700   0.106968  15.704400 
     0.335   0.093821  19.554000   0.094273  19.403500   0.098104  18.363100   0.108351  16.106500 
     0.340   0.095448  20.743500   0.095910  20.548200   0.100028  19.426300   0.110825  17.003200 
     0.345   0.097566  21.922400   0.098090  21.727500   0.102418  20.534500   0.113724  18.017500 
     0.350   0.098221  21.925300   0.098736  21.750600   0.103039  20.570700   0.114366  18.077800 
     0.355   0.097991  21.337700   0.098459  21.167400   0.102606  20.059100   0.113672  17.632000 
     0.360   0.098406  21.479900   0.098891  21.275400   0.102982  20.232100   0.113931  17.844800 
     0.365   0.099226  21.876200   0.099694  21.708800   0.103717  20.656600   0.114602  18.392100 
     0.370   0.099621  21.791900   0.100072  21.621200   0.103890  20.642500   0.114445  18.481000 
     0.375   0.099757  21.196500   0.100167  21.021000   0.103695  20.190100   0.113646  18.166700 
     0.380   0.100004  20.573800   0.100356  20.446600   0.103617  19.644500   0.113041  17.772400 
     0.385   0.100080  20.071400   0.100423  19.939900   0.103547  19.194000   0.112665  17.363400 
     0.390   0.099570  19.559400   0.099910  19.428900   0.102965  18.671300   0.111858  16.931500 
     0.395   0.098825  19.399100   0.099146  19.264800   0.102245  18.488700   0.111099  16.704500 
     0.400   0.098526  20.089000   0.098895  19.945400   0.102190  19.084900   0.111457  17.116000 
     0.405   0.098796  21.674200   0.099223  21.503800   0.103011  20.500900   0.113308  18.329800 
     0.410   0.099267  23.560800   0.099817  23.372200   0.104279  22.088500   0.115792  19.456200 
     0.415   0.100146  25.152600   0.100772  24.904500   0.105769  23.461500   0.117901  20.500100 
     0.420   0.100507  25.870600   0.101201  25.614500   0.106465  24.014000   0.119427  20.885200 
     0.425   0.100132  25.451600   0.100822  25.189700   0.106140  23.570000   0.119187  20.399200 
     0.430   0.099269  24.469400   0.099950  24.186100   0.105127  22.622500   0.117642  19.478500 
     0.435   0.098397  23.069900   0.099015  22.853600   0.103956  21.357600   0.116159  18.421400 
     0.440   0.097742  21.381200   0.098274  21.180700   0.102662  19.926100   0.113906  17.228500 
     0.445   0.097024  19.536600   0.097455  19.383300   0.101147  18.376400   0.111107  16.173600 
     0.450   0.096753  18.402600   0.097131  18.246400   0.100398  17.423800   0.109578  15.510600 
     0.455   0.096853  18.173000   0.097223  18.017900   0.100399  17.236500   0.109484  15.381600 
     0.460   0.095628  17.812700   0.095978  17.689400   0.099168  16.901800   0.108217  15.012700 
     0.465   0.093454  17.799600   0.093846  17.648300   0.097373  16.688200   0.106730  14.589900 
     0.470   0.092854  19.476400   0.093394  19.245400   0.097677  17.950700   0.108328  15.364500 
     0.475   0.094551  23.142300   0.095309  22.854700   0.100864  20.978100   0.113543  17.587800 
     0.480   0.096750  26.803900   0.097714  26.384300   0.104541  23.920700   0.119197  19.756600 
     0.485   0.096999  28.287100   0.098103  27.787900   0.105614  24.928200   0.121258  20.343800 
     0.490   0.092615  24.994200   0.093654  24.514300   0.100571  21.801900   0.114755  17.531700 
     0.495   0.086865  19.491300   0.087704  19.064800   0.093380  16.839900   0.104948  13.308900 
     0.500   0.087062  18.442600   0.087848  18.055700   0.093282  15.999200   0.104677  12.629200 
     0.505   0.090419  19.952500   0.091235  19.586700   0.096981  17.528200   0.109588  13.994600 
     0.510   0.092614  20.366900   0.093404  20.052800   0.099124  18.130800   0.112143  14.597100 
     0.515   0.094408  20.658900   0.095169  20.355100   0.100839  18.550400   0.114176  15.067300 
     0.520   0.095515  20.717500   0.096246  20.422000   0.101873  18.717300   0.115429  15.261700 
     0.525   0.094918  19.829500   0.095613  19.581600   0.101032  17.955400   0.114228  14.606500 
     0.530   0.093533  18.403700   0.094179  18.159300   0.099254  16.658600   0.111807  13.527000 
     0.535   0.092565  17.242100   0.093165  17.022900   0.097945  15.639000   0.109903  12.679600 
     0.540   0.092184  16.545200   0.092740  16.338300   0.097326  15.030300   0.108919  12.200200 
     0.545   0.090934  15.551700   0.091464  15.341900   0.095716  14.155100   0.106671  11.562300 
     0.550   0.090576  15.093500   0.091065  14.918200   0.095104  13.784400   0.105675  11.305100 
     0.555   0.093187  16.307100   0.093685  16.130100   0.097961  14.989600   0.109347  12.379400 
     0.560   0.096046  17.828700   0.096595  17.650800   0.101147  16.465900   0.113464  13.730900 
     0.565   0.097389  18.744200   0.097960  18.552500   0.102669  17.329500   0.115435  14.510000 
     0.570   0.098279  19.463500   0.098855  19.282300   0.103737  18.014200   0.116913  15.101700 
     0.575   0.099172  20.263600   0.099770  20.064000   0.104883  18.741600   0.118635  15.687100 
     0.580   0.099462  20.782100   0.100117  20.565300   0.105417  19.159900   0.119223  15.979700 
     0.585   0.099106  21.010600   0.099769  20.778800   0.105186  19.324100   0.119220  16.022000 
     0.590   0.098213  20.886300   0.098901  20.652500   0.104431  19.112300   0.118644  15.776200 
     0.595   0.097493  20.977800   0.098210  20.722800   0.103932  19.097200   0.118499  15.604300 
     0.600   0.098191  22.337100   0.098998  22.034300   0.105314  20.168100   0.120613  16.313100 
     0.605   0.100342  25.104200   0.101318  24.740200   0.108534  22.454100   0.125686  17.950500 
     0.610   0.101131  26.795400   0.102251  26.321800   0.110277  23.654400   0.128357  18.707700 
     0.615   0.100230  26.526300   0.101367  26.070500   0.109498  23.267600   0.127454  18.227500 
     0.620   0.099825  26.143300   0.100935  25.694500   0.108873  23.003900   0.126680  18.035400 
     0.625   0.099529  25.564700   0.100596  25.154300   0.108280  22.616600   0.125723  17.848700 
     0.630   0.099286  24.946800   0.100297  24.545900   0.107678  22.171100   0.124726  17.573000 
     0.635   0.098072  23.620400   0.098993  23.280300   0.105973  21.068500   0.122294  16.754000 
     0.640   0.096669  22.242800   0.097535  21.912500   0.104087  19.877700   0.119258  15.801500 
     0.645   0.096874  21.984800   0.097720  21.685700   0.104105  19.710700   0.119213  15.739800 
     0.650   0.097289  22.062200   0.098127  21.767600   0.104555  19.836600   0.119832  15.851300 
     0.655   0.097031  21.967800   0.097914  21.649600   0.104346  19.670600   0.119572  15.651900 
     0.660   0.096784  22.007700   0.097656  21.670800   0.104250  19.626300   0.119538  15.509200 
     0.665   0.096957  22.462600   0.097915  22.126700   0.104750  19.945200   0.120642  15.661700 
     0.670   0.097799  23.027500   0.098734  22.664800   0.105740  20.422100   0.122063  16.076100 
     0.675   0.098954  23.439800   0.099891  23.088600   0.106939  20.900600   0.123613  16.561300 
     0.680   0.099649  23.520000   0.100568  23.169900   0.107528  21.035800   0.124304  16.743800 
     0.685   0.100149  23.628400   0.101052  23.297000   0.107909  21.230800   0.124713  16.958800 
     0.690   0.100659  24.219000   0.101593  23.842800   0.108645  21.710500   0.125653  17.371800 
     0.695   0.100973  24.889300   0.101940  24.553900   0.109252  22.292000   0.126666  17.754700 
     0.700   0.101246  25.803000   0.102290  25.404900   0.110002  22.936500   0.127890  18.188600 
     0.705   0.101759  27.101900   0.102912  26.658500   0.111198  23.875900   0.129878  18.759800 
     0.710   0.102408  28.011200   0.103627  27.524000   0.112185  24.635000   0.131324  19.420000 
     0.715   0.102322  27.345900   0.103430  26.914200   0.111509  24.286800   0.130193  19.399300 
     0.720   0.101789  25.665000   0.102735  25.301200   0.109889  23.120500   0.127229  18.843900 
     0.725   0.100932  23.614300   0.101716  23.344500   0.107927  21.599300   0.123834  17.889100 
     0.730   0.100593  22.252800   0.101278  22.034100   0.106831  20.550000   0.121598  17.244200 
     0.735   0.100594  21.518500   0.101227  21.322100   0.106459  19.993500   0.120635  16.913800 
     0.740   0.100118  20.936900   0.100734  20.750800   0.105765  19.466800   0.119397  16.488800 
     0.745   0.099779  20.737000   0.100380  20.546600   0.105379  19.255400   0.118812  16.287300 
     0.750   0.098915  20.390100   0.099514  20.219800   0.104536  18.913400   0.118175  15.940300 
     0.755   0.098118  20.143100   0.098733  19.930700   0.103781  18.599300   0.117278  15.611200 
     0.760   0.098341  20.472000   0.098958  20.282300   0.104146  18.890300   0.117888  15.813700 
     0.765   0.099051  21.132200   0.099714  20.938100   0.105051  19.517300   0.118889  16.330800 
     0.770   0.099811  21.936300   0.100489  21.683500   0.106065  20.214800   0.120645  16.885600 
     0.775   0.099457  22.042900   0.100175  21.792600   0.105856  20.207800   0.120539  16.788600 
     0.780   0.098008  21.263000   0.098717  21.012600   0.104282  19.431500   0.118539  16.068000 
     0.785   0.097532  20.796800   0.098210  20.557500   0.103632  19.031500   0.117542  15.748900 
     0.790   0.098650  21.142800   0.099322  20.921000   0.104742  19.419000   0.118643  16.157400 
     0.795   0.099379  20.925500   0.100039  20.702300   0.105223  19.339600   0.118757  16.235200 
     0.800   0.099723  20.610900   0.100309  20.433100   0.105288  19.146900   0.118644  16.186500 
     0.805   0.100863  21.239400   0.101482  21.060900   0.106562  19.762200   0.120367  16.767000 
     0.810   0.101250  21.797100   0.101901  21.607200   0.107182  20.223600   0.121347  17.099800 
     0.815   0.101067  22.076200   0.101717  21.875400   0.107155  20.442500   0.121608  17.196700 
     0.820   0.102006  22.999800   0.102696  22.754300   0.108386  21.230700   0.123464  17.851000 
     0.825   0.102886  23.637800   0.103614  23.374400   0.109490  21.813700   0.124779  18.312900 
     0.830   0.102635  23.424600   0.103361  23.188500   0.109231  21.589200   0.124457  18.085300 
     0.835   0.102278  23.014800   0.102970  22.731300   0.108680  21.187300   0.123874  17.776400 
     0.840   0.102355  22.729200   0.103027  22.454800   0.108572  21.004300   0.123562  17.634900 
     0.845   0.102545  22.625200   0.103220  22.386700   0.108717  20.951600   0.123595  17.661200 
     0.850   0.102303  22.321900   0.102957  22.094500   0.108369  20.691200   0.122983  17.465800 
     0.855   0.101981  22.098000   0.102624  21.879100   0.107997  20.488500   0.122423  17.294000 
     0.860   0.101924  22.068500   0.102572  21.870700   0.107900  20.486100   0.122224  17.315400 
     0.865   0.101468  21.795200   0.102111  21.607500   0.107346  20.234700   0.121493  17.139400 
     0.870   0.100478  21.194300   0.101082  20.992400   0.106189  19.689900   0.119576  16.667900 
     0.875   0.099864  20.790900   0.100461  20.606100   0.105427  19.326100   0.118664  16.366800 
     0.880   0.100066  20.925400   0.100662  20.732600   0.105652  19.466500   0.118854  16.503600 
     0.885   0.099679  20.874400   0.100306  20.659700   0.105324  19.359700   0.118631  16.373400 
     0.890   0.098766  20.589100   0.099390  20.392500   0.104499  19.021400   0.117949  15.997600 
     0.895   0.098585  20.874100   0.099241  20.655600   0.104488  19.242900   0.118286  16.102900 
     0.900   0.098792  21.590500   0.099488  21.351700   0.105072  19.829800   0.118969  16.459200 
     0.905   0.099215  22.630900   0.099986  22.362700   0.106039  20.591200   0.120991  16.932600 
     0.910   0.099237  23.465800   0.100104  23.153500   0.106619  21.165200   0.122150  17.186400 
     0.915   0.098312  23.474700   0.099214  23.111600   0.105935  20.978400   0.121461  16.862100 
     0.920   0.096698  22.714500   0.097609  22.333000   0.104178  20.203900   0.118955  16.150100 
     0.925   0.096219  22.704300   0.097094  22.386200   0.103495  20.299000   0.118324  16.386900 
     0.930   0.101782  27.406600   0.102765  27.045400   0.109866  24.820100   0.126975  20.492800 
     0.935   0.109480  34.399300   0.110727  33.920300   0.119484  31.176900   0.140288  25.945200 
     0.940   0.111186  37.420500   0.112675  36.838000   0.122680  33.427500   0.145192  27.384500 
     0.945   0.108051  36.720500   0.109669  35.983700   0.120292  31.955000   0.142389  25.452900 
     0.950   0.103689  34.456400   0.105425  33.572600   0.116219  28.953100   0.136645  22.319000 
     0.955   0.101836  33.079000   0.103612  32.143800   0.114201  27.421800   0.133366  20.878500 
     0.960   0.102348  32.326700   0.103973  31.513900   0.113994  27.276900   0.132825  21.093700 
     0.965   0.102541  30.300400   0.103896  29.672300   0.112845  26.227600   0.131166  20.686600 
     0.970   0.101601  27.413600   0.102727  26.930900   0.110569  24.176100   0.127690  19.390100 
     0.975   0.100447  24.881800   0.101416  24.491000   0.108380  22.189700   0.124336  17.902300 
     0.980   0.099513  23.086600   0.100371  22.749700   0.106760  20.731400   0.121725  16.805300 
     0.985   0.098731  21.819500   0.099513  21.526100   0.105489  19.739200   0.119503  16.037700 
     0.990   0.098101  20.968200   0.098840  20.690500   0.104579  19.008300   0.118558  15.505100 
     0.995   0.097839  20.596600   0.098553  20.355100   0.104174  18.692100   0.117970  15.224300 
     1.000   0.097786  20.565500   0.098520  20.310800   0.104221  18.618100   0.118085  15.131600 
     1.005   0.097794  20.635400   0.098549  20.365000   0.104358  18.652000   0.118450  15.092300 
     1.010   0.097007  20.310300   0.097777  20.050400   0.103537  18.287100   0.117461  14.729400 
     1.015   0.095193  19.523000   0.095985  19.242700   0.101576  17.510200   0.114911  14.012100 
     1.020   0.093522  19.132300   0.094278  18.851300   0.099845  17.078700   0.112812  13.621300 
     1.025   0.095920  21.813300   0.096780  21.501600   0.103086  19.447300   0.117484  15.559100 
     1.030   0.102402  27.624000   0.103483  27.212600   0.111190  24.676300   0.128797  19.981300 
     1.035   0.104970  30.236800   0.106131  29.785600   0.114478  27.066100   0.133397  21.961800 
     1.040   0.102657  28.393100   0.103799  27.963300   0.111845  25.278600   0.129818  20.324800 
     1.045   0.100767  26.434400   0.101849  26.044200   0.109522  23.471700   0.126701  18.700500 
     1.050   0.099178  24.846400   0.100209  24.470200   0.107541  22.055000   0.124136  17.481500 
     1.055   0.097476  23.188800   0.098439  22.843700   0.105427  20.542300   0.121027  16.186300 
     1.060   0.096863  22.314000   0.097822  21.966700   0.104546  19.753500   0.119618  15.541600 
     1.065   0.096877  21.946400   0.097788  21.626000   0.104354  19.529700   0.119251  15.414100 
     1.070   0.098985  22.923200   0.099882  22.598000   0.106536  20.568100   0.122327  16.460600 
     1.075   0.102002  24.557600   0.102937  24.231200   0.109851  22.209300   0.126728  17.967400 
     1.080   0.103026  24.684200   0.103920  24.376300   0.110726  22.473400   0.127636  18.333000 
     1.085   0.101900  23.282800   0.102683  23.004100   0.108898  21.338800   0.124760  17.556600 
     1.090   0.097911  20.118300   0.098565  19.918000   0.103766  18.528900   0.117435  15.416000 
     1.095   0.093940  17.068300   0.094452  16.903400   0.098680  15.839500   0.110128  13.310800 
     1.100   0.095661  17.520200   0.096202  17.375300   0.100353  16.347000   0.112018  13.887000 
     1.105   0.099295  19.277200   0.099844  19.125700   0.104439  18.026700   0.117217  15.371400 
     1.110   0.100398  19.825400   0.100942  19.665300   0.105623  18.553500   0.118661  15.855900 
     1.115   0.100963  20.150800   0.101545  20.005800   0.106240  18.900200   0.119132  16.167400 
     1.120   0.101760  20.966100   0.102340  20.798900   0.107187  19.635500   0.120878  16.799200 
     1.125   0.102771  22.070500   0.103390  21.871000   0.108620  20.605200   0.122992  17.524900 
     1.130   0.103446  23.110400   0.104136  22.904200   0.109752  21.494400   0.124918  18.186000 
     1.135   0.102112  23.334100   0.102863  23.091200   0.108876  21.460400   0.124386  17.859600 
     1.140   0.100985  23.989700   0.101821  23.685600   0.108283  21.796800   0.124544  17.786000 
     1.145   0.100688  24.872900   0.101629  24.544200   0.108564  22.451000   0.125482  18.183800 
     1.150   0.099205  23.986400   0.100102  23.655100   0.106880  21.616300   0.123163  17.477100 
     1.155   0.097937  22.716800   0.098781  22.417100   0.105092  20.551900   0.120475  16.734400 
     1.160   0.097498  21.820900   0.098266  21.551300   0.104181  19.897800   0.118771  16.304000 
     1.165   0.097307  21.350100   0.098053  21.116800   0.103742  19.538600   0.118372  16.080400 
     1.170   0.097368  21.841400   0.098145  21.581400   0.104122  19.916400   0.118739  16.272000 
     1.175   0.099180  24.511300   0.100097  24.204000   0.106938  22.134100   0.123581  17.956700 
     1.180   0.102687  29.174700   0.103889  28.709300   0.112364  25.958000   0.131671  20.758700 
     1.185   0.104666  32.538900   0.106091  31.934200   0.115958  28.506100   0.137309  22.395300 
     1.190   0.104675  33.479300   0.106219  32.860000   0.116553  29.110000   0.138366  22.726000 
     1.195   0.103369  32.155100   0.104845  31.567000   0.114739  28.026800   0.135760  21.892300 
     1.200   0.102219  30.567800   0.103568  30.045500   0.112915  26.787200   0.133022  21.000400 
     1.205   0.101847  29.867000   0.103157  29.357800   0.112187  26.296800   0.131945  20.689400 
     1.210   0.100836  28.873100   0.102178  28.380900   0.110884  25.401000   0.129949  19.994100 
     1.215   0.100747  28.956100   0.101975  28.477500   0.110566  25.589800   0.129530  20.268200 
     1.220   0.102744  30.679100   0.104013  30.184100   0.112814  27.272200   0.132632  21.824500 
     1.225   0.105173  32.758100   0.106468  32.233300   0.115666  29.226200   0.136426  23.587400 
     1.230   0.106583  33.862600   0.107924  33.368400   0.117379  30.278000   0.138683  24.479000 
     1.235   0.105965  33.224300   0.107330  32.705000   0.116790  29.558100   0.137855  23.723800 
     1.240   0.104360  31.783400   0.105726  31.258600   0.115074  28.112100   0.135591  22.314600 
     1.245   0.103430  31.027900   0.104769  30.508700   0.114001  27.427600   0.134171  21.655000 
     1.250   0.103162  30.814300   0.104477  30.304400   0.113627  27.252600   0.133681  21.574100 
     1.255   0.103363  30.825900   0.104671  30.320600   0.113752  27.313600   0.133816  21.645500 
     1.260   0.105169  31.716200   0.106515  31.207100   0.115661  28.134800   0.136204  22.478000 
     1.265   0.107541  33.146800   0.108862  32.657200   0.118295  29.568400   0.139574  23.789700 
     1.270   0.109643  34.353200   0.111032  33.892300   0.120429  30.886900   0.142209  25.116600 
     1.275   0.109511  33.896500   0.110818  33.474100   0.119826  30.671600   0.141112  25.189300 
     1.280   0.105988  30.476300   0.107072  30.111400   0.114962  27.752500   0.134055  22.984300 
     1.285   0.102419  26.826200   0.103315  26.537500   0.110115  24.577800   0.126994  20.474200 
     1.290   0.101096  24.923300   0.101916  24.650700   0.108159  22.932200   0.123986  19.247200 
     1.295   0.101022  24.263100   0.101833  24.017100   0.107960  22.303500   0.123749  18.675500 
     1.300   0.100687  23.457800   0.101472  23.219100   0.107501  21.569000   0.122871  17.938700 
     1.305   0.099933  22.543100   0.100667  22.299300   0.106451  20.711800   0.121256  17.247000 
     1.310   0.099797  22.269200   0.100516  22.042300   0.106205  20.503100   0.120835  17.119000 
     1.315   0.099250  21.988300   0.099979  21.779400   0.105607  20.241300   0.120144  16.867100 
     1.320   0.098401  21.513000   0.099115  21.278600   0.104666  19.762600   0.118746  16.461200 
     1.325   0.097838  21.094100   0.098508  20.904400   0.103896  19.456200   0.117979  16.233900 
     1.330   0.096731  20.536600   0.097382  20.345000   0.102617  18.919400   0.116241  15.808500 
     1.335   0.096353  20.600500   0.097019  20.386400   0.102281  18.957200   0.115951  15.811600 
     1.340   0.095955  20.498400   0.096621  20.293900   0.101937  18.839800   0.115492  15.680700 
     1.345   0.094994  19.997600   0.095689  19.785800   0.100906  18.334500   0.114303  15.194500 
     1.350   0.095029  20.412700   0.095729  20.188300   0.101145  18.642900   0.114803  15.375300 
     1.355   0.095632  21.180100   0.096384  20.925400   0.102102  19.260800   0.116304  15.817200 
     1.360   0.096348  22.146200   0.097159  21.864100   0.103209  20.055800   0.118154  16.366800 
     1.365   0.096903  23.019300   0.097788  22.720400   0.104178  20.773300   0.119300  16.837500 
     1.370   0.097295  23.863700   0.098190  23.512300   0.104886  21.483500   0.120741  17.386700 
     1.375   0.098301  25.176000   0.099263  24.840000   0.106260  22.636100   0.122833  18.430000 
     1.380   0.098984  26.374100   0.100002  25.994900   0.107379  23.672800   0.124619  19.214700 
     1.385   0.099303  27.190800   0.100418  26.769700   0.108186  24.214200   0.125976  19.453300 
     1.390   0.099235  27.855000   0.100377  27.378100   0.108608  24.641900   0.127004  19.627700 
     1.395   0.097474  27.134400   0.098662  26.621200   0.106850  23.783700   0.124836  18.834400 
     1.400   0.092499  23.241400   0.093570  22.786300   0.100812  20.222600   0.116482  15.760300 
     1.405   0.088203  18.922100   0.089096  18.568900   0.095186  16.361600   0.108225  12.604600 
     1.410   0.089972  19.100200   0.090874  18.758300   0.096948  16.593300   0.110274  12.840000 
     1.415   0.095197  22.376600   0.096157  21.986200   0.103062  19.696100   0.118632  15.497900 
     1.420   0.097684  23.858900   0.098676  23.480900   0.105818  21.178900   0.122209  16.853600 
     1.425   0.096945  22.867900   0.097904  22.540000   0.104592  20.404800   0.120083  16.295000 
     1.430   0.095392  21.082400   0.096214  20.782700   0.102358  18.877300   0.116848  15.131100 
     1.435   0.094166  19.519700   0.094949  19.219200   0.100584  17.531200   0.114045  14.118300 
     1.440   0.093417  18.377900   0.094102  18.144700   0.099304  16.627700   0.112044  13.439200 
     1.445   0.092455  17.256000   0.093093  17.062500   0.097951  15.652100   0.109938  12.695200 
     1.450   0.091554  16.271600   0.092118  16.120500   0.096688  14.804600   0.108082  12.007100 
     1.455   0.091006  15.699400   0.091556  15.498000   0.095967  14.258400   0.107032  11.554800 
     1.460   0.090750  15.339700   0.091332  15.172900   0.095636  13.941700   0.106619  11.279600 
     1.465   0.090805  15.250800   0.091357  15.062500   0.095696  13.843200   0.106629  11.185400 
     1.470   0.090638  15.040100   0.091213  14.874100   0.095483  13.664900   0.106327  11.032000 
     1.475   0.090688  15.050800   0.091259  14.876300   0.095529  13.655500   0.106356  11.021500 
     1.480   0.091763  15.702400   0.092328  15.521200   0.096758  14.282600   0.108062  11.546200 
     1.485   0.093436  16.730200   0.094095  16.577300   0.098812  15.252500   0.110761  12.421400 
     1.490   0.094722  17.525100   0.095339  17.331900   0.100222  16.002800   0.112629  13.046400 
     1.495   0.095364  17.933500   0.095984  17.734100   0.100894  16.390200   0.113583  13.434900 
     1.500   0.095496  18.151100   0.096147  17.969100   0.101086  16.618100   0.113954  13.631900 
     1.505   0.095011  17.995800   0.095633  17.807000   0.100541  16.470500   0.113196  13.512200 
     1.510   0.094285  17.708300   0.094893  17.512800   0.099766  16.216100   0.112193  13.255800 
     1.515   0.094352  17.925100   0.094985  17.714400   0.099948  16.357200   0.112615  13.363800 
     1.520   0.095319  18.750600   0.096030  18.541800   0.101186  17.084600   0.114386  13.913000 
     1.525   0.096671  19.953600   0.097392  19.741800   0.103008  18.151800   0.117061  14.754800 
     1.530   0.098398  21.585800   0.099194  21.325900   0.105298  19.577500   0.120254  15.849100 
     1.535   0.099766  23.062500   0.100639  22.785300   0.107221  20.841000   0.123272  16.832000 
     1.540   0.100403  24.236800   0.101344  23.898600   0.108305  21.785100   0.125108  17.507300 
     1.545   0.101091  25.502400   0.102128  25.121700   0.109626  22.782400   0.127093  18.182700 
     1.550   0.101865  26.770600   0.102991  26.341700   0.110963  23.780900   0.129185  18.953500 
     1.555   0.101667  27.220100   0.102863  26.776500   0.111194  24.010500   0.129780  18.947300 
     1.560   0.100903  26.908900   0.102106  26.426400   0.110480  23.597900   0.128894  18.422800 
     1.565   0.100046  26.348400   0.101231  25.902200   0.109470  23.065600   0.127533  17.927800 
     1.570   0.099364  25.865500   0.100544  25.413800   0.108599  22.644100   0.126386  17.606000 
     1.575   0.099809  26.325100   0.101005  25.859800   0.109245  23.011700   0.127249  17.890200 
     1.580   0.100960  27.266800   0.102190  26.781700   0.110669  23.873700   0.129257  18.619300 
     1.585   0.101499  27.740100   0.102725  27.249200   0.111248  24.352800   0.130008  19.119700 
     1.590   0.101197  27.445400   0.102388  26.987800   0.110730  24.165800   0.129215  19.057400 
     1.595   0.101143  27.408900   0.102336  26.956900   0.110619  24.217300   0.129008  19.193600 
     1.600   0.102006  27.841300   0.103186  27.415700   0.111430  24.736700   0.130157  19.636900 
     1.605   0.102102  27.659600   0.103238  27.253400   0.111445  24.593200   0.130107  19.557500 
     1.610   0.099870  26.141800   0.101036  25.676000   0.109081  22.904200   0.126897  17.897400 
     1.615   0.097453  24.417700   0.098602  23.932000   0.106522  21.098800   0.123493  16.151700 
     1.620   0.097167  24.081800   0.098325  23.604300   0.106258  20.809600   0.123247  15.813100 
     1.625   0.098077  24.667500   0.099243  24.216300   0.107374  21.371500   0.124910  16.273600 
     1.630   0.098484  25.163000   0.099665  24.691300   0.107890  21.824900   0.125520  16.662800 
     1.635   0.097512  25.056300   0.098675  24.584100   0.106773  21.731800   0.124289  16.679900 
     1.640   0.092462  21.846600   0.093460  21.433100   0.100375  18.995400   0.115271  14.685200 
     1.645   0.082688  14.776700   0.083282  14.490200   0.087790  12.914900   0.097774  10.097200 
     1.650   0.073482   7.847020   0.073756   7.734450   0.076068   7.002500   0.081235   5.500910 
