#PROGRAM: dep90.pas
#PROT: N: 49
#PROT: TE: -28
#PROT: T: 26.400
#PROT: DB: 1650 78.00 # end of core
#PROT: DB: 550 78.00 # bag cut
#PROT: DB: 1100 78.00 # bag cut
#PROT: DB: 950 78.00
#PROT: CC: 870 880
# depth c250k g250k c200k g200k c100k g100k c50k g50k 
    26.405   0.115169  48.412600   0.115676  48.221400   0.119937  47.325500   0.133390  46.069600 
    26.410   0.131573  61.204800   0.132434  60.888200   0.139017  59.301700   0.158293  56.875200 
    26.415   0.136402  64.427400   0.137384  64.074800   0.145022  62.218200   0.167260  59.242800 
    26.420   0.138143  65.761300   0.139172  65.427800   0.147287  63.527100   0.171171  60.317000 
    26.425   0.139315  67.039600   0.140398  66.670900   0.148818  64.742000   0.173856  61.440900 
    26.430   0.140162  68.046000   0.141266  67.702300   0.149861  65.772500   0.175837  62.400500 
    26.435   0.140661  68.848300   0.141791  68.479300   0.150655  66.547300   0.177442  63.064000 
    26.440   0.140873  69.557200   0.142031  69.179400   0.151192  67.139300   0.178754  63.495100 
    26.445   0.140578  69.953100   0.141790  69.568300   0.151217  67.437000   0.179331  63.587100 
    26.450   0.139926  70.108700   0.141161  69.682000   0.150765  67.425100   0.179027  63.502200 
    26.455   0.140913  71.657000   0.142142  71.241200   0.151518  69.074200   0.179373  65.350700 
    26.460   0.143198  74.426200   0.144358  74.027600   0.153337  72.013600   0.180482  68.640400 
    26.465   0.143615  75.146700   0.144746  74.789000   0.153498  72.825200   0.179887  69.577100 
    26.470   0.142183  73.761000   0.143302  73.374700   0.151918  71.414800   0.177562  68.150600 
    26.475   0.141038  72.247700   0.142129  71.882200   0.150560  69.900800   0.175358  66.704000 
    26.480   0.140731  71.364300   0.141783  70.991100   0.149948  69.091700   0.174033  65.987700 
    26.485   0.140436  70.448500   0.141447  70.103200   0.149372  68.274000   0.172817  65.265200 
    26.490   0.140141  69.642000   0.141137  69.312900   0.148919  67.494900   0.171864  64.530100 
    26.495   0.140214  69.345700   0.141211  69.025300   0.148926  67.191500   0.171505  64.227500 
    26.500   0.140311  69.200600   0.141297  68.874200   0.148975  67.038600   0.171362  64.060800 
    26.505   0.140312  69.158500   0.141307  68.817300   0.149063  66.968500   0.171646  63.898500 
    26.510   0.140494  69.389300   0.141496  69.019700   0.149394  67.124800   0.172184  63.950300 
    26.515   0.140331  68.864700   0.141338  68.522200   0.149187  66.628500   0.171687  63.425500 
    26.520   0.140189  68.040900   0.141174  67.694700   0.148868  65.831200   0.170778  62.646100 
    26.525   0.139960  66.405000   0.140872  66.101900   0.148052  64.353000   0.168479  61.440600 
    26.530   0.139641  63.140700   0.140352  62.876100   0.146242  61.540800   0.163623  59.358500 
    26.535   0.140398  61.073700   0.140921  60.901500   0.145527  59.937100   0.159925  58.559500 
    26.540   0.141308  61.551900   0.141783  61.375400   0.145982  60.463800   0.159384  59.423000 
    26.545   0.141485  63.047200   0.141993  62.830100   0.146361  61.988000   0.160258  60.889900 
    26.550   0.141807  65.988800   0.142391  65.773200   0.147372  64.760400   0.162982  63.479200 
    26.555   0.141929  70.265900   0.142725  70.024400   0.148985  68.621800   0.168108  66.729400 
    26.560   0.141616  74.310800   0.142588  73.945800   0.150106  72.164600   0.172525  69.770400 
    26.565   0.141984  77.815800   0.143037  77.462900   0.151069  75.701000   0.176093  73.260300 
    26.570   0.143592  83.927600   0.144831  83.524300   0.154196  81.492400   0.183627  78.620100 
    26.575   0.145344  92.048700   0.146977  91.458100   0.158748  88.618800   0.194364  84.592800 
    26.580   0.146067  97.731900   0.148005  97.005500   0.161586  93.532500   0.201732  88.602000 
    26.585   0.146310 101.141000   0.148467 100.363000   0.162932  96.592900   0.205936  91.231200 
    26.590   0.146675 103.628000   0.148818 102.796000   0.163944  98.927800   0.208929  93.375300 
    26.595   0.146905 105.377000   0.149084 104.535000   0.164538 100.651000   0.211017  95.006600 
    26.600   0.147129 106.733000   0.149339 105.924000   0.164964 102.026000   0.212431  96.382600 
    26.605   0.147441 107.739000   0.149674 106.883000   0.165552 103.031000   0.213730  97.254300 
    26.610   0.147841 108.466000   0.150077 107.589000   0.166096 103.640000   0.214983  97.869100 
    26.615   0.148193 108.882000   0.150466 108.004000   0.166586 104.071000   0.215763  98.229300 
    26.620   0.148205 108.607000   0.150463 107.718000   0.166523 103.753000   0.215484  97.943600 
    26.625   0.148275 108.181000   0.150515 107.287000   0.166515 103.385000   0.215028  97.529700 
    26.630   0.147894 106.788000   0.150112 105.940000   0.165899 102.058000   0.213600  96.262000 
    26.635   0.147336 104.762000   0.149486 103.953000   0.164740 100.158000   0.210793  94.590500 
    26.640   0.146928 102.512000   0.148967 101.764000   0.163456  98.155600   0.207134  92.948800 
    26.645   0.146603  99.810400   0.148578  99.117200   0.162141  95.721500   0.203255  90.937500 
    26.650   0.146046  96.283200   0.147795  95.672700   0.160436  92.613500   0.198617  88.240100 
    26.655   0.145256  92.322300   0.146842  91.754900   0.158391  88.997000   0.193350  85.109600 
    26.660   0.144728  88.613000   0.146152  88.100000   0.156671  85.605800   0.188615  82.168400 
    26.665   0.144460  85.488100   0.145769  85.028600   0.155467  82.746400   0.185012  79.600100 
    26.670   0.144065  82.828100   0.145297  82.373100   0.154529  80.169700   0.182127  77.144700 
    26.675   0.143503  80.176700   0.144679  79.760100   0.153521  77.633000   0.179689  74.606900 
    26.680   0.143034  77.765300   0.144138  77.374900   0.152563  75.350800   0.177163  72.443800 
    26.685   0.142635  75.643300   0.143674  75.286800   0.151651  73.390500   0.175014  70.614200 
    26.690   0.142835  74.159200   0.143800  73.815800   0.151381  72.041800   0.173776  69.432400 
    26.695   0.143067  73.059100   0.143983  72.724800   0.151349  71.028000   0.173105  68.471600 
    26.700   0.143047  72.015400   0.143953  71.721100   0.151258  70.038100   0.172828  67.454000 
    26.705   0.143256  71.476500   0.144170  71.164200   0.151464  69.488200   0.173027  66.853500 
    26.710   0.143188  70.976000   0.144127  70.650400   0.151499  68.960200   0.173264  66.240800 
    26.715   0.143279  71.026100   0.144246  70.709700   0.151821  68.927600   0.174008  66.079300 
    26.720   0.143479  71.280600   0.144474  70.930400   0.152185  69.110700   0.174795  66.113600 
    26.725   0.143166  71.005300   0.144163  70.661900   0.151957  68.789500   0.174595  65.741500 
    26.730   0.142605  70.214400   0.143604  69.870600   0.151393  68.003200   0.173905  64.933400 
    26.735   0.142415  69.022400   0.143353  68.669400   0.150847  66.935500   0.172735  63.996200 
    26.740   0.142575  68.201000   0.143508  67.897300   0.150857  66.208500   0.172475  63.290100 
    26.745   0.142823  68.052800   0.143779  67.741800   0.151396  65.914500   0.173475  62.768100 
    26.750   0.142600  66.930400   0.143561  66.610700   0.151126  64.781000   0.172913  61.605600 
    26.755   0.142224  64.303800   0.143063  64.030100   0.149887  62.458800   0.169911  59.702500 
    26.760   0.142563  62.403900   0.143284  62.205400   0.149347  60.818500   0.167700  58.496500 
    26.765   0.142768  61.720600   0.143487  61.476900   0.149347  60.204400   0.167077  57.943300 
    26.770   0.142705  61.751600   0.143389  61.515500   0.149332  60.178900   0.167017  57.873300 
    26.775   0.142971  62.227400   0.143664  62.055000   0.149689  60.592800   0.167621  58.246500 
    26.780   0.143514  62.589200   0.144247  62.383400   0.150405  60.942400   0.168593  58.521500 
    26.785   0.144129  61.990000   0.144832  61.758500   0.150676  60.464900   0.168301  58.225200 
    26.790   0.144165  60.413900   0.144779  60.211600   0.150010  59.124400   0.166272  57.248000 
    26.795   0.143851  59.109400   0.144391  58.936600   0.149183  57.986700   0.164404  56.346100 
    26.800   0.143199  58.407000   0.143704  58.234100   0.148321  57.353000   0.163069  55.842200 
    26.805   0.143229  59.944800   0.143807  59.750900   0.148894  58.733300   0.164999  56.979300 
    26.810   0.143437  63.371400   0.144212  63.103600   0.150531  61.732600   0.169542  59.275100 
    26.815   0.143343  66.139000   0.144243  65.839200   0.151455  64.158500   0.172672  61.250100 
    26.820   0.142934  66.841800   0.143851  66.560300   0.151160  64.883500   0.172788  61.975800 
    26.825   0.141810  66.635300   0.142725  66.330000   0.150017  64.667600   0.171661  61.791000 
    26.830   0.141458  67.558600   0.142377  67.265300   0.149946  65.503500   0.172219  62.514900 
    26.835   0.141801  68.988100   0.142957  68.683700   0.150742  66.855500   0.173599  63.846000 
    26.840   0.142277  70.118300   0.143267  69.796600   0.151205  67.931200   0.174676  64.882600 
    26.845   0.142116  70.817200   0.143158  70.456500   0.151271  68.545100   0.175352  65.458200 
    26.850   0.142693  71.925600   0.143762  71.556100   0.152131  69.630700   0.177131  66.482100 
    26.855   0.144024  73.957700   0.145135  73.548200   0.153887  71.571000   0.180288  68.277200 
    26.860   0.144850  75.644700   0.146033  75.247200   0.155228  73.167300   0.182881  69.686400 
    26.865   0.145052  76.575600   0.146304  76.155000   0.155903  73.972100   0.184734  70.243700 
    26.870   0.144589  77.158800   0.145935  76.722500   0.156165  74.242000   0.186116  70.113600 
    26.875   0.144743  77.803700   0.146166  77.325300   0.156785  74.673200   0.187384  70.271500 
    26.880   0.145077  77.412300   0.146456  76.930200   0.156919  74.331200   0.186975  70.001900 
    26.885   0.144235  74.949100   0.145509  74.489000   0.155269  72.102200   0.183484  68.090400 
    26.890   0.143058  70.965800   0.144163  70.571200   0.152760  68.552600   0.178037  65.133700 
    26.895   0.142235  66.604000   0.143160  66.322000   0.150481  64.676900   0.172504  61.888700 
    26.900   0.141765  62.658500   0.142509  62.385500   0.148715  61.104400   0.167901  58.839600 
    26.905   0.141655  59.373800   0.142276  59.173400   0.147652  58.080100   0.164509  56.210000 
    26.910   0.141945  57.167400   0.142486  56.975600   0.147353  56.016400   0.162813  54.348900 
    26.915   0.141992  55.628800   0.142517  55.438100   0.147158  54.516200   0.162007  52.898200 
    26.920   0.141724  54.766000   0.142265  54.577200   0.147019  53.626400   0.162029  51.864900 
    26.925   0.141135  54.445600   0.141699  54.244400   0.146768  53.197600   0.162432  51.200900 
    26.930   0.140410  53.922400   0.141037  53.725100   0.146337  52.582700   0.162499  50.401800 
    26.935   0.140320  53.309600   0.140944  53.107000   0.146239  51.973500   0.162538  49.745400 
    26.940   0.140090  52.569400   0.140694  52.364000   0.145909  51.222600   0.161897  49.037100 
    26.945   0.138551  51.192000   0.139124  50.977300   0.144081  49.930100   0.159287  47.850600 
    26.950   0.134399  48.345100   0.134914  48.147900   0.139474  47.135000   0.153574  45.258900 
    26.955   0.135477  48.715000   0.136024  48.515500   0.140656  47.529200   0.155134  45.634600 
    26.960   0.139970  51.342200   0.140551  51.146500   0.145655  50.186900   0.161232  48.024000 
    26.965   0.140970  51.929700   0.141563  51.714900   0.146744  50.605900   0.162738  48.442900 
    26.970   0.141515  52.070800   0.142107  51.868100   0.147262  50.787600   0.163201  48.640300 
    26.975   0.141568  51.972200   0.142155  51.787000   0.147309  50.688400   0.163202  48.528000 
    26.980   0.141205  51.336300   0.141781  51.146900   0.146876  50.153000   0.162279  47.953200 
    26.985   0.141471  49.477400   0.141934  49.311100   0.146226  48.435600   0.159782  46.688200 
    26.990   0.141884  47.571300   0.142236  47.453400   0.145724  46.817800   0.157358  45.580800 
    26.995   0.141820  47.914900   0.142193  47.786900   0.145856  47.087400   0.157884  45.723800 
    27.000   0.141975  49.452200   0.142425  49.301500   0.146569  48.479300   0.159718  46.828300 
    27.005   0.141960  50.074500   0.142418  49.909300   0.146628  49.073800   0.159937  47.422600 
    27.010   0.141607  50.157800   0.142064  50.021900   0.146244  49.215300   0.159612  47.598600 
    27.015   0.141542  50.980400   0.142019  50.823500   0.146471  50.081000   0.160268  48.249600 
    27.020   0.141794  52.644100   0.142327  52.461000   0.147099  51.492100   0.162015  49.581300 
    27.025   0.142243  54.337700   0.142817  54.140900   0.147966  53.077500   0.163819  50.990300 
    27.030   0.142206  55.186100   0.142806  54.971400   0.148141  53.844400   0.164480  51.702100 
    27.035   0.141879  55.585100   0.142511  55.385900   0.147919  54.247000   0.164608  52.052500 
    27.040   0.141972  56.483400   0.142614  56.262900   0.148197  55.090200   0.165352  52.839500 
    27.045   0.142499  57.831700   0.143208  57.581300   0.148979  56.371700   0.166780  54.076300 
    27.050   0.142916  59.022100   0.143630  58.778800   0.149618  57.517200   0.167877  55.110500 
    27.055   0.143023  59.555700   0.143761  59.325300   0.149835  58.006200   0.168193  55.584000 
    27.060   0.142906  59.332300   0.143617  59.094600   0.149597  57.805600   0.167886  55.445700 
    27.065   0.143139  59.624800   0.143853  59.379400   0.149866  58.110100   0.168234  55.736000 
    27.070   0.143975  60.609900   0.144710  60.390600   0.150839  59.072300   0.169532  56.666900 
    27.075   0.144242  60.994900   0.144963  60.714700   0.151087  59.388500   0.169721  57.004000 
    27.080   0.143753  60.430200   0.144480  60.192100   0.150511  58.887300   0.168832  56.561600 
    27.085   0.143426  59.871800   0.144132  59.639800   0.150056  58.367500   0.167924  56.066900 
    27.090   0.143920  59.848600   0.144607  59.633900   0.150418  58.374900   0.168049  56.120300 
    27.095   0.144337  59.579200   0.144999  59.346500   0.150686  58.143200   0.168017  55.909500 
    27.100   0.144369  58.419000   0.144978  58.219900   0.150352  57.067900   0.166713  55.022200 
    27.105   0.145286  57.114900   0.145825  56.929500   0.150548  55.974700   0.165463  54.287800 
    27.110   0.146034  55.900800   0.146486  55.710000   0.150671  54.934200   0.164301  53.570400 
    27.115   0.145645  55.560000   0.146101  55.397600   0.150326  54.624900   0.164090  53.234800 
    27.120   0.145843  57.051900   0.146346  56.907700   0.151078  55.993100   0.166279  54.315300 
    27.125   0.146346  59.612800   0.146980  59.401400   0.152445  58.305500   0.169633  56.268000 
    27.130   0.146638  62.129200   0.147367  61.907000   0.153567  60.608300   0.172750  58.174000 
    27.135   0.146221  63.592500   0.147046  63.346300   0.153847  61.860700   0.174470  59.142200 
    27.140   0.145270  64.444100   0.146168  64.167400   0.153464  62.509100   0.175151  59.498900 
    27.145   0.145058  65.014600   0.145995  64.699700   0.153384  63.032500   0.175348  59.957500 
    27.150   0.144967  64.913900   0.145871  64.618500   0.153140  63.017900   0.174843  60.036800 
    27.155   0.144259  64.194400   0.145127  63.917000   0.152277  62.319400   0.173586  59.407900 
    27.160   0.144042  63.536800   0.144884  63.219400   0.151769  61.721200   0.172370  58.933500 
    27.165   0.144197  62.879900   0.144975  62.633500   0.151451  61.229500   0.171057  58.699900 
    27.170   0.144178  62.044600   0.144900  61.839900   0.150978  60.516500   0.169610  58.191800 
    27.175   0.144422  61.781800   0.145132  61.564500   0.151050  60.322400   0.169428  58.084400 
    27.180   0.144571  62.349000   0.145299  62.172900   0.151535  60.762900   0.170501  58.357800 
    27.185   0.144470  62.887800   0.145266  62.646500   0.151817  61.190600   0.171484  58.554200 
    27.190   0.144557  63.137600   0.145368  62.866100   0.151989  61.414600   0.171883  58.747000 
    27.195   0.144729  63.107400   0.145515  62.854200   0.152086  61.415500   0.171766  58.781000 
    27.200   0.145222  62.798100   0.145976  62.583100   0.152276  61.175500   0.171528  58.669100 
    27.205   0.145456  62.112000   0.146178  61.887000   0.152261  60.587500   0.170826  58.199200 
    27.210   0.145087  61.218300   0.145779  60.987300   0.151742  59.694900   0.169768  57.333900 
    27.215   0.144922  60.083100   0.145584  59.844800   0.151182  58.621800   0.168188  56.428800 
    27.220   0.145009  58.584300   0.145567  58.405200   0.150510  57.383900   0.165889  55.560700 
    27.225   0.145230  58.391700   0.145785  58.217500   0.150555  57.210300   0.165428  55.444800 
    27.230   0.145487  58.913000   0.146050  58.731800   0.151018  57.684900   0.166071  55.845200 
    27.235   0.145852  59.325300   0.146398  59.130700   0.151350  58.116100   0.166589  56.321200 
    27.240   0.146098  60.635600   0.146734  60.428500   0.152139  59.228900   0.168811  57.199800 
    27.245   0.144375  60.273100   0.145086  60.006800   0.150968  58.707200   0.168712  56.338000 
    27.250   0.142730  59.289100   0.143477  59.052200   0.149545  57.703600   0.167826  55.244500 
    27.255   0.143476  60.638300   0.144276  60.377700   0.150778  58.931400   0.170264  56.272700 
    27.260   0.143333  61.029100   0.144181  60.722700   0.151004  59.201300   0.171420  56.358300 
    27.265   0.141403  59.671300   0.142263  59.387200   0.149260  57.788300   0.169831  54.838400 
    27.270   0.139044  58.241200   0.139939  57.936200   0.147019  56.276600   0.167699  53.206700 
    27.275   0.136997  57.404500   0.137914  57.096800   0.145038  55.376500   0.165570  52.234700 
    27.280   0.135667  56.798000   0.136556  56.490000   0.143543  54.771800   0.163514  51.735300 
    27.285   0.136063  57.300000   0.136920  57.002300   0.143673  55.348100   0.163002  52.485400 
    27.290   0.139941  61.194400   0.140822  60.874900   0.147662  59.249100   0.167583  56.468600 
    27.295   0.144656  65.988200   0.145532  65.665200   0.152591  64.070500   0.173579  61.310200 
    27.300   0.147058  68.794400   0.147941  68.500200   0.155043  66.927100   0.176391  64.236500 
    27.305   0.147876  70.230700   0.148761  69.895100   0.155883  68.320900   0.177366  65.648000 
    27.310   0.148465  71.113300   0.149397  70.783300   0.156492  69.251700   0.177951  66.637800 
    27.315   0.149631  71.775900   0.150464  71.488900   0.157291  70.087200   0.178431  67.744300 
    27.320   0.150576  72.995200   0.151487  72.742700   0.158270  71.335000   0.179762  69.024400 
    27.325   0.151039  75.225400   0.151948  74.920100   0.159413  73.328400   0.182273  70.667700 
    27.330   0.151588  77.624300   0.152618  77.269000   0.160728  75.457300   0.184965  72.394900 
    27.335   0.151839  79.071500   0.152925  78.710700   0.161387  76.729600   0.186432  73.480800 
    27.340   0.151604  79.347900   0.152724  78.926500   0.161341  76.909400   0.186618  73.561700 
    27.345   0.150880  78.899200   0.152018  78.509600   0.160726  76.371900   0.185847  72.916300 
    27.350   0.149850  77.774800   0.151071  77.380700   0.159502  75.290400   0.183740  71.835900 
    27.355   0.143999  71.429600   0.144964  71.070100   0.152511  69.201300   0.174204  66.209700 
    27.360   0.138538  64.684800   0.139398  64.352600   0.146103  62.744100   0.165609  60.095400 
    27.365   0.143981  67.959200   0.144851  67.656200   0.151743  65.997200   0.171773  63.249100 
    27.370   0.149575  71.999800   0.150433  71.716000   0.157308  70.106000   0.177611  67.422800 
    27.375   0.149461  70.978300   0.150274  70.705400   0.156897  69.201600   0.176608  66.671600 
    27.380   0.148731  69.792700   0.149565  69.446300   0.156208  67.935900   0.175891  65.334500 
    27.385   0.148217  68.685300   0.149048  68.382800   0.155773  66.802500   0.175410  64.116500 
    27.390   0.148444  67.038500   0.149219  66.781900   0.155522  65.380800   0.174313  62.913100 
    27.395   0.148820  65.373400   0.149494  65.150800   0.155320  63.902500   0.173003  61.670700 
    27.400   0.147972  63.643900   0.148635  63.444900   0.154268  62.218300   0.171264  60.019700 
    27.405   0.145554  61.260900   0.146275  60.974400   0.151869  59.698700   0.168345  57.458000 
    27.410   0.144153  58.979200   0.144807  58.741800   0.150169  57.537100   0.166029  55.313100 
    27.415   0.143599  56.626000   0.144168  56.441100   0.149038  55.372100   0.163715  53.380600 
    27.420   0.144062  55.212600   0.144559  55.031800   0.148949  54.103700   0.162338  52.358200 
    27.425   0.144496  54.294800   0.144948  54.108200   0.149027  53.241400   0.161543  51.656200 
    27.430   0.144229  53.129500   0.144668  52.968700   0.148603  52.142200   0.160825  50.558400 
    27.435   0.143991  52.040900   0.144389  51.924200   0.148245  51.115500   0.160286  49.545700 
    27.440   0.143994  51.115800   0.144394  50.990200   0.148120  50.197100   0.159785  48.722000 
    27.445   0.144582  50.624500   0.144965  50.476800   0.148547  49.833300   0.159833  48.389300 
    27.450   0.144631  50.228300   0.144987  50.091000   0.148582  49.521400   0.159740  48.062500 
    27.455   0.144794  50.230800   0.145184  50.090300   0.148792  49.501400   0.160077  48.024300 
    27.460   0.145123  50.486000   0.145516  50.332500   0.149246  49.662200   0.160798  48.178200 
    27.465   0.145204  50.540700   0.145634  50.350400   0.149458  49.648000   0.161350  48.108100 
    27.470   0.145224  50.643900   0.145648  50.496400   0.149616  49.709500   0.161993  48.100700 
    27.475   0.145358  50.972100   0.145842  50.771000   0.150001  49.868100   0.162956  48.230000 
    27.480   0.145309  50.694700   0.145798  50.496200   0.150041  49.609700   0.163210  47.803600 
    27.485   0.145742  49.605200   0.146179  49.451900   0.150142  48.605900   0.162614  46.928200 
    27.490   0.146133  48.247500   0.146532  48.080500   0.150250  47.300900   0.161750  45.776300 
    27.495   0.144971  45.324600   0.145318  45.157100   0.148495  44.427300   0.158360  43.127700 
    27.500   0.139852  39.643100   0.140062  39.501000   0.142376  38.918700   0.149707  38.038800 
    27.505   0.138052  36.603600   0.138172  36.493100   0.139968  36.071700   0.145802  35.482000 
    27.510   0.140865  38.735800   0.141017  38.617100   0.142868  38.247800   0.149315  37.695200 
    27.515   0.142054  43.817800   0.142353  43.718100   0.145244  43.132300   0.154703  42.108700 
    27.520   0.143079  49.849200   0.143556  49.677800   0.147991  48.739500   0.161582  46.922600 
    27.525   0.143403  53.295600   0.144012  53.076500   0.149240  51.975100   0.165173  49.776400 
    27.530   0.143493  54.924700   0.144156  54.683700   0.149636  53.569800   0.166393  51.298300 
    27.535   0.143388  56.050600   0.144057  55.823100   0.149702  54.646800   0.166972  52.328200 
    27.540   0.143514  57.028200   0.144231  56.783600   0.150026  55.570000   0.167664  53.188500 
    27.545   0.143720  57.518500   0.144448  57.280700   0.150306  56.017900   0.168070  53.603800 
    27.550   0.143740  57.144800   0.144428  56.910100   0.150166  55.674600   0.167381  53.351500 
    27.555   0.143650  55.125100   0.144236  54.916100   0.149201  53.893000   0.164503  51.972800 
    27.560   0.143386  51.562000   0.143787  51.427900   0.147480  50.790700   0.159657  49.590700 
    27.565   0.142601  50.270400   0.142946  50.141900   0.146401  49.645400   0.157823  48.515900 
    27.570   0.142166  53.063100   0.142693  52.896000   0.147171  51.968600   0.161096  50.306900 
    27.575   0.142748  56.460600   0.143399  56.232900   0.148786  55.092300   0.164942  52.924000 
    27.580   0.142914  57.920000   0.143590  57.704500   0.149138  56.504600   0.165978  54.302900 
    27.585   0.142959  58.792100   0.143634  58.574100   0.149241  57.395700   0.166357  55.244000 
    27.590   0.142559  59.530900   0.143263  59.302800   0.149050  58.087500   0.166594  55.854700 
    27.595   0.142678  60.921700   0.143435  60.672200   0.149545  59.377500   0.168007  57.009900 
    27.600   0.143595  62.681900   0.144405  62.415700   0.150835  61.093800   0.170291  58.637700 
    27.605   0.144031  63.586300   0.144844  63.349200   0.151390  61.974900   0.171448  59.447300 
    27.610   0.144910  64.542100   0.145783  64.267900   0.152437  62.885700   0.173062  60.296700 
    27.615   0.145101  65.157000   0.145955  64.909900   0.152836  63.434100   0.173771  60.775600 
    27.620   0.144747  65.290500   0.145613  65.032200   0.152567  63.571800   0.173618  60.894900 
    27.625   0.144315  65.287100   0.145207  65.000200   0.152155  63.529000   0.173258  60.842300 
    27.630   0.143737  65.369600   0.144636  65.098500   0.151753  63.584700   0.173160  60.800000 
    27.635   0.143329  65.794500   0.144252  65.504200   0.151568  63.902700   0.173436  60.985300 
    27.640   0.142972  65.877600   0.143910  65.577900   0.151324  63.918300   0.173315  60.961500 
    27.645   0.142709  65.351800   0.143637  65.063700   0.150903  63.468000   0.172538  60.587300 
    27.650   0.142558  64.756600   0.143454  64.471200   0.150521  62.938200   0.171650  60.165100 
    27.655   0.142456  64.113900   0.143329  63.841800   0.150201  62.335400   0.170835  59.644400 
    27.660   0.142259  63.136500   0.143083  62.873300   0.149715  61.445300   0.169633  58.885900 
    27.665   0.142248  62.805000   0.143045  62.508300   0.149570  61.112700   0.169263  58.603900 
    27.670   0.142566  63.300700   0.143388  63.041600   0.150060  61.635000   0.170098  59.062000 
    27.675   0.142817  63.748800   0.143675  63.468400   0.150389  62.016400   0.170628  59.426900 
    27.680   0.142655  63.611100   0.143506  63.335600   0.150300  61.865800   0.170649  59.236200 
    27.685   0.142760  63.519300   0.143605  63.262700   0.150446  61.799700   0.170983  59.122800 
    27.690   0.143705  64.178600   0.144560  63.921400   0.151479  62.434000   0.172332  59.749500 
    27.695   0.144334  64.683900   0.145208  64.402000   0.152210  62.913600   0.173361  60.176200 
    27.700   0.144438  64.627300   0.145331  64.345800   0.152472  62.827500   0.173849  59.981800 
    27.705   0.144194  64.137300   0.145104  63.855700   0.152352  62.247900   0.173750  59.283900 
    27.710   0.143676  62.323000   0.144513  62.151600   0.151372  60.554500   0.171626  57.752900 
    27.715   0.143242  59.366700   0.143969  59.153200   0.149912  57.918200   0.168070  55.553500 
    27.720   0.143132  56.892700   0.143760  56.686700   0.149066  55.607200   0.165491  53.550800 
    27.725   0.142503  54.493600   0.143085  54.306800   0.148043  53.311000   0.163314  51.378000 
    27.730   0.142400  52.337100   0.142926  52.160600   0.147482  51.258200   0.161601  49.475200 
    27.735   0.142912  51.227700   0.143397  51.085300   0.147730  50.177200   0.161265  48.489600 
    27.740   0.143428  50.613400   0.143884  50.482600   0.148212  49.712900   0.161268  47.916700 
    27.745   0.143414  48.788600   0.143822  48.663000   0.147607  47.919400   0.159488  46.344600 
    27.750   0.142931  46.064800   0.143248  45.973600   0.146225  45.433300   0.156103  44.355500 
    27.755   0.143049  44.618300   0.143280  44.545400   0.145797  44.134500   0.154435  43.313000 
    27.760   0.142710  44.791700   0.142961  44.705600   0.145655  44.250900   0.154752  43.342300 
    27.765   0.142259  47.212400   0.142672  47.059500   0.146371  46.212600   0.157839  44.721300 
    27.770   0.142081  49.561500   0.142623  49.383200   0.147168  48.393600   0.160837  46.344600 
    27.775   0.142620  49.740400   0.143117  49.592200   0.147490  48.680300   0.160991  46.813900 
    27.780   0.142992  48.818200   0.143401  48.711800   0.147309  47.959100   0.159652  46.340000 
    27.785   0.142895  48.251800   0.143306  48.138800   0.146953  47.450900   0.158690  46.028200 
    27.790   0.142927  48.181900   0.143335  48.056600   0.146944  47.390700   0.158504  45.994900 
    27.795   0.143062  48.311800   0.143472  48.193200   0.147060  47.513200   0.158489  46.125800 
    27.800   0.143252  48.561300   0.143635  48.425500   0.147205  47.768300   0.158613  46.294500 
    27.805   0.143426  49.058700   0.143814  48.917400   0.147471  48.216800   0.159097  46.795800 
    27.810   0.143775  50.212600   0.144235  50.065900   0.148262  49.361800   0.160742  47.700500 
    27.815   0.144197  51.331700   0.144692  51.197800   0.148983  50.319900   0.162193  48.546200 
    27.820   0.144627  51.319600   0.145089  51.189600   0.149285  50.334500   0.162243  48.638700 
    27.825   0.144928  50.452900   0.145341  50.319500   0.149122  49.674700   0.160893  48.221000 
    27.830   0.144815  49.457100   0.145170  49.345700   0.148431  48.737200   0.159125  47.588000 
    27.835   0.145007  49.660100   0.145348  49.559300   0.148552  49.042300   0.159098  47.982500 
    27.840   0.145561  52.123700   0.145975  51.997300   0.149838  51.291200   0.162167  49.880300 
    27.845   0.145899  54.895900   0.146413  54.756200   0.151058  53.842100   0.165387  52.021000 
    27.850   0.146062  56.450600   0.146640  56.289600   0.151522  55.303500   0.166618  53.384600 
    27.855   0.146423  57.346700   0.146986  57.184300   0.151835  56.224300   0.166941  54.381900 
    27.860   0.146732  58.128000   0.147291  57.952000   0.152092  57.034600   0.167076  55.254800 
    27.865   0.146824  58.901800   0.147367  58.697400   0.152131  57.784200   0.167136  56.076400 
    27.870   0.146906  59.640900   0.147458  59.486300   0.152221  58.583400   0.167167  56.944300 
    27.875   0.147021  60.682800   0.147557  60.536600   0.152380  59.613600   0.167528  58.001400 
    27.880   0.147044  61.788900   0.147617  61.613200   0.152538  60.664500   0.168092  59.049300 
    27.885   0.147269  62.606500   0.147821  62.503600   0.152682  61.616800   0.168466  60.133800 
    27.890   0.148391  65.326800   0.148985  65.173900   0.154206  64.299400   0.171460  62.795100 
    27.895   0.149348  70.097900   0.150130  69.856900   0.156518  68.674900   0.176980  66.647900 
    27.900   0.149422  75.178000   0.150448  74.883900   0.158445  73.187000   0.182827  70.344900 
    27.905   0.149241  79.376000   0.150580  78.985600   0.160015  76.752700   0.188038  73.085600 
    27.910   0.148591  81.373800   0.150048  80.937600   0.160440  78.352300   0.190575  74.157400 
    27.915   0.147853  81.601100   0.149282  81.141400   0.159848  78.524800   0.190462  74.215900 
    27.920   0.147584  81.392000   0.148979  80.939400   0.159303  78.396800   0.189311  74.231000 
    27.925   0.147513  80.588900   0.148838  80.153700   0.158655  77.756400   0.187140  73.853900 
    27.930   0.146853  78.395900   0.148093  77.974700   0.157291  75.774500   0.183976  72.143300 
    27.935   0.146425  75.853100   0.147547  75.484700   0.155996  73.448000   0.180551  70.160000 
    27.940   0.146700  73.244400   0.147675  72.929800   0.155108  71.210300   0.176980  68.457400 
    27.945   0.146283  69.351400   0.147066  69.096000   0.153327  67.739500   0.172060  65.524600 
    27.950   0.145993  65.702500   0.146636  65.510300   0.151913  64.364900   0.167873  62.585300 
    27.955   0.146365  63.187800   0.146908  62.981700   0.151369  62.055600   0.165123  60.633600 
    27.960   0.146519  61.329900   0.146977  61.175000   0.150952  60.344200   0.163264  59.089500 
    27.965   0.146138  60.076700   0.146577  59.934900   0.150455  59.119300   0.162323  57.840000 
    27.970   0.145793  59.959600   0.146260  59.763600   0.150260  58.890100   0.162444  57.524500 
    27.975   0.145712  60.652300   0.146217  60.466800   0.150523  59.510600   0.163370  57.926700 
    27.980   0.145684  61.283600   0.146229  61.088800   0.150650  60.104700   0.163750  58.485200 
    27.985   0.145405  61.675600   0.145943  61.488200   0.150458  60.495300   0.163826  58.887200 
    27.990   0.145348  62.626800   0.145912  62.526100   0.150677  61.401800   0.164896  59.719100 
    27.995   0.146082  64.727900   0.146714  64.491300   0.151871  63.377100   0.167391  61.543000 
    28.000   0.146954  67.351800   0.147672  67.099000   0.153469  65.828000   0.170819  63.707800 
    28.005   0.147497  70.269100   0.148349  69.964700   0.155183  68.337000   0.174983  65.680800 
    28.010   0.147604  72.586100   0.148672  72.186700   0.156581  70.151400   0.178592  66.822300 
    28.015   0.147294  72.574000   0.148435  72.139400   0.156682  69.891700   0.179135  66.291500 
    28.020   0.146483  67.572400   0.147369  67.222600   0.154041  65.447800   0.172631  62.734900 
    28.025   0.146050  59.908800   0.146499  59.698600   0.150464  58.836600   0.162764  57.644300 
    28.030   0.145571  59.767900   0.146075  59.545600   0.150225  58.556100   0.162522  57.171900 
    28.035   0.143896  64.865000   0.144738  64.507700   0.151055  62.729500   0.167860  59.983500 
    28.040   0.141071  65.625300   0.141979  65.259000   0.148633  63.300400   0.165683  60.336700 
    28.045   0.135360  61.245900   0.136051  61.009100   0.141140  59.432000   0.154207  57.359500 
    28.050   0.116537  46.310900   0.116824  46.159400   0.119352  45.490600   0.126583  44.759400 
