GRIP-NEEM_NEEM
19.839
23.419
31.277
35.368
40.108
41.844
42.794
56.239
57.362
59.804
61.163
63.383
64.346
65.441
67.109
67.308
68.058
69.693
72.424
74.9
76.4
81.783
84.747
88.381
92.583
96.25
100.886
101.991
102.966
103.154
105.85
106.764
108.831
110.658
112.453
114.465
118.297
123.966
124.798
130.082
132.966
137.355
140.923
142.589
142.781
147.175
151.398
155.073
157.503
160.495
161.864
164.3
164.703
165.339
166.032
166.25
168.019
172.593
176.632
177.029
177.556
178.5
179.315
182.946
184.907
186.829
188.885
192.965
193.166
199.122
201.179
204.21
209.652
210.102
210.353
214.021
214.88
219.182
220.952
228.0
230.127
230.43
231.65
231.82
233.898
236.409
237.7
238.646
240.3
240.45
240.7
244.223
245.004
245.643
247.003
248.3
250.512
252.308
255.536
255.635
256.405
260.956
263.261
263.889
271.553
275.849
278.6
280.858
283.099
285.507
286.715
287.278
293.0
298.77
301.6
307.562
308.488
309.449
318.4
319.77
321.6
323.049
323.231
324.95
326.784
329.368
339.6
340.25
342.514
346.194
347.255
347.5
350.413
353.865
356.401
358.36
358.931
367.826
371.518
372.4
373.286
377.1
377.322
380.171
383.4
386.973
390.329
394.7
396.245
396.399
401.389
408.505
410.2
413.434
418.192
420.269
422.167
431.243
432.35
433.85
434.271
442.287
446.931
449.567
451.296
453.664
455.858
460.429
464.037
468.821
470.78
473.917
482.21
482.805
485.122
488.608
492.466
495.1
495.885
498.8
499.527
499.8
501.045
502.388
508.093
512.738
513.673
515.903
520.2
521.062
522.259
524.706
524.924
525.2
526.103
530.411
531.351
531.936
534.853
535.976
536.1
536.309
536.8
536.947
538.647
538.945
541.0
543.644
546.652
547.918
556.557
557.558
561.157
564.383
564.933
569.298
569.639
570.341
578.941
582.142
582.629
583.947
585.811
587.815
589.554
590.078
596.462
597.834
604.195
608.757
610.149
614.4
615.529
616.565
617.72
623.369
624.99
626.0
626.463
627.278
627.717
628.283
631.6
633.377
633.65
635.7
635.862
636.08
637.1
639.606
642.971
644.58
648.202
649.586
649.83
650.734
651.2
651.571
654.961
657.2
659.335
662.1
664.072
664.75
668.302
670.486
671.57
672.262
673.509
679.093
681.456
682.758
683.388
683.816
686.234
689.07
689.829
690.426
696.149
696.785
699.419
700.216
700.616
702.921
704.412
710.648
711.332
716.443
722.02
725.792
1356.746
1370.02
1396.43
1404.23
1410.3
1413.86
1418.955
1429.08
1430.56
1441.43
1445.007
1446.08
1447.056
1447.92
1452.02
1462.369
1467.49
1484.035
1489.466
1490.348
1493.302
1497.556
1510.686
1561.195
1585.4
1610.41
1617.105
1624.3
1641.23
1642.78
1647.55
1678.65
1683.32
1688.83
1712.05
1717.88
1724.05
1730.51
1740.05
1742.65
1749.58
1754.19
1757.3
1759.0
1760.4
1764.63
1777.73
1786.92
1790.006
1796.12
1796.74
1797.81
1801.8
1807.0
1809.58
1818.48
1819.87
1821.96
1822.12
1824.74
1829.657
1833.48
1834.824
1836.231
1843.675
1849.1
1863.15
1865.65
1876.39
1882.7
1889.52
1891.996
1908.0
1911.415
1918.79
1919.82
1933.35
1938.82
1941.25
1965.61
1974.18
2006.134
2015.15
2015.44
2016.979
2022.73
2026.18
2035.74
2037.425
2046.0
2049.4
2057.0
2063.43
2069.7
2071.54
2073.3
2084.04
2088.2
2118.662
2134.9
2162.12
2163.48
2180.45
2182.09
2188.48
2188.66
