TALDICE-EDC_EDC
12.160086107921927
12.501061997703788
15.188754305396095
18.458111366245696
19.54121125143513
21.08563145809414
22.048386911595863
23.05125717566016
28.76761768082663
29.639761336515512
34.391241050119326
36.78686157517899
37.462804295942725
37.94008849557522
39.04982300884956
40.56916666666667
41.24028639618139
57.68518624641833
60.27973362326719
64.04534927969557
65.15112530578962
68.97651263930416
73.38965479749932
75.5912449035064
77.81275890187551
82.39525414514814
84.05889915737973
84.86581679804294
96.84007610763796
119.53014598540146
125.00985401459856
126.61
130.54000000000002
133.6103370786517
135.389914893617
140.04992187500002
141.300078125
144.66011764705885
153.64
156.53487804878048
162.97
163.97621794871796
169.28988059701493
175.90994994994995
198.57377102550188
208.58
209.72985645933016
215.524554973822
215.74916230366492
218.81180083482408
232.57
249.0999664991625
251.21985849056605
259.30981343283577
270.42012195121947
283.000197368421
304.27968253968254
305.57930463576156
312.7329
313.69592997811816
317.340350877193
320.9915
321.9498245614035
338.558
342.69
343.61036585365855
344.8363
349.927
350.6336674528302
352.8277
370.087
371.943
384.131
387.2945
389.3435
393.0039
400.284
404.1396
417.1
419.71685473684215
421.889
423.062
427.105
428.1795145631068
431.9501748251748
438.08
450.4899999999999
453.9801
473.1653164556962
483.1750914634147
486.1
492.5
494.6299085365854
499.209065483871
502.7365
504.3645318221448
514.6125893635573
514.7724498692241
532.32
540.32
544.8
547.36
547.89
553.1
553.32
557.68
558.86
561.368
564.4
567.5239795918367
568.2152
569.9458
571.93
576.07
578.98
586.28
587.5199419953597
593.4449
598.8503
606.9794
613.2
615.9951
626.5202
629.1669
632.2552
636.3895
637.4365384615385
644.7608
645.9094
653.22
660.1031531531531
661.845
666.3612
667.8
670.9921
671.93
673.1741
674.852078023407
675.3969440832249
677.1401
679.5225
685.9112285714285
686.23
689.0972
691.0951
691.5915
699.012
700.63
701.275
702.5666
704.155
710.0
718.6013688760808
718.9902
723.22
723.82
726.2949
737.4702
739.1296202531646
748.101
748.96
750.33
754.28
759.56
763.25
773.55
775.02
775.9
777.65
780.58
785.82
789.4
790.56
791.88
798.503
802.85
822.08
826.0
828.55
837.56
848.95
856.76
859.49
871.43
876.66
880.53
884.77
889.3
891.34
893.62
900.9
913.91
914.42
915.695
919.18
925.74
927.11
929.2
931.64
939.54
941.3
944.59
946.097
