NG1-NG2_NG2
14.1
17.61
25.15
28.46
32.95
34.529
35.48
47.853
49.04
51.3
52.66
54.66
55.33
56.272
58.02
58.219
58.7
60.31
62.81
64.73
66.22
71.254
73.942
77.392
81.04
84.31
88.43
89.46
90.18
90.294
92.86
93.595
95.526
97.06
98.722
100.48
103.91
108.908
109.606
114.35
116.91
121.07
124.28
125.61
125.8
129.56
133.37
136.72
138.94
141.57
142.9
145.04
145.3
146.1
146.58
146.86
148.51
152.74
156.27
156.55
157.0
157.79
158.55
161.73
163.45
165.11
166.78
170.4
170.61
175.79
177.74
180.47
185.31
185.71
185.86
189.12
189.994
193.644
195.25
201.5
203.3
203.62
204.83
205.01
206.93
209.13
210.2
211.23
212.57
212.74
213.02
216.07
216.82
217.35
218.591
219.82
221.82
223.491
226.4
226.59
227.09
231.09
233.1
233.6
240.8
244.65
247.14
249.259
251.27
253.51
254.576
255.18
260.45
265.48
268.1
273.28
274.1
275.03
283.05
284.4
286.08
287.42
287.59
289.2
291.0
293.5
303.05
303.65
305.72
309.13
310.116
310.33
313.0
316.06
318.374
320.2
320.7
329.01
332.491
333.21
333.9
337.6
337.75
340.55
343.6
346.75
349.9
353.98
355.55
360.072
366.37
367.92
370.93
375.3
377.325
379.12
387.83
388.96
390.35
390.75
398.28
402.57
405.189
406.92
409.137
411.12
415.289
418.6
423.1
424.83
427.7
435.47
435.9
437.94
441.16
444.85
447.4
448.1
450.8
451.47
451.74
452.97
454.15
459.35
463.6
464.593
466.76
470.8
471.71
472.8
474.94
475.1
475.36
476.4
480.4
481.3
481.9
484.44
485.63
485.6933
485.76
486.425
488.25
488.58
490.52
493.07
495.9
497.03
505.27
506.11
509.64
512.67
513.22
517.33
517.64
518.39
526.64
529.77
530.24
531.46
533.33
535.27
536.96
537.49
543.73
544.86
550.86
555.15
556.51
560.52
561.61
562.6
563.78
569.05
570.68
571.66
572.13
572.95
573.37
573.86
577.16
578.92
579.16
581.1
581.26
581.55
582.53
585.19
588.53
590.1
593.7
595.07
595.28
596.24
596.7
597.04
600.32
602.56
604.64
607.38
609.29
610.0
613.42
615.46
616.51
617.36
618.33
623.99
626.2
627.6
628.18
628.61
630.83
633.79
634.54
635.07
640.93
641.64
643.97
644.67
645.15
647.38
648.83
655.01
655.88
661.03
666.38
670.28
1347.301
1347.572
1347.982
1348.622
1348.91
1352.313
1354.108
1354.471
1355.647
1356.152
1356.942
1357.815
1360.44
1360.809
1361.85
1362.292
1363.283
1365.587
1366.183
1368.942
1369.947
