#Includes Sigl Email (forwarded By Christo), Jan 14 2025 WDC-EDML ties
##Includes Christo Westerlies Paper WDC-EDML tiepoints
depth1	depth2	age_unc	comment
322.34807170000005	116.73104	10.0	
325.098873	117.54135	10.0	
325.89542510000007	117.72299	10.0	
335.5396561270156	120.45403	10.0	
351.4176211	125.26665	10.0	
359.7404968	127.65835	10.0	
371.03780922604335	130.93309	10.0	
384.6586463999999	134.70264	10.0	
404.1972980183391	140.2718	10.0	
406.2080103096288	140.86577	10.0	
415.4074022	143.61147	10.0	
423.7566048000001	146.20583	10.0	
430.0846216	148.267	10.0	
437.594601	150.42023	10.0	
445.61862949999994	152.85458	10.0	
451.8658341	154.75159	10.0	
455.9379608	155.97932	10.0	
456.55772876913215	156.17424	10.0	
460.3190840000001	157.202	10.0	
486.0596784	164.37244	10.0	
489.0467204	165.25127	10.0	
495.09310740000006	167.07225	10.0	
503.8417492	169.57805	10.0	
507.5571347	170.47125	10.0	
518.5226950783392	173.83083	10.0	
523.9343336	175.37508	10.0	
532.9178968	178.07016	10.0	
541.5053158000001	180.49374	10.0	
565.2854150448512	187.3164	10.0	
572.2561386782207	189.50284	10.0	
576.1049292	190.59402	10.0	
583.93146	192.76805	10.0	
605.45166	199.03664	10.0	
619.4813	202.90623	10.0	
651.91296	212.11398	10.0	
711.2281	230.56233	10.0	
719.9488	233.15553	10.0	
747.75867	241.73041	10.0	
765.3011	246.91953	10.0	
788.57196	253.5215	10.0	
797.8484	256.4855	10.0	
799.88477	257.09448	10.0	
828.4527	265.80096	10.0	
841.50507	269.60794	10.0	
845.09717	270.72076	10.0	
850.8913	272.30182	10.0	
858.1846	274.51605	10.0	
864.3364	276.29614	10.0	
895.5699	285.69812	10.0	
898.19855	286.4422	10.0	
907.6152	289.3242	10.0	
918.47107	292.4305	10.0	
931.43616	296.29797	10.0	
978.5173	310.93356	10.0	
986.9006	313.46555	10.0	
994.9157	316.23914	10.0	
1004.0071	319.11456	10.0	
1007.7121	320.4018	10.0	
1014.5092	322.3789	10.0	
1017.1284	323.22446	10.0	
1022.2327	324.8647	10.0	
1036.5537	329.58057	10.0	
1057.4629	336.12045	10.0	
1063.5288	338.09985	10.0	
1098.9956	349.69986	10.0	
1118.5132	355.9677	10.0	
1137.6896	361.81177	10.0	
1143.8743	363.65863	10.0	
1169.4562	371.988	10.0	
1191.398	378.9124	10.0	
1196.9724	380.6237	10.0	
1210.065	384.7667	10.0	
1232.8859	391.991	10.0	
1234.857	392.56378	10.0	
1235.9896	392.87128	10.0	
1244.0983	395.43683	10.0	
1255.7721	399.2419	10.0	
1285.868	409.5129	10.0	
1294.5082	412.6891	10.0	
1307.8492	417.1532	10.0	
1317.9305	420.85636	10.0	
1341.8308499999998	429.009425	10.0	
1342.3789000000002	429.16792	10.0	
1346.7179	430.62111	10.0	
1348.8787000000002	431.24905	10.0	
1367.891	437.42056	10.0	
1372.7475	438.984675	10.0	
1383.9275	442.63493	10.0	
1399.409	447.84655	10.0	
1400.75945	448.2915	10.0	
1434.0137	459.39908	10.0	
1457.0466	467.27618	10.0	
1463.6526	469.72574	10.0	
1475.1278000000002	474.0324	10.0	
1483.50995	477.044475	10.0	
1526.02965	493.5952999999999	10.0	
1562.1610500000002	507.6978	10.0	
1563.6156	508.32135	10.0	
1566.0098	509.2363	10.0	
1573.0308	511.97116	10.0	
1575.0714	512.77576	10.0	
1575.5708	512.9772	10.0	
1576.2933	513.2617	10.0	
1577.938	513.8898	10.0	
1579.6211	514.556	10.0	
1581.5797	515.29803	10.0	
1582.5856	515.72955	10.0	
1587.2211	517.4511	10.0	
1588.247	517.7965	10.0	
1590.4771	518.78328	10.0	
1598.1232	521.6343	10.0	
1599.2198	522.05524	10.0	
1601.1053	522.8398	10.0	
1601.66215	523.07107	10.0	
1607.9101	525.5099749999999	10.0	
1610.72115	526.57595	10.0	
1612.69145	527.35407	10.0	
1613.6427	527.72925	10.0	
1614.5582	528.05695	10.0	
1614.9921	528.2218	10.0	
1619.21595	529.8686	10.0	
1620.4604	530.32513	10.0	
1623.7227	531.7564	10.0	
1624.08065	531.87793	10.0	
1624.6477	532.0804	10.0	
1628.4528	533.71497	10.0	
1629.417	534.1306	10.0	
1630.6155	534.53754	10.0	
1631.1627	534.7717	10.0	
1633.2483499999998	535.5778700000001	10.0	
1645.8652	540.86395	10.0	
1652.20935	543.30955	10.0	
1653.0307	543.6474499999999	10.0	
1657.2148	545.45374	10.0	
1658.0135	545.8281	10.0	
1668.0076	549.86957	10.0	
1670.0105	550.648	10.0	
1672.1599	551.5577699999999	10.0	
1674.9843	552.77844	10.0	
1679.9392	554.9326	10.0	
1680.9115	555.3609	10.0	
1688.2417	558.61957	10.0	
1689.9398	559.28032	10.0	
1690.5991	559.548	10.0	
1702.9673	565.0353	10.0	
1704.7001	565.7274	10.0	
1706.1971	566.4092	10.0	
1706.8035	566.6871	10.0	
1710.2517	568.2952	10.0	
1717.7517	571.80405	10.0	
1722.8407	574.0736	10.0	
1725.9917	575.4271	10.0	
1727.2925	576.0817	10.0	
1728.88165	576.696775	10.0	
1730.8954	577.5597499999999	10.0	
1733.0176	578.331	10.0	
1741.2788	581.97034	10.0	
1742.82825	582.6385	10.0	
1744.2477	583.2178	10.0	
1756.5502	588.21344	10.0	
1760.0298	589.9235	10.0	
1767.92165	593.32943	10.0	
1772.3733499999998	595.3592	10.0	
1775.4161	596.6662	10.0	
1779.4514	598.31872	10.0	
1784.04	600.4105649999999	10.0	
1790.2628	603.10175	10.0	
1792.1006	603.89734	10.0	
1794.1978	604.74426	10.0	
1799.2285000000002	606.8793000000001	10.0	
1801.8705	608.1039	10.0	
1802.63035	608.41955	10.0	
1806.98085	610.42945	10.0	
1808.93535	611.223615	10.0	
1812.3754	612.7515	10.0	
1824.52325	618.14125	10.0	
1833.09145	622.068575	10.0	
1835.6743	623.20856	10.0	
1836.33835	623.491675	10.0	
1836.724	623.7122	10.0	
1837.7312	624.13	10.0	
1839.50025	624.94195	10.0	
1840.9179	625.5856249999999	10.0	
1844.1117	626.939175	10.0	
1847.5985	628.51715	10.0	
1850.3493	629.8876	10.0	
1856.3602	632.5103	10.0	
1857.6997	633.07367	10.0	
1860.6631	634.378	10.0	
1864.7852	636.18805	10.0	
1865.7206	636.58234	10.0	
1867.7189	637.45757	10.0	
1871.5468	639.2068	10.0	
1873.2122	639.9715	10.0	
1876.3722	641.41885	10.0	
1876.9623	641.6659	10.0	
1877.3217	641.8516	10.0	
1878.8048	642.51697	10.0	
1879.496	642.8293	10.0	
1889.0162	646.9658	10.0	
1891.8687	648.27167	10.0	
1892.47125	648.53728	10.0	
1896.6289	650.2592	10.0	
1899.28165	651.35307	10.0	
1903.1504	652.9167	10.0	
1905.3362	653.84753	10.0	
1909.6083	655.6406	10.0	
1910.1604	655.9032	10.0	
1911.30215	656.37925	10.0	
1913.7766	657.35144	10.0	
1914.68105	657.72203	10.0	
1915.1132	657.88477	10.0	
1916.8041	658.59283	10.0	
1917.5382	658.8588500000001	10.0	
1918.2964	659.12973	10.0	
1919.18605	659.52877	10.0	
1924.6499	661.83263	10.0	
1926.0782	662.45386	10.0	
1932.81905	665.0615	10.0	
1937.71975	667.0418999999999	10.0	
1938.516	667.42487	10.0	
1940.24225	668.0778	10.0	
1945.5884	670.06445	10.0	
1960.2595	675.5111	10.0	
1963.9773	676.90106	10.0	
1965.4983	677.52435	10.0	
1970.1453	679.4992	10.0	
1974.3625	681.2387	10.0	
1986.3717	686.9569	10.0	
1990.2103	688.829	10.0	
1992.5037	689.9252	10.0	
1997.1129	692.214	10.0	
1998.07	692.76996	10.0	
2001.9653	694.76935	10.0	
2003.5747	695.5927	10.0	
2004.8809	696.30536	10.0	
2012.5676	700.1848	10.0	
2019.0599	703.34755	10.0	
2019.71875	703.7012500000001	10.0	
2029.7666	708.715	10.0	
2030.9514	709.3297	10.0	
2036.2931	711.8335	10.0	
2037.3974	712.2717	10.0	
2052.356	718.88824	10.0	
2055.6197	720.316675	10.0	
2056.7922	720.8033	10.0	
2060.534	722.5277	10.0	
2061.3262	722.8629	10.0	
2064.5576	724.23303	10.0	
2068.3719	725.835225	10.0	
2069.5652	726.3054	10.0	
2072.8504000000003	727.58235	10.0	
2075.5989	728.64844	10.0	
2076.0464	728.85956	10.0	
2076.6897	729.13385	10.0	
2079.8062	730.2406	10.0	
2082.9790000000003	731.4713	10.0	
2085.7107	732.404	10.0	
2086.1328	732.5393	10.0	
2086.53535	732.65053	10.0	
2089.6093	733.658	10.0	
2092.74185	734.7567750000001	10.0	
2094.2808	735.3818	10.0	
2101.6035	737.866	10.0	
2102.45875	738.15535	10.0	
2105.618	739.25476	10.0	
2111.28845	741.250275	10.0	
2114.602	742.60868	10.0	
2117.7593	743.7475	10.0	
2120.803	744.96625	10.0	
2124.2327	746.505	10.0	
2127.4128	747.8212	10.0	
2131.8409	749.5496499999999	10.0	
2133.669	750.223915	10.0	
2135.8154	751.1599	10.0	
2138.434	752.0891	10.0	
2143.6616	754.1588	10.0	
2145.3997	754.72595	10.0	
2153.357	757.76154	10.0	
2155.1047	758.36566	10.0	
2155.5995000000003	758.5352350000001	10.0	
2157.661	759.28868	10.0	
2161.5023	760.76232	10.0	
2164.1519	761.6928700000001	10.0	
2170.0275	764.02905	10.0	
2171.1807	764.4761	10.0	
2172.6523	765.0878	10.0	
2175.89835	766.3746	10.0	
2176.3103	766.56085	10.0	
2176.9744	766.79425	10.0	
2177.5696	767.0599	10.0	
2179.8403	767.9488200000001	10.0	
2184.08	769.7599	10.0	
2193.7239	773.8525	10.0	
2196.379	774.8901000000001	10.0	
2200.2559	776.62476	10.0	
2219.8509999999997	784.91353	10.0	
2231.09885	789.3906999999999	10.0	
2232.8442	790.1545	10.0	
2234.7476	790.943	10.0	
2240.1784	793.2139999999999	10.0	
2243.0106	794.57995	10.0	
2245.1505500000003	795.5247999999999	10.0	
2251.0845	798.18207	10.0	
2253.4494999999997	799.2092	10.0	
2254.9102	799.79926	10.0	
2257.2895	800.893975	10.0	
2258.3615	801.4704	10.0	
2259.0776	801.8458	10.0	
2260.021	802.23456	10.0	
2260.254	802.3611	10.0	
2263.21925	803.864875	10.0	
2266.15885	805.325585	10.0	
2267.022	805.68445	10.0	
2267.3398	805.86084	10.0	
2267.61215	806.044085	10.0	
2270.0786	807.254	10.0	
2271.8076	808.2398000000001	10.0	
2276.092	810.3696	10.0	
2278.5054	811.5472	10.0	
2279.451	812.1118	10.0	
2282.8302999999996	813.7708	10.0	
2283.1672	813.94446	10.0	
2288.3785	816.3133	10.0	
2290.2183999999997	817.269675	10.0	
2291.3413	817.808	10.0	
2293.464	818.71985	10.0	
2298.5872	820.9201	10.0	
2299.531	821.392	10.0	
2308.7118	825.98965	10.0	
2314.87115	829.186675	10.0	
2316.3538	829.82306	10.0	
2317.1504	830.271	10.0	
2321.6543	832.5485	10.0	
2334.6667	839.5169	10.0	
2336.5176	840.6224	10.0	
2341.5417500000003	843.3549	10.0	
2345.1475	845.3491349999999	10.0	
2346.23965	846.05448	10.0	
2346.3958	846.1537	10.0	
2346.9712	846.4583	10.0	
2347.3403	846.71326	10.0	
2347.704	846.8951	10.0	
2349.0138	847.6543750000001	10.0	
2350.4243	848.4432	10.0	
2355.5208	851.3265	10.0	
2355.781	851.48182	10.0	
2355.9841	851.58704	10.0	
2356.4324	851.8284	10.0	
2357.4473	852.3507	10.0	
2359.6328	853.56244	10.0	
2361.13835	854.42985	10.0	
2361.3752	854.59467	10.0	
2366.1013	857.3706	10.0	
2367.3593	858.14855	10.0	
2370.019	859.649525	10.0	
2371.5366	860.5787	10.0	
2372.4807	861.1642	10.0	
2373.8777	861.9599	10.0	
2381.58075	866.40515	10.0	
2382.9568	867.1759	10.0	
2389.56895	871.3299	10.0	
2390.2168	871.7418	10.0	
2391.4907	872.54144	10.0	
2392.36	873.06885	10.0	
2392.9119	873.3693	10.0	
2395.8687	875.2794	10.0	
2400.8662	878.84564	10.0	
2402.2556	879.864785	10.0	
2402.5654	880.0768	10.0	
2405.4705	882.27035	10.0	
2444.684	911.73663	10.0	
2445.3074	912.1894	10.0	
2451.0398	916.590625	10.0	
2452.8733	918.11346	10.0	
2455.0771	919.75446	10.0	
2457.179	921.3987	10.0	
2457.6475	921.74347	10.0	
2462.0493	925.1461	10.0	
2462.3513	925.34656	10.0	
2464.9097	927.2386	10.0	
2468.2512	929.6663	10.0	
2468.947	930.27606	10.0	
2469.2866	930.50226	10.0	
2478.4167	936.7164	10.0	
2482.7584	939.67948	10.0	
2484.1403	940.71255	10.0	
2484.315	940.82074	10.0	
2497.1313	949.176425	10.0	
2501.9779	952.24637	10.0	
2503.4124	953.26764	10.0	
2504.247	953.7974	10.0	
2505.0215	954.29695	10.0	
2505.9617	954.93872	10.0	
2506.34905	955.2053	10.0	
2506.9894999999997	955.60345	10.0	
2507.754	956.11105	10.0	
2509.5156	957.2414	10.0	
2511.1632499999996	958.29278	10.0	
2512.8987	959.4158	10.0	
2515.9456	961.38196	10.0	
2516.5046	961.72253	10.0	
2517.2799	962.16665	10.0	
2519.9083499999997	963.9643	10.0	
2521.4048	964.8924	10.0	
2524.7346	967.0306	10.0	
2525.3665	967.50073	10.0	
2525.9104	967.8899	10.0	
2526.9602	968.6351	10.0	
2527.3249	968.8767	10.0	
2528.2925	969.5105	10.0	
2530.1364	970.81515	10.0	
2532.9092	972.7121	10.0	
2538.38065	976.47578	10.0	
2540.122	977.7451	10.0	
2543.36165	980.100475	10.0	
2544.1138	980.68634	10.0	
2547.2249	982.91364	10.0	
2549.6587	984.65857	10.0	
2551.3696	985.9553	10.0	
2552.7168	986.958	10.0	
2554.48035	988.3084	10.0	
2555.3735	988.96985	10.0	
2556.7974	989.90594	10.0	
2557.617	990.532	10.0	
2561.6503	993.68372	10.0	
2563.3528	994.9151	10.0	
2564.664	995.9015	10.0	
2565.5398	996.6058	10.0	
2570.4218	1000.193175	10.0	
2571.4329	1000.9648	10.0	
2572.0293	1001.40645	10.0	
2572.7163	1001.892	10.0	
2574.07835	1002.91703	10.0	
2575.23985	1003.775165	10.0	
2576.6025	1004.88306	10.0	
2577.6375	1005.6105	10.0	
2581.92145	1008.79365	10.0	
2585.33115	1011.58132	10.0	
2586.48025	1012.54688	10.0	
2589.563	1015.083	10.0	
2590.3086	1015.7175	10.0	
2592.34235	1017.41667	10.0	
2594.6275	1019.31698	10.0	
2598.15215	1022.24145	10.0	
2599.106	1023.0386	10.0	
2599.9285	1023.7791	10.0	
2600.441	1024.18605	10.0	
2601.0603	1024.7595	10.0	
2602.9308	1026.44935	10.0	
2604.214	1027.5835	10.0	
2605.2375	1028.5413	10.0	
2610.9857	1033.57505	10.0	
2615.0903	1037.1621	10.0	
2617.3193	1038.9898	10.0	
2619.8171	1041.0626	10.0	
2621.1481000000003	1042.0862499999998	10.0	
2625.5474	1045.4977	10.0	
2626.0742	1045.8883	10.0	
2628.0273	1047.2415	10.0	
2631.20925	1049.494	10.0	
2631.8938	1050.0583	10.0	
2633.6929	1051.35125	10.0	
2634.36775	1051.8124	10.0	
2634.64225	1052.07975	10.0	
2635.1716	1052.4137	10.0	
2637.2144	1053.9028	10.0	
2642.3623500000003	1057.41955	10.0	
2643.9915	1058.5951	10.0	
2644.6938	1059.0714	10.0	
2645.9966	1059.9694	10.0	
2647.7942	1061.1747	10.0	
2648.0615	1061.3577	10.0	
2648.461	1061.6215	10.0	
2649.767	1062.5464	10.0	
2650.289	1062.8818	10.0	
2650.9268	1063.2776	10.0	
2651.73865	1063.8885	10.0	
2652.55185	1064.4374	10.0	
2652.7986	1064.6063	10.0	
2653.0417500000003	1064.7767	10.0	
2653.251	1064.9208	10.0	
2654.8774	1066.0419	10.0	
2656.05185	1066.7675	10.0	
2657.0923	1067.5082	10.0	
2660.24745	1069.71415	10.0	
2661.1619	1070.3527	10.0	
2662.7795	1071.5742	10.0	
2663.4614	1072.0475	10.0	
2664.17935	1072.524	10.0	
2670.08835	1076.93635	10.0	
2673.0376	1079.1698	10.0	
2674.5227	1080.2302	10.0	
2675.4348	1080.9426	10.0	
2675.7898	1081.198	10.0	
2678.81	1083.3357	10.0	
2679.8581000000004	1084.13915	10.0	
2680.7185	1084.85385	10.0	
2680.9911	1085.0177	10.0	
2681.9152	1085.661	10.0	
2683.2092	1086.5614	10.0	
2684.092	1087.1918	10.0	
2684.6936	1087.5996	10.0	
2685.748	1088.4143	10.0	
2687.3808	1089.4315	10.0	
2689.0879999999997	1090.68615	10.0	
2689.774	1091.1998	10.0	
2690.2966	1091.56	10.0	
2691.57115	1092.4712	10.0	
2693.085	1093.3995	10.0	
2693.5054	1093.6416	10.0	
2694.1154	1094.13555	10.0	
2698.5786	1097.3219	10.0	
2700.183	1098.3431	10.0	
2702.216	1099.6436	10.0	
2707.866	1103.41795	10.0	
2708.541	1103.8265	10.0	
2710.4866	1105.0555	10.0	
2713.1694	1106.7719	10.0	
2714.5735	1107.6481	10.0	
2716.5525	1108.7854	10.0	
2717.8475	1109.6055	10.0	
2719.4211	1110.497	10.0	
2720.651	1111.2246	10.0	
2723.3096	1112.7366	10.0	
2725.8628	1114.2236	10.0	
2730.5278	1116.9458	10.0	
2732.255	1117.9763	10.0	
2733.0842	1118.474	10.0	
2733.4832	1118.7223	10.0	
2734.0063	1119.0592	10.0	
2734.3093	1119.2231	10.0	
2737.0195	1120.6953	10.0	
2738.569	1121.5497	10.0	
2741.0847	1122.9567	10.0	
2742.8552	1123.983	10.0	
2746.023	1125.7896	10.0	
2747.067	1126.4568	10.0	
2747.6503	1126.7864	10.0	
2752.5122	1129.6122	10.0	
2756.513	1131.7615	10.0	
2758.5366	1132.84085	10.0	
2758.735	1132.9904	10.0	
2762.8489	1135.2316	10.0	
2765.9214	1136.8676	10.0	
2768.1242	1137.9953	10.0	
2773.094	1140.6	10.0	
2777.928	1143.3176	10.0	
2778.4343	1143.5547	10.0	
2778.933	1143.8121	10.0	
2781.8406	1145.3641	10.0	
2782.7368	1145.8827	10.0	
2783.2996	1146.1483	10.0	
2784.36335	1146.80315	10.0	
2786.421	1148.0812	10.0	
2788.641	1149.2009	10.0	
2794.8716	1152.7919	10.0	
2797.4146	1154.3326	10.0	
2806.6197	1160.14275	10.0	
2807.7026	1160.965	10.0	
2808.1392	1161.235	10.0	
2815.303	1165.6622	10.0	
2822.2307	1170.1915	10.0	
2829.0685000000003	1174.51105	10.0	
2832.0857	1176.7098	10.0	
2834.761	1178.3827	10.0	
2838.8613	1181.2902	10.0	
2840.305	1182.282	10.0	
2846.032	1186.0457	10.0	
2851.6895	1190.5883	10.0	
2852.5913	1191.3242	10.0	
2852.9595	1191.6111	10.0	
2854.8079	1193.1672	10.0	
2855.4053	1193.5905	10.0	
2855.8562	1193.9316	10.0	
2856.74465	1194.6863	10.0	
2858.7341	1196.2463	10.0	
2859.5867	1196.8378	10.0	
2859.7969	1196.9673	10.0	
2861.9312	1198.6675	10.0	
2863.15225	1199.56885	10.0	
2864.9124	1200.826	10.0	
2868.2041499999996	1203.16025	10.0	
2872.3245	1206.0739	10.0	
2872.7795	1206.3578	10.0	
2873.8298	1207.1006	10.0	
2874.5386	1207.5825	10.0	
2874.6624	1207.6724	10.0	
2877.4878	1209.6936	10.0	
2878.2332	1210.2506	10.0	
2879.7039999999997	1211.40015	10.0	
2886.728	1217.361	10.0	
2890.8049	1220.1071499999998	10.0	
2891.53735	1220.7222000000002	10.0	
2891.883	1221.04245	10.0	
2892.068	1221.1936	10.0	
2893.1423	1222.0249	10.0	
2893.3248	1222.1812	10.0	
2894.9397	1223.5343	10.0	
2896.042	1224.4772	10.0	
2896.646	1224.9631	10.0	
2897.485	1225.6224	10.0	
2898.3306	1226.2905	10.0	
2899.841	1227.321	10.0	
2903.9202	1230.5618	10.0	
2904.179	1230.7504	10.0	
2904.7468	1231.2432	10.0	
2907.982	1233.6857	10.0	
2909.8975	1235.2339	10.0	
2910.0999	1235.3787	10.0	
2910.6665	1235.8712	10.0	
2915.1118	1239.1862	10.0	
2916.2415	1239.8987	10.0	
2916.556	1240.0746	10.0	
2917.7263	1240.9088	10.0	
2918.002	1241.0685	10.0	
2919.203	1241.9679	10.0	
2919.5977	1242.1875	10.0	
2922.256	1243.9702	10.0	
2922.8174	1244.3347	10.0	
2923.0784	1244.5215	10.0	
2923.395	1244.7455	10.0	
2924.0942999999997	1245.19595	10.0	
2925.3489	1246.0563	10.0	
2925.8448	1246.35375	10.0	
2928.3302999999996	1247.9699	10.0	
2928.787	1248.2197	10.0	
2929.1868	1248.494	10.0	
2929.5618	1248.7593	10.0	
2930.9307	1249.5577	10.0	
2931.2851499999997	1249.7824500000002	10.0	
2932.6396999999997	1250.6256	10.0	
2932.9717	1250.8594	10.0	
2937.2112	1253.4465	10.0	
2938.7734	1254.4452	10.0	
2939.568	1254.95325	10.0	
2940.0427	1255.2269	10.0	
2940.1904	1255.3212	10.0	
2940.66	1255.6287	10.0	
2943.0652	1257.1204	10.0	
2945.5237	1258.6908	10.0	
2951.03975	1262.2664	10.0	
2952.577	1263.2957	10.0	
2953.04345	1263.7003	10.0	
2953.303	1263.9119	10.0	
2955.933	1265.784	10.0	
2957.2205	1266.7571	10.0	
2958.421	1267.6957	10.0	
2959.4268	1268.4219	10.0	
2960.2014499999996	1268.9495000000002	10.0	
2960.7056	1269.3954	10.0	
2961.4043	1269.917	10.0	
2963.1978	1271.3693	10.0	
2964.3287	1272.26115	10.0	
2969.13725	1276.3075	10.0	
2970.4985	1277.5232	10.0	
2970.9243	1277.8857	10.0	
2973.2434	1279.8978	10.0	
2977.6580999999996	1283.81855	10.0	
2977.9583	1284.088	10.0	
2978.1235	1284.2189	10.0	
2978.456	1284.4559	10.0	
2979.992	1285.7336	10.0	
2981.39375	1286.8535	10.0	
2987.2961	1291.8472499999998	10.0	
2987.6902	1292.1996	10.0	
2988.032	1292.5016	10.0	
2988.2551	1292.6776	10.0	
2991.113	1295.0968	10.0	
2991.43	1295.336	10.0	
2993.0857	1296.6914	10.0	
2994.23	1297.6359	10.0	
2995.016	1298.3978	10.0	
2995.976	1299.1697	10.0	
3002.833	1304.8607	10.0	
3005.4556	1306.8973	10.0	
3006.3289	1307.6372	10.0	
3006.7278	1307.9232	10.0	
3007.481	1308.5588	10.0	
3009.147	1309.9718	10.0	
3009.6016	1310.3324	10.0	
3010.4739	1311.0997	10.0	
3012.4023	1312.6606	10.0	
3012.9038	1313.0688	10.0	
3015.958	1315.615	10.0	
3016.4453	1316.0554	10.0	
3018.7415	1317.9573	10.0	
3019.149	1318.3599	10.0	
3020.2734	1319.3599	10.0	
3020.7466	1319.7817	10.0	
3022.2747	1321.1089	10.0	
3023.084	1321.9637	10.0	
3025.1914	1323.8508	10.0	
3027.6407	1326.04545	10.0	
3029.6646	1327.9834	10.0	
3031.00625	1329.2245	10.0	
3032.8901	1331.0833	10.0	
3033.1785	1331.3833	10.0	
3037.987	1336.0631	10.0	
3043.6871499999997	1341.8055	10.0	
3044.2783	1342.3473	10.0	
3044.5054	1342.5227	10.0	
3046.1423	1343.9125	10.0	
3048.0664	1345.8628	10.0	
3052.1105	1349.52715	10.0	
3053.27415	1350.58845	10.0	
3056.0647	1353.0481	10.0	
3057.9633999999996	1354.5641	10.0	
3059.721	1356.11	10.0	
3059.9402	1356.2933	10.0	
3060.1414	1356.4813	10.0	
3061.1868	1357.3438999999998	10.0	
3061.7263	1357.8235	10.0	
3063.484	1359.3225	10.0	
3063.9617	1359.7511	10.0	
3064.4302	1360.1752	10.0	
3070.3838	1365.7554	10.0	
3073.5173	1368.404	10.0	
3074.9092	1369.5428	10.0	
3079.0768500000004	1372.7135	10.0	
3081.8902	1375.1436	10.0	
3083.9018	1376.9071	10.0	
3086.9128	1379.4951	10.0	
3090.1128	1382.3071	10.0	
3094.8337	1386.5737	10.0	
3095.6716	1387.2803	10.0	
3097.7305	1389.2277	10.0	
3098.59615	1389.99005	10.0	
3099.3813	1390.7417	10.0	
3100.1623	1391.4551	10.0	
3102.6895999999997	1393.7941	10.0	
3103.1787	1394.1654	10.0	
3103.6165	1394.5894	10.0	
3105.6584	1396.3214	10.0	
3108.1769	1398.60125	10.0	
3108.8247	1399.1726	10.0	
3109.9218	1400.1230999999998	10.0	
3110.1094	1400.2625	10.0	
3111.108	1401.2202	10.0	
3112.634	1402.5944	10.0	
3113.0876	1402.9615	10.0	
3113.3804	1403.19125	10.0	
3113.5774	1403.3993	10.0	
3113.803	1403.6154	10.0	
3114.5254	1404.3193	10.0	
3115.1092	1404.8271	10.0	
3115.3077000000003	1405.01495	10.0	
3118.8265	1408.04275	10.0	
3119.8723	1408.9618	10.0	
3121.45865	1410.2815500000002	10.0	
3123.4033499999996	1411.97695	10.0	
3123.8977	1412.3969	10.0	
3125.34625	1413.6967	10.0	
3126.252	1414.4567	10.0	
3127.5151	1415.6515	10.0	
3128.2463	1416.3368	10.0	
3130.1208	1418.1208	10.0	
3134.2031	1421.702	10.0	
3135.3354	1422.7283	10.0	
3141.209	1427.9756	10.0	
3142.0503	1428.7064	10.0	
3142.5005	1429.1045	10.0	
3143.9492	1430.3964	10.0	
3144.98585	1431.27155	10.0	
3146.5122	1432.5046	10.0	
3149.4602	1435.0824	10.0	
3151.2146	1436.5374	10.0	
3151.989	1437.1952	10.0	
3154.2573	1439.0726	10.0	
3160.548	1444.2817	10.0	
3160.9885	1444.6552	10.0	
3162.94035	1446.29545	10.0	
3164.6777	1447.7074	10.0	
3165.0027	1447.9673	10.0	
3165.25135	1448.1311500000002	10.0	
3165.9937	1448.6974	10.0	
3167.7483	1450.0602	10.0	
3168.311	1450.5049	10.0	
3169.0374	1451.1289	10.0	
3170.9706	1452.64965	10.0	
3172.9536	1454.2037	10.0	
3173.17055	1454.37055	10.0	
3175.6008	1456.2834	10.0	
3177.7659	1457.9445	10.0	
3181.0637	1460.4272	10.0	
3181.3413	1460.6394	10.0	
3181.6716	1460.9434	10.0	
3182.2197	1461.3163	10.0	
3182.3958	1461.4382	10.0	
3182.6536	1461.6609	10.0	
3183.2786	1462.1211	10.0	
3184.4274	1462.97835	10.0	
3184.6257	1463.1543	10.0	
3186.711	1464.7275	10.0	
3188.2827	1465.9336	10.0	
3188.8723	1466.3997	10.0	
3192.0266	1468.9328	10.0	
3194.73815	1471.22525	10.0	
3195.8787	1472.2899	10.0	
3196.1328	1472.4852	10.0	
3196.843	1473.0702	10.0	
3197.0002	1473.1953	10.0	
3197.6846	1473.8131	10.0	
3198.3523	1474.4349	10.0	
3200.435	1476.1862	10.0	
3201.6353	1477.2621	10.0	
3201.9525	1477.5535	10.0	
3204.0225	1479.4391	10.0	
3212.6194	1487.921	10.0	
3214.2495	1489.7626	10.0	
3216.5488	1491.9298	10.0	
3217.5242	1492.8364	10.0	
3218.066	1493.3146	10.0	
3218.868	1494.1265	10.0	
3219.4565	1494.7015	10.0	
3219.6797	1494.948	10.0	
3221.3562	1496.5859	10.0	
3222.7782	1497.921	10.0	
3224.5222	1499.8564	10.0	
3224.9722	1500.28	10.0	
3225.1963	1500.5045	10.0	
3227.056	1502.393	10.0	
3227.184	1502.536	10.0	
3227.466	1502.8308	10.0	
3227.7234	1503.0574	10.0	
3228.3238	1503.6131999999998	10.0	
3229.0657	1504.3639	10.0	
3229.2317	1504.5403	10.0	
3230.815	1506.1405	10.0	
3230.988	1506.3495	10.0	
3231.4568	1506.813	10.0	
3231.9115	1507.32445	10.0	
3233.1663	1508.725	10.0	
3239.2778	1515.9142	10.0	
3240.9536	1517.4257	10.0	
3243.1826	1519.6688	10.0	
3244.0792	1520.4299	10.0	
3247.4004	1523.7034	10.0	
3249.6602	1526.121	10.0	
3250.1702	1526.6407	10.0	
3250.5051	1526.974	10.0	
3251.933	1528.4274	10.0	
3252.1406	1528.6454	10.0	
3253.6558	1530.0637	10.0	
3255.2764	1531.6296	10.0	
3256.3232	1532.6385	10.0	
3258.0427	1534.3814000000002	10.0	
3260.34335	1536.59765	10.0	
3265.4775	1541.6805	10.0	
3268.0896	1544.3904	10.0	
3268.5818	1544.893	10.0	
3268.8374	1545.1278	10.0	
3269.2544	1545.5842	10.0	
3271.411	1547.8256	10.0	
3272.7434999999996	1549.38625	10.0	
3272.9854	1549.6378	10.0	
3273.582	1550.2498	10.0	
3273.9863	1550.6749	10.0	
3274.7605000000003	1551.5448	10.0	
3274.97	1551.8174	10.0	
3275.7656	1552.6221	10.0	
3278.3882	1555.78	10.0	
3279.007	1556.5901	10.0	
3279.905	1557.579	10.0	
3280.6907	1558.4028	10.0	
3281.1748	1558.933	10.0	
3283.2244	1561.2207	10.0	
3283.6135	1561.5966	10.0	
3283.789	1561.7777	10.0	
3285.1	1563.1788	10.0	
3285.565	1563.756	10.0	
3286.4192	1564.6693	10.0	
3287.3245	1565.6294	10.0	
3289.1758	1567.6615	10.0	
3289.5317	1567.9637	10.0	
3289.875	1568.2935	10.0	
3294.0281999999997	1572.16535	10.0	
3297.16935	1574.9269	10.0	
3297.9934000000003	1575.50575	10.0	
3299.1892500000004	1576.66635	10.0	
3303.7835	1580.7914999999998	10.0	
3304.14165	1581.0422	10.0	
3306.63325	1583.3306	10.0	
3309.3003	1586.2992	10.0	
3309.8613	1587.07205	10.0	
3312.2441	1589.7266	10.0	
3313.4175	1591.1084	10.0	
3313.8193	1591.5894	10.0	
3314.055	1591.8534	10.0	
3314.9492	1592.9877	10.0	
3315.48195	1593.6044499999998	10.0	
3317.9565	1596.6714	10.0	
3320.1926	1599.9669	10.0	
3320.8982	1600.9833	10.0	
3321.1814	1601.3707	10.0	
3325.995	1608.4176	10.0	
3326.8495000000003	1609.95185	10.0	
3329.054	1613.7388	10.0	
3331.5906	1618.4296	10.0	
3332.9346	1620.6469	10.0	
3334.8748	1623.1815	10.0	
3336.245	1625.0348	10.0	
3337.9028	1627.324	10.0	
3338.6108	1628.5027	10.0	
3338.8843500000003	1628.88055	10.0	
3341.1104	1631.9185	10.0	
3342.2063	1633.76945	10.0	
3342.8284	1634.8036	10.0	
3343.0233	1635.13625	10.0	
3344.2544	1637.5413	10.0	
3344.4597	1637.889	10.0	
3345.342	1639.348	10.0	
3346.0505	1640.6765	10.0	
3346.17	1640.9193	10.0	
3347.824	1644.0522999999998	10.0	
3348.87325	1645.9402	10.0	
3349.8004	1647.91695	10.0	
3350.16215	1648.5979000000002	10.0	
3350.3149000000003	1648.89815	10.0	
3351.1868	1650.7067	10.0	
3352.0293	1652.26445	10.0	
3353.9548	1655.5956	10.0	
3354.1138	1655.8654	10.0	
3354.7599	1657.14635	10.0	
3356.1936	1659.9076	10.0	
3357.8742	1662.7367	10.0	
3359.3209	1665.21075	10.0	
3361.9064	1670.1694	10.0	
3362.4812	1671.2226500000002	10.0	
3362.9681499999997	1672.333	10.0	
3364.6467	1675.887	10.0	
3364.7708	1676.1716	10.0	
3364.9985	1676.7002	10.0	
3367.32	1682.02185	10.0	
3367.5686	1682.6311	10.0	
3368.21415	1684.08555	10.0	
3368.74	1685.496	10.0	
3369.5790500000003	1687.6673	10.0	
3369.8782	1688.5948	10.0	
3370.2412	1689.666	10.0	
3370.7234	1691.2799	10.0	
3371.357	1693.0941	10.0	
2061.336	722.6261	10.0	
2061.9915	722.86847	10.0	
