#https://doi.org/10.5194/cp-3-475-2007
#Depth	Age
0	-50.0
1	-44.4992611236944
2	-39.2019044978267
3	-34.2157117483412
4	-28.6695808211362
5	-22.4968514223302
6	-16.6177430661906
7	-10.6435718247234
8	-3.82698959620518
9	3.84917135843254
10	11.0612137351103
11	18.6337725071737
12	26.3436343402623
13	33.6016394826199
14	40.7375301124991
15	48.3782536886577
16	55.9300292964777
17	64.4922838167228
18	72.4924244240708
19	80.622220969826
20	88.8422195759936
21	97.3858378822961
22	106.622613891407
23	115.603432448891
24	124.818421436914
25	134.589924827027
26	144.293251553771
27	153.883197522998
28	163.700780150312
29	173.472913477021
30	183.174658949714
31	192.574855119145
32	202.3111969143
33	211.955075329156
34	222.22859382137
35	232.127856760553
36	242.279649207028
37	252.420274179116
38	262.727547240671
39	273.111304159246
40	283.664613166982
41	294.536742066312
42	305.387245386388
43	315.946869497206
44	326.613358078718
45	337.446288418161
46	347.904836545974
47	358.665426436129
48	370.095424383727
49	381.099147527126
50	392.348220748573
51	403.683021710162
52	414.266982192996
53	424.710101194107
54	435.557120554524
55	446.463494228203
56	457.233260371788
57	468.312048164165
58	479.451715378753
59	490.714253807463
60	502.466984306458
61	514.202695263507
62	526.477408038855
63	538.584250146968
64	551.10242611204
65	563.369508780808
66	575.494191503049
67	587.677201205803
68	599.894025694485
69	612.135351435311
70	624.160224717004
71	635.956371083059
72	648.031503231315
73	660.331375208278
74	673.051771790604
75	686.198126388986
76	698.65062609205
77	711.052516940511
78	723.54847183008
79	736.56637250328
80	749.840964702193
81	762.673552638739
82	775.057543053401
83	787.434996305752
84	799.617680085236
85	812.220811471847
86	824.052173020645
87	835.748998953438
88	847.477200613375
89	859.498903850311
90	872.30384146905
91	885.552723039994
92	899.188764476262
93	912.989632058374
94	927.19736591733
95	941.92263127315
96	956.184925655798
97	970.424598662709
98	984.719455280266
99	998.964192075299
100	1013.1729530424
101	1026.8331932386
102	1040.71374407656
103	1054.66266666308
104	1068.58214812181
105	1082.65710756269
106	1096.95465904288
107	1111.28439601099
108	1125.51456397686
109	1139.5407860279
110	1153.3581789522
111	1166.81009347704
112	1179.92753003078
113	1193.05552438814
114	1205.89720187455
115	1219.01370578543
116	1232.62068626667
117	1246.13959489073
118	1259.84002506166
119	1273.26825610332
120	1286.68712478009
121	1300.36979875087
122	1313.4122153405
123	1326.6385697105
124	1339.53664080876
125	1351.89970226773
126	1363.62530990747
127	1375.04172439276
128	1387.74466921351
129	1402.48989336995
130	1419.41791185868
131	1436.13945610255
132	1451.50910045986
133	1465.88886801826
134	1480.15176024275
135	1494.4239794359
136	1508.62693736522
137	1522.68213534758
138	1536.64275800118
139	1550.85986651637
140	1564.99647326951
141	1579.22077379553
142	1593.64157756208
143	1608.18346809925
144	1623.10796902081
145	1638.18691437437
146	1653.2774770049
147	1666.8397130954
148	1679.73131163221
149	1693.52975382857
150	1708.5073613158
151	1723.94341603024
152	1738.92143773356
153	1753.79341390311
154	1767.83707449455
155	1782.10368213872
156	1796.51358134576
157	1812.2865475001
158	1828.96462427692
159	1845.69967955615
160	1862.11739619173
161	1877.9089314096
162	1893.93390762303
163	1909.70672976406
164	1925.00451658278
165	1939.34875194562
166	1953.79382320156
167	1967.91232411242
168	1982.18691786796
169	1996.45042115149
170	2010.85211482595
171	2025.62430509444
172	2040.70012235328
173	2055.210041777
174	2069.37336088909
175	2083.43161582524
176	2097.56434453599
177	2111.87204046701
178	2126.10787425231
179	2140.61406040145
180	2155.42762574764
181	2170.69494974145
182	2186.40747621769
183	2201.85035122166
184	2216.4021323549
185	2231.0774898935
186	2245.61515281385
187	2260.41494562679
188	2275.84231677341
189	2291.55265341158
190	2307.19748167226
191	2325.51598172658
192	2344.66070582947
193	2362.87093698478
194	2379.77868468462
195	2396.71815049263
196	2413.81629845236
197	2430.88868553164
198	2447.97628402207
199	2464.97757721925
200	2481.05553235218
201	2497.48936389004
202	2513.43958605283
203	2528.64219496316
204	2543.78268215769
205	2559.20710988292
206	2574.81091502935
207	2590.4556335511
208	2606.07254406068
209	2620.95146853052
210	2635.68097242541
211	2650.29508993606
212	2665.54040310539
213	2681.65780364903
214	2697.32541031001
215	2712.72419240813
216	2727.82994749656
217	2742.65623314059
218	2757.227230328
219	2771.51958952034
220	2785.57883245925
221	2799.91961468962
222	2814.06526251055
223	2828.01471700359
224	2841.82591518066
225	2855.95741956963
226	2870.96686562373
227	2886.02371233288
228	2901.07657979208
229	2915.95194722794
230	2931.04832538655
231	2946.40840633363
232	2961.48613065041
233	2977.30421478025
234	2993.15073772003
235	3008.87625340833
236	3024.37023435181
237	3039.64394663865
238	3054.94949460202
239	3069.87408986636
240	3084.57266417165
241	3099.38511856762
242	3114.37333962045
243	3129.30913543186
244	3144.23111195319
245	3159.27828709201
246	3175.45686319577
247	3192.51196653552
248	3209.57671306439
249	3226.14402070682
250	3242.65202930041
251	3259.40683157095
252	3275.77442866291
253	3291.88888115641
254	3308.26635645938
255	3324.19327207366
256	3340.36672092208
257	3356.52904717917
258	3372.74799482101
259	3389.18068016001
260	3405.82708690998
261	3422.18632621224
262	3438.3611472753
263	3454.58734513782
264	3470.60894689433
265	3486.29298907844
266	3502.43143362317
267	3518.57808170629
268	3534.5522797103
269	3550.47045776698
270	3566.66973184728
271	3583.31582299035
272	3600.06167795214
273	3615.92900695741
274	3630.3529065773
275	3644.51557868433
276	3658.95951880431
277	3673.95391884616
278	3689.59808778008
279	3705.15244453652
280	3720.70717461977
281	3736.50787593116
282	3752.26716717143
283	3768.17918129905
284	3785.04462112734
285	3801.59502086836
286	3818.09706514664
287	3834.06059754487
288	3848.89419446612
289	3863.85518344801
290	3880.33321615357
291	3897.84598195995
292	3915.28452466651
293	3932.90999269575
294	3950.64696918024
295	3967.93841807018
296	3984.79581523502
297	4001.66314893415
298	4018.40672844206
299	4034.19749840625
300	4050.11643458389
301	4066.11953053891
302	4082.15473026117
303	4098.22605602317
304	4114.23712244664
305	4130.10382090302
306	4146.23118857165
307	4162.41345889609
308	4178.50008798629
309	4194.49524215687
310	4210.49784250796
311	4226.16475011734
312	4241.64130545891
313	4257.06135526717
314	4272.50446891394
315	4287.97371364839
316	4303.42159648746
317	4319.21690621452
318	4335.6620687631
319	4352.55169455685
320	4369.3078725724
321	4385.43563422876
322	4401.5622238018
323	4417.78322659165
324	4434.15754392635
325	4450.6757355279
326	4467.08904492461
327	4482.79676049977
328	4498.67744891519
329	4514.41920293907
330	4531.15575640752
331	4548.79995820938
332	4566.36678505235
333	4583.64274213906
334	4600.76936932751
335	4618.21252998885
336	4635.27037575278
337	4652.11617408462
338	4668.84845014028
339	4685.56783771048
340	4702.38767849824
341	4718.75123490903
342	4734.94704730365
343	4751.02074134837
344	4767.40387888727
345	4784.22321952879
346	4800.97547354658
347	4817.7907330735
348	4835.04598749168
349	4852.38184443671
350	4869.32010122911
351	4885.759412738
352	4902.27413845824
353	4918.57108362504
354	4934.8029983236
355	4951.32640249865
356	4968.07382126451
357	4985.15512949732
358	5002.69889603212
359	5020.42671368147
360	5037.69635120694
361	5055.00009468749
362	5072.83706685895
363	5090.61019281607
364	5108.66128000037
365	5126.0849232607
366	5142.90967974952
367	5159.93858591259
368	5176.50229684987
369	5192.89630235387
370	5209.53443659327
371	5227.03590373588
372	5245.2445872718
373	5263.17838205573
374	5280.66538245809
375	5297.95871840868
376	5315.0236932803
377	5332.13564316782
378	5348.89108047884
379	5366.02633724207
380	5383.03054233467
381	5400.09879512989
382	5418.20320229593
383	5437.70303025644
384	5457.51328535909
385	5476.30459749849
386	5494.93223712523
387	5513.41739996447
388	5533.25025009665
389	5553.23596430416
390	5571.06290675799
391	5587.45184634376
392	5604.03968719262
393	5621.31421317445
394	5638.96231770626
395	5656.90470211999
396	5674.58801013777
397	5692.61730612435
398	5710.64372282006
399	5728.25698970887
400	5746.00926890822
401	5763.3232021241
402	5779.85053262233
403	5796.61793010774
404	5813.31360260176
405	5830.70174261025
406	5848.11184201208
407	5864.92483842042
408	5881.88471771428
409	5898.61817766464
410	5916.83306616006
411	5935.70334835382
412	5954.67474696743
413	5974.32456706418
414	5993.79854972865
415	6012.22613223207
416	6029.98041491535
417	6047.84234141059
418	6066.17203924198
419	6085.02584798401
420	6103.54495226948
421	6122.33627722966
422	6141.27735815667
423	6159.62000339621
424	6178.01208015502
425	6196.73604223681
426	6215.45597696126
427	6234.32444963331
428	6253.62574566856
429	6273.35774445229
430	6293.59412729092
431	6313.62323157564
432	6333.02498344472
433	6353.08997057769
434	6373.51549453614
435	6393.55265936337
436	6413.83609144164
437	6433.79766931085
438	6452.21586293358
439	6470.38534855848
440	6488.92813824127
441	6509.61208543568
442	6530.65422955335
443	6550.07533227193
444	6568.88440762693
445	6588.98494435521
446	6610.57297139299
447	6631.67451020927
448	6652.44279159349
449	6673.15988686267
450	6692.46114049312
451	6711.80168753915
452	6731.34057042453
453	6750.74309845984
454	6770.42620743484
455	6791.15589485635
456	6811.84598174842
457	6831.62071843696
458	6850.91973183152
459	6869.81432256878
460	6887.63266185604
461	6905.09883383737
462	6923.90204151202
463	6943.61327113159
464	6963.31400762691
465	6982.88892420135
466	7002.04360434762
467	7021.63351285464
468	7042.20658880877
469	7062.60288286867
470	7082.67259609433
471	7102.55662508565
472	7122.8992850504
473	7143.29216868146
474	7164.19835717299
475	7187.12741205671
476	7209.46260515141
477	7230.37706163358
478	7251.06024078899
479	7272.09593820534
480	7293.01930965869
481	7311.79300768606
482	7330.20201303758
483	7349.24076796934
484	7370.58559447424
485	7391.54773939177
486	7413.19372104619
487	7434.88891691236
488	7455.66777843592
489	7475.8510131018
490	7496.07801166982
491	7516.10608931864
492	7535.89794598506
493	7554.38574507876
494	7573.05755071478
495	7591.82982996188
496	7610.59236204118
497	7629.45708851235
498	7649.99080209165
499	7670.92684001305
500	7690.27792702605
501	7708.93448773578
502	7728.22461784218
503	7747.98886283107
504	7767.85977679599
505	7787.35982761544
506	7807.03644019
507	7827.91749548328
508	7849.3707698783
509	7870.05078502398
510	7890.28124477018
511	7910.60860604213
512	7931.11456092835
513	7951.18747297877
514	7972.02942609525
515	7992.78287730126
516	8013.73786723012
517	8034.70993191599
518	8055.98690155459
519	8077.67390218369
520	8098.6787810741
521	8118.48795630965
522	8138.27703105304
523	8159.90644546672
524	8182.28326876206
525	8203.99281168289
526	8225.45914299907
527	8246.19401320488
528	8266.32488594957
529	8286.64824163125
530	8307.13586339423
531	8327.79645522682
532	8348.72888456911
533	8369.86532585328
534	8391.35796053494
535	8413.00124336823
536	8433.92990687521
537	8454.14673681053
538	8474.32383954173
539	8494.20659581138
540	8514.32506012698
541	8534.93893942497
542	8555.62032895893
543	8575.89931204631
544	8596.03248147552
545	8616.27358696229
546	8636.52490146649
547	8657.13282224602
548	8678.21562629416
549	8699.64198351685
550	8721.61180139503
551	8743.52271510465
552	8764.7842835109
553	8785.94202716199
554	8808.86913201991
555	8832.12834196381
556	8853.12989046288
557	8873.92901670266
558	8895.08890405448
559	8916.45900934535
560	8937.50587283052
561	8958.13113367954
562	8979.05024737888
563	9000.2997501166
564	9021.49610454233
565	9042.58906009783
566	9063.50768583191
567	9084.15995767339
568	9104.63446222033
569	9126.71681646042
570	9149.13411211308
571	9170.63014873706
572	9191.84454189724
573	9212.34763413527
574	9232.2150603206
575	9253.64105833894
576	9276.88090218013
577	9300.54358790421
578	9325.84727225523
579	9349.25989678406
580	9371.34850895067
581	9392.32834790071
582	9412.98591426824
583	9433.76864791063
584	9454.12554083728
585	9475.72169425782
586	9499.40335906208
587	9522.8369439611
588	9545.34543502099
589	9567.53331048556
590	9588.81447964148
591	9610.54263385138
592	9632.97847556742
593	9655.09565288245
594	9675.5608830735
595	9696.0581287455
596	9716.57334028231
597	9736.99672606171
598	9756.34642773888
599	9775.33082345284
600	9795.57258723155
601	9818.80512167522
602	9841.83656837035
603	9864.83932409333
604	9887.35204439272
605	9909.32248636007
606	9932.05549099271
607	9955.24858729263
608	9977.5683217777
609	9999.05940374956
610	10019.6119421073
611	10039.7218519801
612	10060.8524945317
613	10082.7890774439
614	10104.4174549749
615	10124.7492615119
616	10145.6311015496
617	10167.4227463815
618	10189.2853143899
619	10211.2883280819
620	10233.8271857731
621	10257.0789137525
622	10279.9623464023
623	10301.2273089826
624	10321.8641979648
625	10342.7825174125
626	10365.5815751802
627	10388.2840349056
628	10410.8755426898
629	10433.6113590013
630	10455.621477438
631	10475.4404709481
632	10494.7978415854
633	10513.9348053314
634	10532.9271163492
635	10553.4973721805
636	10575.8453757051
637	10598.1643193199
638	10620.5699530065
639	10642.5657890663
640	10663.9988830347
641	10685.4406331262
642	10706.8391065636
643	10728.8326830384
644	10752.0053462748
645	10774.7296412519
646	10796.8395047698
647	10818.5005485012
648	10839.6641948561
649	10861.2942953079
650	10884.5368641867
651	10906.9023214701
652	10928.6808848655
653	10951.4008913994
654	10975.9511312939
655	10999.1903057852
656	11020.9791846411
657	11043.3300169178
658	11066.1091769756
659	11089.1695892436
660	11112.5850057294
661	11136.7593511196
662	11161.1555919818
663	11183.288125039
664	11204.1835567249
665	11226.4948814914
666	11249.4037987384
667	11272.97381312
668	11297.2179318464
669	11319.0846706632
670	11340.6869677836
671	11363.3535943458
672	11385.9060640052
673	11408.6535685323
674	11431.2505380655
675	11451.5129980506
676	11471.1989222178
677	11490.5098557691
678	11509.3386724244
679	11529.3138563283
680	11550.6395449711
681	11572.033506521
682	11593.3918568242
683	11614.5420707087
684	11634.3435093319
685	11654.0701049899
686	11673.5709067836
687	11692.9223404873
688	11712.6408866908
689	11732.8247917649
690	11752.6786071246
691	11772.1513997028
692	11792.1748812661
693	11814.1873807457
694	11836.6987646915
695	11858.9661801431
696	11881.1869657452
697	11903.4413788427
698	11925.6878133657
699	11949.4973937915
700	11973.3807696118
701	11995.4520391593
702	12017.6587251225
703	12041.2231412529
704	12065.160253192
705	12089.5988295226
706	12114.6280739556
707	12141.0668221123
708	12167.0670955471
709	12192.2672010167
710	12216.2513646216
711	12239.2125053966
712	12262.5963304118
713	12286.3191376478
714	12311.1867232939
715	12336.6979198804
716	12361.6434224868
717	12386.1636637204
718	12410.3309436397
719	12434.0618863503
720	12457.0264802329
721	12480.1889785419
722	12504.6675682415
723	12530.0206000172
724	12557.387419317
725	12585.0046463271
726	12612.9117507711
727	12640.7944243897
728	12668.4691824384
729	12695.928324741
730	12723.758913289
731	12752.4076464526
732	12785.2481950719
733	12819.5027715484
734	12849.9815238086
735	12877.1859042235
736	12905.0836902128
737	12933.820696441
738	12963.3923559122
739	12992.337982279
740	13019.9467391471
741	13047.2328339967
742	13074.7903740147
743	13103.4744916981
744	13131.8040962982
745	13159.2347797094
746	13185.1744061754
747	13210.5071443042
748	13236.7099625491
749	13262.7466018423
750	13287.7911955409
751	13313.0220929486
752	13338.7678424699
753	13365.8295154445
754	13394.3981759648
755	13422.4604085094
756	13450.1648886419
757	13477.5819838154
758	13504.0354063022
759	13529.272104513
760	13555.6026998912
761	13583.2769558273
762	13612.0266208026
763	13641.5737559797
764	13671.2607761283
765	13700.1801673155
766	13728.7742338004
767	13757.7985548949
768	13785.770688148
769	13812.9985043683
770	13840.2219007023
771	13868.2306476509
772	13897.6076018002
773	13925.6252552816
774	13953.0242599488
775	13977.7783262545
776	14002.4548900819
777	14029.0018061285
778	14055.946587784
779	14084.0258722862
780	14111.0147436167
781	14136.9404703058
782	14161.9994594172
783	14186.8638866598
784	14212.7965303969
785	14237.6339802678
786	14259.1059424848
787	14280.5149664857
788	14302.9528641799
789	14325.7065840587
790	14348.4673408593
791	14371.7889245855
792	14397.0748109324
793	14422.5115708328
794	14445.5582828621
795	14468.1859284453
796	14492.4417771685
797	14516.2259058181
798	14539.4375543344
799	14562.9585417518
800	14587.0122398822
801	14612.2222047017
802	14638.913420301
803	14666.0431471882
804	14691.7684954106
805	14716.0414388231
806	14737.2464875786
807	14760.5613829205
808	14785.1771845272
809	14809.2440742665
810	14833.462772618
811	14857.5891286123
812	14881.9760244545
813	14907.674772689
814	14934.100553192
815	14957.1640197848
816	14980.2411926237
817	15006.7831918973
818	15033.2668679188
819	15058.7651414246
820	15083.9061825296
821	15109.0123183661
822	15134.1723429028
823	15159.6280590987
824	15185.5659673115
825	15212.1785065608
826	15239.5290391633
827	15266.9115824396
828	15294.1625996507
829	15321.3165216259
830	15348.3625018475
831	15375.2595526206
832	15401.7598084144
833	15427.1982819743
834	15452.3355191316
835	15478.5084540088
836	15504.8402317703
837	15531.0727379208
838	15557.6531590093
839	15584.7857525294
840	15610.8833007695
841	15636.2768309194
842	15662.0710363203
843	15688.0420554386
844	15714.050978073
845	15740.308549423
846	15767.1147184238
847	15794.0935057379
848	15821.5148612588
849	15848.5784750497
850	15875.7649607122
851	15903.575811439
852	15932.0006327371
853	15960.9130241252
854	15991.3872743067
855	16021.8938748069
856	16052.0630281234
857	16080.8188941543
858	16108.7070285894
859	16136.6518395106
860	16165.0956637722
861	16194.9756230707
862	16225.41109154
863	16256.0548070292
864	16285.6133583415
865	16315.4625417102
866	16346.1398243725
867	16376.8929576605
868	16407.70960281
869	16439.2610832908
870	16472.1360661739
871	16504.7449350146
872	16536.5510217339
873	16567.6967167081
874	16598.4241634724
875	16629.2093128788
876	16661.1810848861
877	16693.5429214661
878	16725.9986080549
879	16759.1965434455
880	16793.8419378174
881	16830.561067242
882	16869.1184962786
883	16904.7387196884
884	16939.4994916954
885	16974.0541576953
886	17007.5622508043
887	17042.0944277849
888	17077.2329349103
889	17110.9952851298
890	17147.5157995965
891	17183.7003119861
892	17219.7134969769
893	17256.1259976886
894	17292.7536813168
895	17329.8575014006
896	17368.4842851375
897	17409.0126344667
898	17449.6253513468
899	17490.2644349636
900	17531.9957355238
901	17570.0013978568
902	17607.8538609583
903	17648.0610438383
904	17688.8132191406
905	17728.6291822419
906	17768.7209102296
907	17810.4030501992
908	17853.2370886706
909	17895.8101868192
910	17937.6725566565
911	17979.0420163573
912	18020.0832832804
913	18061.4245835995
914	18103.7270236721
915	18146.7560507495
916	18189.8535616885
917	18233.2237311727
918	18277.230429396
919	18322.1126844005
920	18369.442494336
921	18411.2618381746
922	18454.7428289292
923	18498.1104765837
924	18543.7748533317
925	18589.4669886259
926	18635.2742626617
927	18680.712329073
928	18726.084641986
929	18771.5822088521
930	18817.6084865253
931	18864.6409790177
932	18910.4189431778
933	18955.3116774386
934	19004.0107469596
935	19051.478207681
936	19095.7367743808
937	19141.7051413456
938	19186.950259114
939	19227.4873506941
940	19273.1950812343
941	19317.7994936677
942	19364.4493125041
943	19409.8397963254
944	19456.0459725105
945	19502.9024577617
946	19550.591629296
947	19597.4099540397
948	19645.6241161943
949	19693.5242144987
950	19738.9553745875
951	19782.9838029991
952	19827.4261091729
953	19875.7385664384
954	19928.3760506761
955	19976.4068772286
956	20019.4278782019
957	20072.1192641819
958	20124.6195105222
959	20171.1776511788
960	20215.2419529592
961	20258.4938333611
962	20303.7215303286
963	20349.4391297313
964	20395.548751976
965	20442.7092719328
966	20487.5966617998
967	20532.0903520312
968	20579.5031798645
969	20630.0646177019
970	20685.5397617515
971	20743.3000789617
972	20798.963967127
973	20853.1456959
974	20905.2056628872
975	20956.3288773154
976	21008.6673986634
977	21059.1266020519
978	21108.863723185
979	21156.9997727321
980	21206.2869488744
981	21258.1022779734
982	21309.3896664606
983	21357.2471785529
984	21402.4183909881
985	21448.7963207056
986	21497.8009382123
987	21546.1037994279
988	21593.0746598139
989	21641.0586332019
990	21688.959914518
991	21734.4389957895
992	21777.4852055692
993	21819.0658805064
994	21860.0424891217
995	21903.7185550598
996	21946.6283145294
997	21991.2992358118
998	22035.8259645407
999	22081.6535746251
1000	22129.0737344295
1001	22176.67915995
1002	22222.0694712708
1003	22269.3007404032
1004	22320.1997973244
1005	22367.1458792865
1006	22412.1739801061
1007	22459.4795332043
1008	22505.7756687526
1009	22551.3173172174
1010	22598.3253655159
1011	22645.7006499949
1012	22692.9099208441
1013	22740.7174831311
1014	22787.9907097791
1015	22835.0564348595
1016	22882.1245591941
1017	22929.2717236596
1018	22975.3841425436
1019	23019.4054009024
1020	23061.9624503833
1021	23103.6398138533
1022	23145.0107152255
1023	23186.8988386875
1024	23229.1727348381
1025	23270.5895928274
1026	23312.9354004435
1027	23354.8918920191
1028	23394.6401255013
1029	23433.6175205397
1030	23473.2838401878
1031	23511.7916142789
1032	23550.3359547532
1033	23589.6783648806
1034	23629.4377575572
1035	23668.6503562
1036	23709.2270509329
1037	23751.2475497891
1038	23795.653713561
1039	23842.643115959
1040	23888.3717335979
1041	23932.2948466423
1042	23974.7356116833
1043	24017.0245485814
1044	24062.2687029884
1045	24104.7541771629
1046	24145.8756641032
1047	24186.0741402366
1048	24225.78062057
1049	24266.1914235534
1050	24309.1901337059
1051	24351.6569956002
1052	24394.5614661674
1053	24439.1862796492
1054	24481.1277956329
1055	24518.8502564974
1056	24560.044248702
1057	24603.8423633397
1058	24648.6497734868
1059	24692.8127444668
1060	24735.8869045401
1061	24778.0104531315
1062	24819.3238779967
1063	24859.2113463905
1064	24899.6800288047
1065	24939.3408444122
1066	24978.4466378414
1067	25018.6250978412
1068	25058.9804341323
1069	25098.9731718514
1070	25138.1010499248
1071	25176.1146965762
1072	25213.9927117721
1073	25253.6026792797
1074	25294.4484472513
1075	25335.758028319
1076	25376.4888720779
1077	25416.3992388248
1078	25456.2407200286
1079	25496.3584461731
1080	25536.857590031
1081	25577.402847168
1082	25618.0328535222
1083	25659.0017574606
1084	25700.7194629984
1085	25743.6498338363
1086	25787.115674414
1087	25831.0037660607
1088	25875.9201099513
1089	25919.0734131226
1090	25959.473341567
1091	26000.183339895
1092	26041.7464123673
1093	26080.8017140362
1094	26119.6203917118
1095	26159.7680551651
1096	26200.4370878049
1097	26239.2116625489
1098	26280.0764973599
1099	26322.1101248074
1100	26362.39597407
1101	26400.0854750359
1102	26440.4672114373
1103	26482.1162380742
1104	26523.7810715462
1105	26567.7655727511
1106	26614.2730062415
1107	26662.4569857362
1108	26710.4501302582
1109	26756.4480647577
1110	26801.5553375281
1111	26847.8641057487
1112	26895.7136448396
1113	26944.1535530231
1114	26992.0857243802
1115	27040.0163575747
1116	27088.3210437422
1117	27136.4325566398
1118	27182.8657892043
1119	27227.1118057147
1120	27270.2245716382
1121	27311.9609268298
1122	27351.9163258442
1123	27392.1112055038
1124	27433.6215559579
1125	27475.3064772244
1126	27519.1142867572
1127	27572.0768440954
1128	27619.7016117863
1129	27662.2459356647
1130	27702.6691077158
1131	27745.2647569652
1132	27790.5146074211
1133	27838.0246320124
1134	27885.2947114301
1135	27931.8332087956
1136	27981.6067162078
1137	28035.3617948043
1138	28089.0074054314
1139	28141.0019172093
1140	28196.2015968424
1141	28253.1180250829
1142	28307.7415591449
1143	28362.7445894966
1144	28415.8325297318
1145	28468.3153695524
1146	28522.6359290536
1147	28576.9761603468
1148	28631.6177550717
1149	28687.8940936896
1150	28744.5171318562
1151	28800.4805947254
1152	28855.7822425533
1153	28909.9632278136
1154	28963.4746225311
1155	29016.8388367074
1156	29070.0144050368
1157	29122.2108629716
1158	29174.4645327328
1159	29224.6152883301
1160	29277.1206360897
1161	29328.2919634701
1162	29381.0210976462
1163	29436.7812033766
1164	29491.6692798352
1165	29544.8254745577
1166	29597.8432684672
1167	29650.7702531008
1168	29702.8841326253
1169	29756.6731709434
1170	29814.5228272945
1171	29877.2357576622
1172	29939.5586948748
1173	30003.4861701967
1174	30066.0597866627
1175	30133.9861921397
1176	30204.214736145
1177	30268.0738300723
1178	30331.9169591935
1179	30392.545168582
1180	30452.7964547095
1181	30513.8156160264
1182	30574.9369165538
1183	30634.1014653471
1184	30692.0670264717
1185	30749.6953258768
1186	30807.1020628299
1187	30862.0166029435
1188	30917.5724555835
1189	30976.2718974965
1190	31035.3143645877
1191	31102.4643228531
1192	31169.2729703256
1193	31231.8382795418
1194	31295.3896644075
1195	31357.3367768101
1196	31416.897062593
1197	31476.9996163018
1198	31539.0522059378
1199	31602.1849683539
1200	31666.8711347908
1201	31728.3790771006
1202	31784.7122716892
1203	31840.9881472595
1204	31895.4026332764
1205	31944.9275791163
1206	31996.053991054
1207	32050.4661191784
1208	32107.8728476666
1209	32160.9464739066
1210	32212.3359707571
1211	32265.4966715303
1212	32317.5133206865
1213	32369.0698852604
1214	32421.4045044115
1215	32473.9385563727
1216	32526.1348386944
1217	32581.1746949052
1218	32639.9518947694
1219	32699.3169129266
1220	32758.8703474333
1221	32819.8640485502
1222	32879.2563701324
1223	32937.1948882765
1224	32995.5935807294
1225	33051.904384346
1226	33106.4763028382
1227	33160.0459208829
1228	33213.1564885154
1229	33266.6102578578
1230	33319.468204216
1231	33372.2915043767
1232	33427.1635959465
1233	33482.1011458781
1234	33536.8276408125
1235	33590.0674738093
1236	33643.1132803297
1237	33698.5578118437
1238	33753.0234219365
1239	33808.9486209762
1240	33867.8487645116
1241	33927.6032361872
1242	33987.6598519001
1243	34048.3016606088
1244	34108.575650818
1245	34166.1699661608
1246	34226.2418548499
1247	34288.136428407
1248	34354.1031625835
1249	34415.6615603646
1250	34473.5175006594
1251	34532.9032728231
1252	34588.2464402102
1253	34645.9483230628
1254	34701.9278706289
1255	34758.5035886506
1256	34814.4101866007
1257	34869.2029420861
1258	34925.7565346039
1259	34982.3831290448
1260	35036.5762241226
1261	35089.451635048
1262	35145.9537360817
1263	35201.5105448629
1264	35253.7258024118
1265	35307.0417338823
1266	35363.1098059368
1267	35421.0432457657
1268	35475.7166563531
1269	35526.4014054088
1270	35580.0192190775
1271	35635.7473821051
1272	35689.4200024544
1273	35742.0458368723
1274	35797.8126561553
1275	35851.3821098122
1276	35909.2228526763
1277	35961.28351254
1278	36013.1526344896
1279	36065.2180566836
1280	36119.3984825682
1281	36176.8849362968
1282	36235.2057803024
1283	36294.6195444831
1284	36351.940425267
1285	36408.2508099452
1286	36465.2628807905
1287	36522.3740892892
1288	36578.8514792267
1289	36635.8058631034
1290	36692.8906214633
1291	36749.7205314256
1292	36808.4959629588
1293	36867.1029248126
1294	36924.2848577275
1295	36980.3332917788
1296	37035.4574979665
1297	37088.3180346619
1298	37142.1813150657
1299	37194.3715624742
1300	37244.1228598828
1301	37294.7467693909
1302	37348.026425667
1303	37404.6883008194
1304	37466.7528748133
1305	37523.7392286855
1306	37574.7454219831
1307	37621.476701857
1308	37671.1492807067
1309	37721.4380057811
1310	37770.9173194135
1311	37812.6528723207
1312	37858.7275918011
1313	37909.1045432141
1314	37961.518633048
1315	38013.4061591203
1316	38062.0902570775
1317	38106.9919750189
1318	38152.8211099266
1319	38200.6906607989
1320	38249.8037854196
1321	38294.7316435591
1322	38339.2081828313
1323	38383.9117840451
1324	38428.1308676133
1325	38473.297544733
1326	38518.0200610227
1327	38561.7879704511
1328	38605.4289558058
1329	38649.6397021302
1330	38694.9438960003
1331	38741.6145293685
1332	38789.656895342
1333	38833.5438803287
1334	38878.1206902119
1335	38922.5047430534
1336	38967.5923638534
1337	39014.1797969541
1338	39060.2747268977
1339	39103.0451196994
1340	39152.0123300954
1341	39200.9762190006
1342	39253.4417696455
1343	39309.0320395678
1344	39363.5341075993
1345	39418.0288066293
1346	39472.0657788374
1347	39527.5793062322
1348	39586.3729637273
1349	39646.5006694548
1350	39704.9850749045
1351	39764.3504568145
1352	39822.4357223358
1353	39880.3234755162
1354	39937.1193167096
1355	39993.6820316525
1356	40049.9034324231
1357	40109.7283180838
1358	40167.6530166016
1359	40226.8733125429
1360	40287.9644054574
1361	40347.4818893238
1362	40404.5303070147
1363	40460.7895667149
1364	40519.4395839766
1365	40580.9058319402
1366	40641.4624739729
1367	40700.5768903551
1368	40758.7482100864
1369	40815.4262221704
1370	40872.8631785065
1371	40932.2321043538
1372	40990.4276455731
1373	41048.3179884532
1374	41109.1150506532
1375	41170.6095917643
1376	41226.3186344582
1377	41278.5041015063
1378	41332.4633976736
1379	41386.7393337161
1380	41443.5436864582
1381	41496.6083800249
1382	41551.3767989039
1383	41606.8263966516
1384	41664.1379740646
1385	41719.7233431976
1386	41776.4520219522
1387	41836.9337828736
1388	41896.5330009645
1389	41959.3086715863
1390	42020.278189178
1391	42078.7490511148
1392	42135.6819174122
1393	42191.5545393173
1394	42249.3422369025
1395	42308.7617370355
1396	42370.2059038384
1397	42432.4535683222
1398	42491.1019468324
1399	42546.9663283791
1400	42602.5754799296
1401	42657.5273453695
1402	42715.535928577
1403	42773.1900943037
1404	42833.0588771746
1405	42891.3710137237
1406	42948.8932113858
1407	43008.3449446088
1408	43067.9550308432
1409	43127.0020839754
1410	43187.2149812942
1411	43247.148847564
1412	43310.1823192203
1413	43370.7467013643
1414	43426.6478878681
1415	43485.2362218592
1416	43546.4180210359
1417	43607.7404228556
1418	43667.2921174077
1419	43726.9525519805
1420	43786.779945807
1421	43849.359551045
1422	43913.0494000124
1423	43974.3445028654
1424	44037.1096890515
1425	44101.9517910251
1426	44166.4875031986
1427	44232.7354800247
1428	44299.3431410176
1429	44363.7593026466
1430	44424.5042359232
1431	44486.8889772519
1432	44553.60212026
1433	44622.178019896
1434	44687.9359668453
1435	44748.2393466262
1436	44802.5460290112
1437	44852.163217012
1438	44901.4931476233
1439	44955.1193068118
1440	45016.9868294168
1441	45084.4237249664
1442	45153.4686452117
1443	45223.4201070154
1444	45293.3467528651
1445	45359.1274547329
1446	45419.067635199
1447	45470.6298073743
1448	45519.9235966518
1449	45575.0561103533
1450	45634.3158235072
1451	45696.7533098709
1452	45760.1265866801
1453	45819.9442246628
1454	45883.1092713489
1455	45933.1389690481
1456	45983.4482972967
1457	46041.2015296111
1458	46102.7868845842
1459	46162.1470214538
1460	46226.3523553401
1461	46290.6042037056
1462	46354.8830730764
1463	46419.7492382366
1464	46475.0591749423
1465	46526.8502383571
1466	46581.2101051305
1467	46635.4640013925
1468	46688.7670555653
1469	46741.4458447515
1470	46798.4697511556
1471	46855.9938312605
1472	46912.6694205785
1473	46968.5568470808
1474	47025.2439940311
1475	47082.6203969615
1476	47142.6041598516
1477	47201.1225071585
1478	47259.8325840493
1479	47321.389719897
1480	47387.6589641766
1481	47453.6328601673
1482	47516.0202972161
1483	47574.0189159047
1484	47630.8445712728
1485	47684.6660067617
1486	47735.553238052
1487	47787.2531870344
1488	47840.3875185122
1489	47892.124630636
1490	47945.3418739363
1491	48004.9381886908
1492	48063.6883162779
1493	48122.4234150619
1494	48181.0674752427
1495	48237.4268475928
1496	48293.3080363509
1497	48348.8284310092
1498	48403.8301441557
1499	48460.6583201481
1500	48521.1691286133
1501	48584.9921660555
1502	48651.7745437388
1503	48713.1202352923
1504	48780.6774561566
1505	48845.0366110065
1506	48905.086058384
1507	48964.4134261172
1508	49027.4026645028
1509	49091.6835788227
1510	49157.0485797468
1511	49221.2099369685
1512	49286.534536677
1513	49352.8556309978
1514	49417.9428633219
1515	49482.5342037929
1516	49544.1140218086
1517	49605.9029851487
1518	49667.8137192074
1519	49728.3304753787
1520	49791.1654224952
1521	49853.0778840006
1522	49914.8166354614
1523	49978.8611479331
1524	50043.1938936934
1525	50104.5809818173
1526	50166.8509996173
1527	50232.1603418626
1528	50303.4894455206
1529	50368.4767306789
1530	50424.9566423785
1531	50475.8038240661
1532	50523.7901898109
1533	50574.1892187465
1534	50626.6205418062
1535	50678.7757410308
1536	50732.260857197
1537	50790.6761227369
1538	50852.0591910409
1539	50917.2972606548
1540	50982.9278075729
1541	51049.5115320523
1542	51121.8821065339
1543	51193.3760877687
1544	51263.6910727145
1545	51332.7101283986
1546	51400.560566928
1547	51467.3819208491
1548	51529.7760612406
1549	51592.3510491608
1550	51656.575845262
1551	51719.9926182214
1552	51780.2652837363
1553	51837.7222378791
1554	51897.3288151019
1555	51955.9327505326
1556	52010.9612894841
1557	52066.104433921
1558	52121.0829501982
1559	52180.9433811016
1560	52242.6802223276
1561	52303.0513995559
1562	52363.1422250928
1563	52421.9123308953
1564	52479.1566743071
1565	52539.0008807959
1566	52597.0695409053
1567	52654.0201947737
1568	52712.3798789668
1569	52769.2367135628
1570	52825.3823386246
1571	52884.5410414719
1572	52946.7475242642
1573	53007.4473612721
1574	53062.1565760057
1575	53117.220448986
1576	53173.8758096504
1577	53229.2713886115
1578	53285.1568559885
1579	53340.9491419497
1580	53395.5074834535
1581	53448.9407106635
1582	53503.1941142592
1583	53558.3967276119
1584	53613.7530878261
1585	53671.9401661493
1586	53730.2684339908
1587	53785.8574227274
1588	53840.8345174024
1589	53896.5332498761
1590	53953.8268028464
1591	54012.6551811246
1592	54072.3158691864
1593	54132.3124598235
1594	54188.3976335422
1595	54244.3789724864
1596	54301.064454961
1597	54361.6676700735
1598	54424.281431715
1599	54488.351714138
1600	54552.7878517272
1601	54617.1795174883
1602	54684.2946202237
1603	54750.5527526112
1604	54813.1573274394
1605	54872.8974163747
1606	54934.0820573098
1607	54992.3553686187
1608	55051.2589234962
1609	55112.5921522142
1610	55172.679485867
1611	55233.960787009
1612	55294.332674189
1613	55355.0841861702
1614	55418.8330120413
1615	55480.4332083377
1616	55541.335655535
1617	55604.1229453245
1618	55669.2823817403
1619	55738.0816156451
1620	55804.8482638597
1621	55870.8710041643
1622	55940.5950866004
1623	56008.5107509856
1624	56077.872939256
1625	56145.7815840145
1626	56210.2455005816
1627	56275.9468561217
1628	56345.6275696663
1629	56413.3929948301
1630	56481.7078558939
1631	56549.4119004425
1632	56614.9392854428
1633	56684.2328274017
1634	56751.1896400869
1635	56815.1346949911
1636	56877.0177571
1637	56937.9045579586
1638	56999.5535454035
1639	57061.7859432475
1640	57121.3375068098
1641	57177.6244555465
1642	57235.3633098552
1643	57291.0231801506
1644	57350.8864802979
1645	57415.0156983983
1646	57475.5455581989
1647	57532.2832309868
1648	57591.3817087539
1649	57650.5475400178
1650	57708.3070782394
1651	57772.0355982138
1652	57838.5664914099
1653	57902.7256165998
1654	57965.361539303
1655	58027.7648877976
1656	58087.4307981469
1657	58150.1518433228
1658	58208.668180694
1659	58266.4741556507
1660	58323.70836227
1661	58379.0758572591
1662	58436.6347618729
1663	58494.2625203037
1664	58548.2983472395
1665	58598.4646170103
1666	58650.9606190535
1667	58703.4051684955
1668	58755.2686083568
1669	58808.2540482413
1670	58862.3783918668
1671	58916.8824373611
1672	58970.9016371748
1673	59024.9198496727
1674	59077.9390417501
1675	59129.7765254679
1676	59187.0546390087
1677	59238.1123343228
1678	59292.2256739889
1679	59349.8648360943
1680	59406.7815703136
1681	59459.5461116669
1682	59513.5195825695
1683	59570.1940251286
1684	59625.089510797
1685	59682.3589300617
1686	59740.9830364616
1687	59793.7503637579
1688	59845.8859649806
1689	59897.855592229
1690	59952.1758312767
1691	60008.3274711232
1692	60066.0910938435
1693	60125.4191266824
1694	60186.5747598195
1695	60247.0276285573
1696	60305.8322751877
1697	60368.4989836173
1698	60428.2804770461
1699	60487.3507176175
1700	60547.5576816441
1701	60603.319425936
1702	60659.5151689993
1703	60719.3651578265
1704	60780.6527215238
1705	60842.8423796326
1706	60902.8874232335
1707	60963.2297176879
1708	61026.9435160491
1709	61090.1435033923
1710	61153.1861775159
1711	61217.4772178141
1712	61283.4625426795
1713	61350.2860259047
1714	61418.9066338028
1715	61489.0648850342
1716	61557.0398838498
1717	61626.8067376019
1718	61697.4672902682
1719	61767.3443343278
1720	61839.1548624321
1721	61914.7233065118
1722	61991.905355354
1723	62070.9348292144
1724	62146.1971779151
1725	62222.0380748203
1726	62300.4803628277
1727	62381.9648482543
1728	62458.6145545209
1729	62539.1264796032
1730	62623.2837453321
1731	62706.0482040953
1732	62787.7539836952
1733	62875.9763900933
1734	62960.4477259012
1735	63049.1831855429
1736	63139.4308198983
1737	63226.8825013559
1738	63312.6310019353
1739	63398.3804030469
1740	63481.9440405131
1741	63561.0413857551
1742	63631.4311220134
1743	63703.6455889413
1744	63774.9951403695
1745	63853.3655241806
1746	63927.5112988134
1747	63998.0634629076
1748	64072.6348756034
1749	64153.309951004
1750	64232.7309017935
1751	64314.8279973509
1752	64395.7034686525
1753	64473.9657674539
1754	64555.2033410506
1755	64633.8185936253
1756	64714.6188597401
1757	64793.3890787587
1758	64873.2657518123
1759	64950.8560504373
1760	65024.9910173487
1761	65096.1498563566
1762	65174.1038013457
1763	65248.9973041094
1764	65325.4620444855
1765	65402.4658781997
1766	65481.5710852278
1767	65558.5319886975
1768	65636.3143483574
1769	65711.9723522478
1770	65790.645720852
1771	65869.7792036506
1772	65946.5580204117
1773	66026.0661033924
1774	66105.585784813
1775	66184.6000660515
1776	66264.8962753676
1777	66341.9166256863
1778	66417.9288255065
1779	66493.510761602
1780	66565.6742969526
1781	66643.8833568033
1782	66717.6966872002
1783	66794.7533585663
1784	66871.3666338881
1785	66946.2568188534
1786	67025.2102527013
1787	67101.6377944403
1788	67179.6218585721
1789	67257.8689139982
1790	67334.496086386
1791	67409.4281472778
1792	67486.3100184896
1793	67558.4982414078
1794	67628.5278968992
1795	67703.0714286053
1796	67778.2282969129
1797	67843.2646077706
1798	67912.940180437
1799	67982.3436098646
1800	68051.5801503411
1801	68125.7660502957
1802	68202.1032958954
1803	68277.8235054533
1804	68343.9953746344
1805	68410.756594809
1806	68477.1264031146
1807	68542.575259326
1808	68606.1177437439
1809	68670.187582234
1810	68735.6952731072
1811	68806.0018005918
1812	68876.6806193095
1813	68946.9760363052
1814	69020.8067806619
1815	69093.0167680783
1816	69166.14374986
1817	69236.8577710761
1818	69309.0032365701
1819	69380.2686324413
1820	69444.5306685017
1821	69512.9459394016
1822	69583.7579331008
1823	69650.7387559753
1824	69713.682818429
1825	69778.3260588801
1826	69845.9351906
1827	69915.6256365221
1828	69984.6329914763
1829	70054.1340427116
1830	70125.0148563608
1831	70191.6265337363
1832	70257.1384063031
1833	70323.9219465457
1834	70387.4496558995
1835	70451.3942881652
1836	70512.8902120068
1837	70571.9942099746
1838	70631.7199837771
1839	70690.4401219562
1840	70746.6002777413
1841	70804.2136845115
1842	70862.1182748322
1843	70920.9759541006
1844	70985.4333127427
1845	71046.1659692617
1846	71101.0243965198
1847	71156.9990953525
1848	71210.213688965
1849	71261.908419163
1850	71313.9755743238
1851	71370.5372622129
1852	71431.4365072682
1853	71493.0896470591
1854	71558.2558610153
1855	71621.7687545133
1856	71687.1596478841
1857	71751.0030895673
1858	71814.9866850911
1859	71877.7887778909
1860	71940.8069361525
1861	72005.4454891683
1862	72071.0837264974
1863	72140.5790591835
1864	72208.6145630224
1865	72279.7212340055
1866	72357.9270984734
1867	72446.9498783154
1868	72538.9513646018
1869	72626.8277205586
1870	72705.1961719945
1871	72778.1290429745
1872	72858.1566843289
1873	72940.1216595807
1874	73024.447854583
1875	73106.5734815833
1876	73187.5632303271
1877	73270.6425843131
1878	73349.4319061912
1879	73427.9036086219
1880	73508.073774334
1881	73582.6407940308
1882	73657.8693569788
1883	73731.140474115
1884	73805.1141542829
1885	73876.3822263166
1886	73940.9165307633
1887	74006.7126852756
1888	74074.3716358401
1889	74138.4872032431
1890	74203.802507511
1891	74267.7756462886
1892	74332.6672196062
1893	74394.4904561861
1894	74454.3944809856
1895	74510.4157455539
1896	74564.1211269472
1897	74618.6817330647
1898	74673.9366748816
1899	74732.229205182
1900	74790.5470810634
1901	74848.7078718842
1902	74906.547507112
1903	74963.6078664453
1904	75020.6134444176
1905	75079.5027007139
1906	75137.6832013769
1907	75194.869112644
1908	75253.1778595702
1909	75312.8693928292
1910	75373.4259653817
1911	75435.9566824188
1912	75498.650041683
1913	75562.3623268958
1914	75626.6956270527
1915	75695.3820604682
1916	75763.206967177
1917	75836.5807163214
1918	75910.3519244327
1919	75981.0918084731
1920	76051.8527584869
1921	76119.7923430101
1922	76193.5922693421
1923	76267.3671641139
1924	76338.3965594931
1925	76409.9124815429
1926	76487.3142886562
1927	76560.7183724653
1928	76633.058423694
1929	76706.7203651749
1930	76785.0898984571
1931	76861.7100345894
1932	76937.4375566208
1933	77010.416726422
1934	77082.9763750509
1935	77157.6283914071
1936	77229.0727464327
1937	77301.9944197182
1938	77373.2701807722
1939	77448.678885395
1940	77527.5035274262
1941	77604.4190137092
1942	77684.8186416808
1943	77764.2493572119
1944	77841.2844722818
1945	77918.2757366068
1946	77995.6375945495
1947	78070.2517942878
1948	78149.0158664144
1949	78225.2355243412
1950	78310.1641967272
1951	78392.3008146058
1952	78470.3288547547
1953	78551.5131866363
1954	78630.5461183328
1955	78708.5134042407
1956	78784.7032160843
1957	78864.9692645615
1958	78945.6291373224
1959	79028.8871889119
1960	79114.0797357719
1961	79196.1393048621
1962	79278.8958954199
1963	79355.8063517736
1964	79434.3407240589
1965	79516.2871837193
1966	79600.2344539758
1967	79682.1613600444
1968	79759.6096354945
1969	79842.1965595034
1970	79927.8589890927
1971	80014.1807431326
1972	80097.1236068613
1973	80177.4825317565
1974	80263.2443626409
1975	80348.7554057271
1976	80431.7872657601
1977	80519.3947944652
1978	80606.2734354349
1979	80690.6822866633
1980	80777.5612473235
1981	80864.6949392608
1982	80955.4037887028
1983	81047.9093485267
1984	81140.4321429551
1985	81235.8373657439
1986	81325.5405606141
1987	81413.9715551765
1988	81510.0956695785
1989	81606.9472423431
1990	81703.3588606009
1991	81791.8717848692
1992	81884.4085672268
1993	81980.8481938111
1994	82077.805502064
1995	82172.6368458215
1996	82264.5747644124
1997	82351.1949539819
1998	82439.0634302289
1999	82528.493034872
2000	82620.5262127399
2001	82704.2101537584
2002	82791.6086243416
2003	82879.8120578657
2004	82968.6947777853
2005	83054.8710962703
2006	83137.6482414907
2007	83218.8917432254
2008	83299.1514357588
2009	83382.2671186867
2010	83469.5279653859
2011	83555.1469658767
2012	83642.7465022221
2013	83726.303569792
2014	83806.5445188303
2015	83894.0662046874
2016	83977.3268172799
2017	84059.2833443651
2018	84144.916787135
2019	84231.6524209132
2020	84318.8829276367
2021	84404.3800766658
2022	84488.543653558
2023	84573.5510479516
2024	84655.0361380993
2025	84738.3299770081
2026	84826.5893164988
2027	84910.7407420926
2028	85000.4687938001
2029	85087.40984509
2030	85175.0227023973
2031	85254.3834277149
2032	85341.4003788026
2033	85428.3809361196
2034	85514.5685792305
2035	85601.7507622425
2036	85688.0844096314
2037	85774.3251291779
2038	85863.8872398742
2039	85952.2527604423
2040	86037.2269727246
2041	86122.0255669749
2042	86210.0751877949
2043	86299.312892117
2044	86387.72281137
2045	86478.7370845094
2046	86573.3085050544
2047	86671.2118030499
2048	86761.3151273804
2049	86856.0654853745
2050	86949.55714123
2051	87045.9636460671
2052	87146.7357257927
2053	87256.3534206291
2054	87361.9434423035
2055	87458.694809447
2056	87561.776574749
2057	87662.0321294656
2058	87762.0954234876
2059	87862.299311707
2060	87962.8345796961
2061	88057.6383252759
2062	88154.2626485018
2063	88252.6542436384
2064	88351.8184813491
2065	88448.1425699665
2066	88547.2248556714
2067	88643.2186316309
2068	88738.8356579658
2069	88830.6388198346
2070	88923.5184075998
2071	89020.4313689453
2072	89118.038678342
2073	89207.8746139971
2074	89300.7420687476
2075	89388.3810879621
2076	89478.8907759885
2077	89570.0792708169
2078	89670.4479901874
2079	89764.9490285988
2080	89856.6105258584
2081	89945.3141724892
2082	90027.8572671707
2083	90114.8802032283
2084	90203.5800168804
2085	90289.1883023581
2086	90377.2743879831
2087	90468.3087337087
2088	90555.6936045414
2089	90657.4250565892
2090	90756.7663203337
2091	90853.3764080618
2092	90943.5012682444
2093	91035.7417678854
2094	91129.0178914042
2095	91225.0706273918
2096	91320.7437996356
2097	91411.71678097
2098	91504.1853107026
2099	91589.8268716467
2100	91683.3123778744
2101	91777.1819511238
2102	91868.7394820996
2103	91962.3902642015
2104	92054.747498535
2105	92149.2104232862
2106	92248.0273580406
2107	92345.4327382832
2108	92437.9782491514
2109	92536.5296636082
2110	92634.0601705975
2111	92735.4007862181
2112	92836.7949338408
2113	92940.8486620743
2114	93056.0345312593
2115	93172.6174193654
2116	93295.1276444088
2117	93413.2458341083
2118	93537.9076454065
2119	93664.8565430005
2120	93783.1774479746
2121	93901.3661149035
2122	94020.5213998011
2123	94134.5865248301
2124	94247.1797933545
2125	94360.2513395666
2126	94474.3852887565
2127	94587.063449652
2128	94705.4307441573
2129	94811.4679558858
2130	94907.150363224
2131	95008.6489401935
2132	95115.6212965344
2133	95225.7461707474
2134	95343.5483080902
2135	95461.7681652168
2136	95578.9284222674
2137	95695.4332930992
2138	95811.4875959434
2139	95927.8970959959
2140	96041.9014730372
2141	96160.5454230989
2142	96273.5151888966
2143	96394.650589011
2144	96516.2573646609
2145	96647.0284112006
2146	96767.2934989891
2147	96882.9303630835
2148	96998.0003917758
2149	97112.2066621531
2150	97222.333749825
2151	97329.5795586149
2152	97438.1576443408
2153	97549.2438460922
2154	97663.2258275796
2155	97772.8517024247
2156	97882.4419905113
2157	97998.7223699307
2158	98107.4651172929
2159	98218.3232243171
2160	98331.9203771049
2161	98446.9808562632
2162	98558.3802446694
2163	98674.223233028
2164	98796.8706700881
2165	98916.6446421667
2166	99036.441519598
2167	99151.7818030045
2168	99273.8991371755
2169	99388.5863485137
2170	99503.3280181624
2171	99612.8130067772
2172	99723.1662532418
2173	99836.9203043081
2174	99957.1380826703
2175	100073.905653611
2176	100190.337013503
2177	100305.483895711
2178	100423.678512339
2179	100538.864553943
2180	100658.032106343
2181	100775.861813203
2182	100891.230396513
2183	101016.905751296
2184	101141.066919578
2185	101258.008894337
2186	101370.760308732
2187	101483.299969168
2188	101605.640593592
2189	101731.515809783
2190	101857.039771856
2191	101983.147963186
2192	102115.560704875
2193	102248.735286616
2194	102392.487342169
2195	102533.181442908
2196	102675.393918731
2197	102823.406357032
2198	102971.119802313
2199	103127.150314025
2200	103288.251006388
2201	103458.552472121
2202	103634.188531688
2203	103808.765051166
2204	103974.729844704
2205	104142.23798332
2206	104302.053688216
2207	104463.422082527
2208	104621.6036095
2209	104771.16031935
2210	104916.74477529
2211	105059.716501211
2212	105199.363997037
2213	105341.494859891
2214	105497.474139659
2215	105657.671141077
2216	105821.178319199
2217	105976.947415191
2218	106132.112641936
2219	106286.14435989
2220	106435.186484035
2221	106579.473113601
2222	106722.382197216
2223	106881.985348447
2224	107035.952131841
2225	107193.437293771
2226	107352.9684557
2227	107515.342010629
2228	107672.873581342
2229	107833.905124973
2230	107999.931470127
2231	108165.451845252
2232	108334.712755075
2233	108505.145699706
2234	108672.545625302
2235	108840.422570591
2236	109007.024129685
2237	109178.035893715
2238	109340.603743544
2239	109509.48780367
2240	109673.484267514
2241	109838.081081628
2242	110010.061557854
2243	110169.957288151
2244	110340.959062931
2245	110499.67342291
2246	110664.819926293
2247	110827.005524668
2248	110985.631708709
2249	111145.944183825
2250	111300.133027191
2251	111458.840521773
2252	111611.061523841
2253	111762.667915704
2254	111919.982714365
2255	112082.796244431
2256	112250.393113071
2257	112424.359593476
2258	112590.670690018
2259	112748.639327352
2260	112911.20294689
2261	113063.970340174
2262	113214.437527861
2263	113357.011675211
2264	113504.096289756
2265	113645.750556127
2266	113786.201134971
2267	113914.90077553
2268	114043.45256693
2269	114166.282509968
2270	114292.73923179
2271	114417.395080785
2272	114542.155284972
2273	114669.552349758
2274	114785.979789749
2275	114897.814015462
2276	115011.547945734
2277	115118.059598109
2278	115227.736694045
2279	115336.29501467
2280	115453.534175949
2281	115574.590381711
2282	115698.633836806
2283	115827.764913944
2284	115959.553448791
2285	116095.295240609
2286	116233.815472943
2287	116367.580729613
2288	116499.659183981
2289	116636.602535837
2290	116771.254045169
2291	116907.45185176
2292	117039.68897066
2293	117172.845556779
2294	117303.139149201
2295	117430.162748915
2296	117561.377432485
2297	117690.94946098
2298	117824.208636263
2299	117964.039667092
2300	118097.675553737
2301	118243.82854565
2302	118398.034363665
2303	118549.494409274
2304	118709.883299225
2305	118865.883905018
2306	119014.836643341
2307	119163.916168653
2308	119315.498433608
2309	119465.581531278
2310	119605.513873978
2311	119740.826975136
2312	119871.151640768
2313	120006.860931635
2314	120139.354543366
2315	120265.725053538
2316	120389.06536934
2317	120515.937817752
2318	120644.707438497
2319	120771.881392904
2320	120891.584929727
2321	121007.254264913
2322	121117.788241902
2323	121229.401201888
2324	121343.195117545
2325	121456.542827135
2326	121565.801630509
2327	121683.446756665
2328	121803.896611743
2329	121931.885271688
2330	122076.227505802
2331	122227.185680593
2332	122381.720205127
2333	122552.260156537
2334	122723.378017762
2335	122894.560314672
2336	123076.616882454
2337	123267.349170051
2338	123462.643739566
2339	123658.018882082
2340	123847.124209355
2341	124034.826849534
2342	124219.917893608
2343	124391.030119496
2344	124567.715415501
2345	124750.784838502
2346	124924.448196868
2347	125097.315276738
2348	125265.804988101
2349	125431.988424467
2350	125592.272628988
2351	125757.341756178
2352	125926.39996337
2353	126089.663355254
2354	126253.819022022
2355	126418.245224348
2356	126594.206985291
2357	126758.055647922
2358	126913.57416217
2359	127067.763383858
2360	127228.599071492
2361	127396.811721739
2362	127566.935269762
2363	127740.435915824
2364	127911.336528586
2365	128078.150784355
2366	128254.718556783
2367	128432.601591174
2368	128619.00024215
2369	128821.933852604
2370	129046.986365591
2371	129275.529485331
2372	129520.973411502
2373	129777.536321999
2374	130038.831956195
2375	130314.985401856
2376	130608.313054555
2377	130926.662229143
2378	131255.088615101
2379	131596.442981887
2380	131962.931279292
2381	132335.019953777
2382	132714.864669217
2383	133113.973009988
2384	133518.328268712
2385	133949.848896015
2386	134414.110811585
2387	134908.239410373
2388	135466.067712339
2389	136038.954663724
2390	136648.131570001
2391	137252.156311401
2392	137847.58672915
2393	138451.026412307
2394	139079.820302103
2395	139705.038280309
2396	140328.306810155
2397	140940.151907284
2398	141551.151595471
2399	142126.782933356
2400	142713.655180009
2401	143274.363767577
2402	143827.792663796
2403	144368.869374674
2404	144893.607803911
2405	145405.353503506
2406	145925.396058352
2407	146408.91597895
2408	146852.915821811
2409	147292.844614135
2410	147750.919521538
2411	148159.365083955
2412	148554.611092295
2413	148962.525949523
2414	149369.506345366
2415	149748.603420348
2416	150103.827977668
