##NEEM GICC05modeltext chron | doi:10.5194/cp-9-2713-2013
#depth	age
20.35	-10
20.9	-8
21.45	-6
22.0	-5
22.55	-3
23.1	-2
23.65	0
24.2	2
24.75	4
25.3	5
25.85	7
26.4	9
26.95	11
27.5	12
28.05	14
28.6	16
29.15	17
29.7	19
30.25	21
30.8	22
31.35	24
31.9	26
32.45	28
33.0	30
33.55	32
34.1	33
34.65	35
35.2	37
35.75	39
36.3	41
36.85	43
37.4	45
37.95	47
38.5	49
39.05	51
39.6	53
40.15	55
40.7	56
41.25	58
41.8	60
42.35	62
42.9	64
43.45	66
44.0	68
44.55	70
45.1	71
45.65	73
46.2	75
46.75	77
47.3	78
47.85	80
48.4	82
48.95	85
49.5	87
50.05	89
50.6	91
51.15	93
51.7	95
52.25	97
52.8	99
53.35	101
53.9	103
54.45	106
55.0	108
55.55	110
56.1	112
56.65	114
57.2	117
57.75	119
58.3	121
58.85	123
59.4	125
59.95	128
60.5	130
61.05	132
61.6	135
62.15	137
62.7	139
63.25	142
63.8	144
64.35	146
64.9	148
65.45	150
66.0	152
66.55	154
67.1	156
67.65	159
68.2	161
68.75	163
69.3	165
69.85	167
70.4	170
70.95	172
71.5	174
72.05	177
72.6	179
73.15	181
73.7	184
74.25	186
74.8	188
75.35	191
75.9	193
76.45	196
77.0	197
77.55	200
78.1	203
78.65	205
79.2	207
79.75	210
80.3	212
80.85	214
81.4	217
81.95	219
82.5	221
83.05	224
83.6	226
84.15	229
84.7	231
85.25	234
85.8	236
86.35	239
86.9	241
87.45	244
88.0	246
88.55	248
89.1	251
89.65	253
90.2	256
90.75	258
91.3	260
91.85	263
92.4	265
92.95	268
93.5	270
94.05	272
94.6	275
95.15	277
95.7	280
96.25	282
96.8	285
97.35	287
97.9	290
98.45	293
99.0	295
99.55	298
100.1	300
100.65	302
101.2	305
101.75	307
102.3	310
102.85	312
103.4	315
103.95	318
104.5	320
105.05	322
105.6	325
106.15	328
106.7	330
107.25	333
107.8	335
108.35	337
108.9	340
109.45	342
110.0	345
110.55	347
111.1	349
111.65	352
112.2	355
112.75	357
113.3	359
113.85	362
114.4	364
114.95	366
115.5	369
116.05	372
116.6	374
117.15	377
117.7	379
118.25	382
118.8	385
119.35	387
119.9	390
120.45	392
121.0	395
121.55	397
122.1	400
122.65	402
123.2	405
123.75	408
124.3	410
124.85	413
125.4	415
125.95	418
126.5	420
127.05	423
127.6	425
128.15	428
128.7	431
129.25	433
129.8	436
130.35	438
130.9	441
131.45	444
132.0	446
132.55	449
133.1	451
133.65	454
134.2	457
134.75	460
135.3	462
135.85	465
136.4	468
136.95	471
137.5	473
138.05	476
138.6	479
139.15	481
139.7	484
140.25	487
140.8	489
141.35	491
141.9	494
142.45	496
143.0	498
143.55	501
144.1	503
144.65	506
145.2	508
145.75	510
146.3	513
146.85	516
147.4	519
147.95	521
148.5	524
149.05	526
149.6	529
150.15	531
150.7	533
151.25	536
151.8	539
152.35	542
152.9	544
153.45	547
154.0	549
154.55	552
155.1	555
155.65	557
156.2	559
156.75	562
157.3	565
157.85	568
158.4	571
158.95	574
159.5	576
160.05	579
160.6	581
161.15	584
161.7	586
162.25	589
162.8	592
163.35	595
163.9	597
164.45	600
165.0	602
165.55	605
166.1	607
166.65	610
167.2	613
167.75	615
168.3	618
168.85	620
169.4	623
169.95	625
170.5	628
171.05	631
171.6	634
172.15	637
172.7	639
173.25	642
173.8	645
174.35	648
174.9	650
175.45	653
176.0	656
176.55	659
177.1	662
177.65	664
178.2	668
178.75	670
179.3	673
179.85	676
180.4	679
180.95	681
181.5	684
182.05	687
182.6	689
183.15	692
183.7	694
184.25	697
184.8	699
185.35	702
185.9	705
186.45	707
187.0	710
187.55	712
188.1	715
188.65	718
189.2	721
189.75	723
190.3	726
190.85	729
191.4	731
191.95	734
192.5	736
193.05	739
193.6	743
194.15	745
194.7	749
195.25	751
195.8	754
196.35	757
196.9	759
197.45	762
198.0	765
198.55	767
199.1	770
199.65	773
200.2	776
200.75	779
201.3	782
201.85	785
202.4	787
202.95	790
203.5	792
204.05	795
204.6	798
205.15	801
205.7	804
206.25	806
206.8	809
207.35	812
207.9	814
208.45	817
209.0	819
209.55	822
210.1	824
210.65	827
211.2	830
211.75	833
212.3	835
212.85	838
213.4	841
213.95	844
214.5	846
215.05	848
215.6	851
216.15	853
216.7	856
217.25	859
217.8	861
218.35	864
218.9	866
219.45	869
220.0	872
220.55	875
221.1	878
221.65	880
222.2	883
222.75	886
223.3	889
223.85	892
224.4	895
224.95	898
225.5	900
226.05	903
226.6	906
227.15	909
227.7	912
228.25	914
228.8	917
229.35	920
229.9	923
230.45	926
231.0	929
231.55	932
232.1	935
232.65	938
233.2	941
233.75	944
234.3	947
234.85	949
235.4	952
235.95	955
236.5	957
237.05	960
237.6	963
238.15	965
238.7	968
239.25	971
239.8	974
240.35	977
240.9	980
241.45	982
242.0	985
242.55	988
243.1	990
243.65	993
244.2	996
244.75	999
245.3	1001
245.85	1004
246.4	1007
246.95	1009
247.5	1012
248.05	1015
248.6	1018
249.15	1020
249.7	1023
250.25	1026
250.8	1029
251.35	1031
251.9	1034
252.45	1037
253.0	1039
253.55	1042
254.1	1045
254.65	1048
255.2	1051
255.75	1053
256.3	1056
256.85	1059
257.4	1061
257.95	1064
258.5	1067
259.05	1070
259.6	1072
260.15	1075
260.7	1078
261.25	1081
261.8	1083
262.35	1086
262.9	1089
263.45	1092
264.0	1095
264.55	1098
265.1	1101
265.65	1104
266.2	1107
266.75	1110
267.3	1113
267.85	1115
268.4	1118
268.95	1121
269.5	1124
270.05	1127
270.6	1129
271.15	1132
271.7	1134
272.25	1137
272.8	1141
273.35	1144
273.9	1147
274.45	1150
275.0	1153
275.55	1155
276.1	1158
276.65	1161
277.2	1164
277.75	1166
278.3	1169
278.85	1172
279.4	1174
279.95	1177
280.5	1179
281.05	1182
281.6	1185
282.15	1188
282.7	1191
283.25	1194
283.8	1197
284.35	1199
284.9	1202
285.45	1205
286.0	1208
286.55	1211
287.1	1214
287.65	1217
288.2	1220
288.75	1222
289.3	1225
289.85	1228
290.4	1231
290.95	1234
291.5	1237
292.05	1240
292.6	1243
293.15	1246
293.7	1249
294.25	1252
294.8	1254
295.35	1258
295.9	1261
296.45	1264
297.0	1267
297.55	1269
298.1	1272
298.65	1275
299.2	1277
299.75	1280
300.3	1283
300.85	1285
301.4	1288
301.95	1291
302.5	1294
303.05	1297
303.6	1299
304.15	1302
304.7	1305
305.25	1308
305.8	1311
306.35	1314
306.9	1316
307.45	1319
308.0	1322
308.55	1325
309.1	1328
309.65	1331
310.2	1334
310.75	1336
311.3	1339
311.85	1342
312.4	1344
312.95	1347
313.5	1350
314.05	1353
314.6	1355
315.15	1358
315.7	1361
316.25	1364
316.8	1366
317.35	1369
317.9	1372
318.45	1375
319.0	1378
319.55	1381
320.1	1384
320.65	1387
321.2	1390
321.75	1393
322.3	1396
322.85	1398
323.4	1401
323.95	1404
324.5	1407
325.05	1410
325.6	1413
326.15	1416
326.7	1420
327.25	1423
327.8	1426
328.35	1429
328.9	1432
329.45	1435
330.0	1438
330.55	1441
331.1	1444
331.65	1447
332.2	1450
332.75	1453
333.3	1456
333.85	1459
334.4	1461
334.95	1464
335.5	1467
336.05	1470
336.6	1473
337.15	1476
337.7	1479
338.25	1482
338.8	1485
339.35	1487
339.9	1490
340.45	1493
341.0	1496
341.55	1499
342.1	1501
342.65	1504
343.2	1508
343.75	1511
344.3	1514
344.85	1517
345.4	1520
345.95	1522
346.5	1526
347.05	1528
347.6	1531
348.15	1534
348.7	1537
349.25	1540
349.8	1543
350.35	1546
350.9	1549
351.45	1552
352.0	1555
352.55	1558
353.1	1561
353.65	1564
354.2	1566
354.75	1569
355.3	1572
355.85	1576
356.4	1579
356.95	1582
357.5	1584
358.05	1587
358.6	1590
359.15	1592
359.7	1595
360.25	1598
360.8	1602
361.35	1605
361.9	1608
362.45	1611
363.0	1614
363.55	1617
364.1	1620
364.65	1623
365.2	1626
365.75	1629
366.3	1632
366.85	1635
367.4	1637
367.95	1640
368.5	1643
369.05	1646
369.6	1649
370.15	1652
370.7	1655
371.25	1658
371.8	1661
372.35	1664
372.9	1667
373.45	1670
374.0	1673
374.55	1676
375.1	1679
375.65	1682
376.2	1685
376.75	1688
377.3	1691
377.85	1695
378.4	1697
378.95	1700
379.5	1703
380.05	1706
380.6	1710
381.15	1713
381.7	1716
382.25	1719
382.8	1722
383.35	1725
383.9	1728
384.45	1731
385.0	1734
385.55	1737
386.1	1740
386.65	1743
387.2	1746
387.75	1749
388.3	1752
388.85	1755
389.4	1758
389.95	1761
390.5	1764
391.05	1767
391.6	1770
392.15	1773
392.7	1776
393.25	1779
393.8	1784
394.35	1787
394.9	1790
395.45	1793
396.0	1796
396.55	1799
397.1	1802
397.65	1805
398.2	1808
398.75	1811
399.3	1814
399.85	1817
400.4	1819
400.95	1822
401.5	1825
402.05	1828
402.6	1831
403.15	1834
403.7	1837
404.25	1839
404.8	1842
405.35	1845
405.9	1848
406.45	1851
407.0	1854
407.55	1856
408.1	1859
408.65	1863
409.2	1865
409.75	1868
410.3	1871
410.85	1874
411.4	1878
411.95	1881
412.5	1885
413.05	1889
413.6	1892
414.15	1895
414.7	1898
415.25	1901
415.8	1903
416.35	1907
416.9	1910
417.45	1913
418.0	1915
418.55	1918
419.1	1921
419.65	1924
420.2	1927
420.75	1930
421.3	1933
421.85	1936
422.4	1938
422.95	1941
423.5	1943
424.05	1946
424.6	1949
425.15	1953
425.7	1957
426.25	1960
426.8	1964
427.35	1967
427.9	1970
428.45	1973
429.0	1976
429.55	1978
430.1	1981
430.65	1983
431.2	1986
431.75	1989
432.3	1992
432.85	1995
433.4	1999
433.95	2002
434.5	2006
435.05	2009
435.6	2012
436.15	2015
436.7	2017
437.25	2020
437.8	2023
438.35	2026
438.9	2029
439.45	2032
440.0	2035
440.55	2038
441.1	2042
441.65	2046
442.2	2049
442.75	2052
443.3	2054
443.85	2058
444.4	2062
444.95	2065
445.5	2068
446.05	2071
446.6	2074
447.15	2077
447.7	2080
448.25	2083
448.8	2085
449.35	2088
449.9	2091
450.45	2094
451.0	2097
451.55	2100
452.1	2104
452.65	2107
453.2	2111
453.75	2115
454.3	2117
454.85	2121
455.4	2124
455.95	2127
456.5	2129
457.05	2133
457.6	2136
458.15	2139
458.7	2142
459.25	2146
459.8	2149
460.35	2152
460.9	2156
461.45	2159
462.0	2162
462.55	2166
463.1	2169
463.65	2172
464.2	2175
464.75	2178
465.3	2181
465.85	2184
466.4	2187
466.95	2190
467.5	2193
468.05	2197
468.6	2200
469.15	2203
469.7	2206
470.25	2210
470.8	2212
471.35	2215
471.9	2218
472.45	2221
473.0	2224
473.55	2227
474.1	2231
474.65	2234
475.2	2237
475.75	2241
476.3	2244
476.85	2246
477.4	2250
477.95	2253
478.5	2256
479.05	2259
479.6	2262
480.15	2265
480.7	2268
481.25	2271
481.8	2274
482.35	2277
482.9	2280
483.45	2283
484.0	2286
484.55	2289
485.1	2292
485.65	2295
486.2	2299
486.75	2302
487.3	2305
487.85	2308
488.4	2311
488.95	2314
489.5	2317
490.05	2320
490.6	2324
491.15	2327
491.7	2330
492.25	2333
492.8	2336
493.35	2339
493.9	2342
494.45	2346
495.0	2349
495.55	2352
496.1	2355
496.65	2358
497.2	2361
497.75	2365
498.3	2367
498.85	2370
499.4	2374
499.95	2378
500.5	2381
501.05	2384
501.6	2387
502.15	2390
502.7	2393
503.25	2396
503.8	2400
504.35	2402
504.9	2406
505.45	2409
506.0	2412
506.55	2416
507.1	2419
507.65	2422
508.2	2426
508.75	2429
509.3	2431
509.85	2434
510.4	2438
510.95	2441
511.5	2444
512.05	2448
512.6	2451
513.15	2454
513.7	2457
514.25	2461
514.8	2464
515.35	2468
515.9	2471
516.45	2474
517.0	2478
517.55	2481
518.1	2484
518.65	2487
519.2	2491
519.75	2493
520.3	2496
520.85	2500
521.4	2504
521.95	2508
522.5	2511
523.05	2515
523.6	2518
524.15	2522
524.7	2525
525.25	2528
525.8	2531
526.35	2534
526.9	2536
527.45	2540
528.0	2543
528.55	2547
529.1	2550
529.65	2553
530.2	2556
530.75	2559
531.3	2562
531.85	2566
532.4	2569
532.95	2573
533.5	2576
534.05	2579
534.6	2583
535.15	2586
535.7	2589
536.25	2592
536.8	2595
537.35	2599
537.9	2602
538.45	2605
539.0	2608
539.55	2611
540.1	2615
540.65	2618
541.2	2622
541.75	2625
542.3	2628
542.85	2632
543.4	2635
543.95	2638
544.5	2642
545.05	2645
545.6	2648
546.15	2651
546.7	2654
547.25	2658
547.8	2661
548.35	2664
548.9	2666
549.45	2669
550.0	2673
550.55	2677
551.1	2680
551.65	2683
552.2	2686
552.75	2689
553.3	2692
553.85	2695
554.4	2698
554.95	2701
555.5	2705
556.05	2708
556.6	2710
557.15	2714
557.7	2717
558.25	2720
558.8	2724
559.35	2727
559.9	2731
560.45	2734
561.0	2737
561.55	2741
562.1	2744
562.65	2746
563.2	2749
563.75	2753
564.3	2755
564.85	2759
565.4	2763
565.95	2766
566.5	2770
567.05	2773
567.6	2777
568.15	2781
568.7	2784
569.25	2788
569.8	2791
570.35	2795
570.9	2798
571.45	2802
572.0	2805
572.55	2809
573.1	2813
573.65	2817
574.2	2820
574.75	2823
575.3	2825
575.85	2829
576.4	2832
576.95	2835
577.5	2838
578.05	2841
578.6	2845
579.15	2848
579.7	2851
580.25	2855
580.8	2858
581.35	2861
581.9	2864
582.45	2867
583.0	2871
583.55	2874
584.1	2878
584.65	2881
585.2	2884
585.75	2887
586.3	2891
586.85	2894
587.4	2897
587.95	2900
588.5	2904
589.05	2907
589.6	2910
590.15	2913
590.7	2917
591.25	2920
591.8	2923
592.35	2926
592.9	2929
593.45	2933
594.0	2936
594.55	2940
595.1	2943
595.65	2947
596.2	2950
596.75	2953
597.3	2957
597.85	2960
598.4	2963
598.95	2966
599.5	2970
600.05	2973
600.6	2976
601.15	2980
601.7	2983
602.25	2986
602.8	2989
603.35	2992
603.9	2995
604.45	2998
605.0	3002
605.55	3006
606.1	3010
606.65	3013
607.2	3016
607.75	3019
608.3	3023
608.85	3026
609.4	3030
609.95	3034
610.5	3038
611.05	3041
611.6	3045
612.15	3048
612.7	3051
613.25	3055
613.8	3058
614.35	3061
614.9	3064
615.45	3068
616.0	3071
616.55	3075
617.1	3079
617.65	3082
618.2	3086
618.75	3090
619.3	3094
619.85	3097
620.4	3101
620.95	3105
621.5	3108
622.05	3112
622.6	3116
623.15	3119
623.7	3122
624.25	3126
624.8	3130
625.35	3133
625.9	3137
626.45	3141
627.0	3144
627.55	3148
628.1	3151
628.65	3155
629.2	3159
629.75	3162
630.3	3165
630.85	3168
631.4	3171
631.95	3175
632.5	3178
633.05	3182
633.6	3185
634.15	3190
634.7	3193
635.25	3197
635.8	3200
636.35	3203
636.9	3207
637.45	3210
638.0	3213
638.55	3217
639.1	3221
639.65	3224
640.2	3227
640.75	3231
641.3	3234
641.85	3237
642.4	3241
642.95	3244
643.5	3248
644.05	3251
644.6	3256
645.15	3260
645.7	3263
646.25	3267
646.8	3271
647.35	3275
647.9	3278
648.45	3281
649.0	3285
649.55	3288
650.1	3291
650.65	3295
651.2	3299
651.75	3302
652.3	3305
652.85	3310
653.4	3314
653.95	3318
654.5	3322
655.05	3325
655.6	3328
656.15	3332
656.7	3335
657.25	3339
657.8	3342
658.35	3345
658.9	3348
659.45	3351
660.0	3355
660.55	3358
661.1	3362
661.65	3365
662.2	3368
662.75	3372
663.3	3375
663.85	3379
664.4	3383
664.95	3386
665.5	3390
666.05	3393
666.6	3396
667.15	3401
667.7	3404
668.25	3407
668.8	3410
669.35	3414
669.9	3417
670.45	3420
671.0	3424
671.55	3428
672.1	3432
672.65	3435
673.2	3439
673.75	3442
674.3	3446
674.85	3449
675.4	3452
675.95	3456
676.5	3460
677.05	3464
677.6	3468
678.15	3472
678.7	3475
679.25	3479
679.8	3482
680.35	3486
680.9	3490
681.45	3493
682.0	3498
682.55	3501
683.1	3504
683.65	3507
684.2	3511
684.75	3515
685.3	3519
685.85	3522
686.4	3526
686.95	3529
687.5	3533
688.05	3536
688.6	3541
689.15	3545
689.7	3548
690.25	3552
690.8	3556
691.35	3560
691.9	3563
692.45	3567
693.0	3570
693.55	3574
694.1	3577
694.65	3581
695.2	3584
695.75	3588
696.3	3592
696.85	3595
697.4	3598
697.95	3601
698.5	3604
699.05	3608
699.6	3612
700.15	3615
700.7	3619
701.25	3622
701.8	3625
702.35	3629
702.9	3634
703.45	3637
704.0	3642
704.55	3645
705.1	3648
705.65	3652
706.2	3655
706.75	3659
707.3	3662
707.85	3665
708.4	3669
708.95	3673
709.5	3676
710.05	3680
710.6	3684
711.15	3687
711.7	3691
712.25	3694
712.8	3698
713.35	3702
713.9	3706
714.45	3709
715.0	3712
715.55	3716
716.1	3720
716.65	3724
717.2	3728
717.75	3731
718.3	3735
718.85	3739
719.4	3743
719.95	3746
720.5	3750
721.05	3754
721.6	3758
722.15	3761
722.7	3765
723.25	3768
723.8	3772
724.35	3776
724.9	3780
725.45	3783
726.0	3787
726.55	3791
727.1	3795
727.65	3797
728.2	3801
728.75	3804
729.3	3808
729.85	3811
730.4	3815
730.95	3819
731.5	3823
732.05	3826
732.6	3830
733.15	3834
733.7	3837
734.25	3841
734.8	3846
735.35	3849
735.9	3853
736.45	3856
737.0	3861
737.55	3865
738.1	3869
738.65	3873
739.2	3878
739.75	3882
740.3	3886
740.85	3889
741.4	3893
741.95	3897
742.5	3902
743.05	3905
743.6	3909
744.15	3913
744.7	3916
745.25	3919
745.8	3923
746.35	3926
746.9	3930
747.45	3933
748.0	3937
748.55	3941
749.1	3946
749.65	3950
750.2	3956
750.75	3961
751.3	3964
751.85	3967
752.4	3971
752.95	3973
753.5	3977
754.05	3981
754.6	3985
755.15	3988
755.7	3992
756.25	3995
756.8	3998
757.35	4002
757.9	4005
758.45	4008
759.0	4011
759.55	4015
760.1	4019
760.65	4023
761.2	4027
761.75	4031
762.3	4035
762.85	4038
763.4	4042
763.95	4045
764.5	4049
765.05	4052
765.6	4056
766.15	4059
766.7	4063
767.25	4067
767.8	4071
768.35	4076
768.9	4080
769.45	4084
770.0	4087
770.55	4091
771.1	4095
771.65	4100
772.2	4104
772.75	4107
773.3	4111
773.85	4115
774.4	4119
774.95	4124
775.5	4128
776.05	4131
776.6	4135
777.15	4139
777.7	4142
778.25	4148
778.8	4153
779.35	4156
779.9	4161
780.45	4165
781.0	4169
781.55	4172
782.1	4176
782.65	4181
783.2	4185
783.75	4189
784.3	4192
784.85	4196
785.4	4199
785.95	4204
786.5	4208
787.05	4212
787.6	4216
788.15	4221
788.7	4226
789.25	4230
789.8	4233
790.35	4236
790.9	4240
791.45	4244
792.0	4248
792.55	4252
793.1	4255
793.65	4258
794.2	4263
794.75	4267
795.3	4272
795.85	4275
796.4	4279
796.95	4283
797.5	4287
798.05	4291
798.6	4295
799.15	4300
799.7	4304
800.25	4309
800.8	4313
801.35	4317
801.9	4321
802.45	4326
803.0	4330
803.55	4335
804.1	4338
804.65	4342
805.2	4345
805.75	4349
806.3	4353
806.85	4357
807.4	4361
807.95	4364
808.5	4368
809.05	4372
809.6	4376
810.15	4380
810.7	4384
811.25	4388
811.8	4393
812.35	4398
812.9	4402
813.45	4406
814.0	4409
814.55	4412
815.1	4417
815.65	4421
816.2	4426
816.75	4431
817.3	4436
817.85	4441
818.4	4445
818.95	4449
819.5	4454
820.05	4458
820.6	4463
821.15	4468
821.7	4473
822.25	4478
822.8	4482
823.35	4487
823.9	4491
824.45	4495
825.0	4499
825.55	4503
826.1	4507
826.65	4512
827.2	4515
827.75	4519
828.3	4523
828.85	4528
829.4	4531
829.95	4536
830.5	4540
831.05	4543
831.6	4548
832.15	4552
832.7	4556
833.25	4561
833.8	4565
834.35	4568
834.9	4571
835.45	4576
836.0	4580
836.55	4585
837.1	4590
837.65	4594
838.2	4598
838.75	4601
839.3	4605
839.85	4609
840.4	4614
840.95	4618
841.5	4622
842.05	4626
842.6	4630
843.15	4635
843.7	4641
844.25	4646
844.8	4650
845.35	4654
845.9	4658
846.45	4662
847.0	4667
847.55	4671
848.1	4676
848.65	4680
849.2	4684
849.75	4687
850.3	4691
850.85	4695
851.4	4700
851.95	4707
852.5	4711
853.05	4713
853.6	4717
854.15	4721
854.7	4724
855.25	4728
855.8	4733
856.35	4736
856.9	4740
857.45	4744
858.0	4748
858.55	4752
859.1	4757
859.65	4761
860.2	4765
860.75	4769
861.3	4774
861.85	4779
862.4	4783
862.95	4787
863.5	4792
864.05	4797
864.6	4801
865.15	4805
865.7	4810
866.25	4815
866.8	4818
867.35	4822
867.9	4825
868.45	4830
869.0	4835
869.55	4839
870.1	4844
870.65	4849
871.2	4853
871.75	4858
872.3	4863
872.85	4867
873.4	4872
873.95	4876
874.5	4881
875.05	4885
875.6	4889
876.15	4894
876.7	4899
877.25	4905
877.8	4909
878.35	4913
878.9	4917
879.45	4922
880.0	4927
880.55	4931
881.1	4935
881.65	4939
882.2	4944
882.75	4947
883.3	4952
883.85	4957
884.4	4962
884.95	4966
885.5	4971
886.05	4975
886.6	4978
887.15	4983
887.7	4987
888.25	4992
888.8	4996
889.35	5000
889.9	5005
890.45	5009
891.0	5013
891.55	5019
892.1	5023
892.65	5028
893.2	5032
893.75	5037
894.3	5041
894.85	5045
895.4	5050
895.95	5054
896.5	5057
897.05	5061
897.6	5064
898.15	5068
898.7	5072
899.25	5077
899.8	5081
900.35	5086
900.9	5090
901.45	5095
902.0	5100
902.55	5104
903.1	5107
903.65	5110
904.2	5113
904.75	5118
905.3	5121
905.85	5125
906.4	5130
906.95	5134
907.5	5138
908.05	5142
908.6	5147
909.15	5152
909.7	5157
910.25	5160
910.8	5165
911.35	5169
911.9	5173
912.45	5177
913.0	5181
913.55	5186
914.1	5189
914.65	5193
915.2	5197
915.75	5202
916.3	5207
916.85	5212
917.4	5216
917.95	5221
918.5	5225
919.05	5229
919.6	5235
920.15	5239
920.7	5244
921.25	5248
921.8	5253
922.35	5258
922.9	5262
923.45	5267
924.0	5271
924.55	5276
925.1	5281
925.65	5286
926.2	5290
926.75	5294
927.3	5301
927.85	5305
928.4	5310
928.95	5314
929.5	5318
930.05	5321
930.6	5325
931.15	5330
931.7	5336
932.25	5340
932.8	5344
933.35	5348
933.9	5352
934.45	5356
935.0	5361
935.55	5365
936.1	5369
936.65	5373
937.2	5379
937.75	5383
938.3	5388
938.85	5392
939.4	5397
939.95	5401
940.5	5406
941.05	5410
941.6	5413
942.15	5417
942.7	5422
943.25	5427
943.8	5431
944.35	5436
944.9	5440
945.45	5445
946.0	5449
946.55	5454
947.1	5458
947.65	5463
948.2	5468
948.75	5472
949.3	5476
949.85	5480
950.4	5485
950.95	5490
951.5	5495
952.05	5499
952.6	5504
953.15	5508
953.7	5512
954.25	5516
954.8	5522
955.35	5526
955.9	5532
956.45	5537
957.0	5542
957.55	5547
958.1	5550
958.65	5555
959.2	5559
959.75	5564
960.3	5569
960.85	5575
961.4	5579
961.95	5583
962.5	5588
963.05	5594
963.6	5599
964.15	5603
964.7	5608
965.25	5613
965.8	5617
966.35	5622
966.9	5627
967.45	5632
968.0	5636
968.55	5641
969.1	5646
969.65	5652
970.2	5658
970.75	5663
971.3	5667
971.85	5672
972.4	5677
972.95	5682
973.5	5688
974.05	5692
974.6	5697
975.15	5701
975.7	5705
976.25	5709
976.8	5714
977.35	5720
977.9	5725
978.45	5730
979.0	5735
979.55	5739
980.1	5744
980.65	5749
981.2	5754
981.75	5759
982.3	5765
982.85	5769
983.4	5773
983.95	5778
984.5	5783
985.05	5787
985.6	5792
986.15	5797
986.7	5802
987.25	5806
987.8	5811
988.35	5815
988.9	5821
989.45	5825
990.0	5830
990.55	5834
991.1	5839
991.65	5842
992.2	5847
992.75	5851
993.3	5856
993.85	5862
994.4	5866
994.95	5870
995.5	5875
996.05	5881
996.6	5886
997.15	5890
997.7	5896
998.25	5903
998.8	5908
999.35	5915
999.9	5919
1000.45	5923
1001.0	5928
1001.55	5934
1002.1	5940
1002.65	5944
1003.2	5949
1003.75	5954
1004.3	5958
1004.85	5963
1005.4	5968
1005.95	5972
1006.5	5977
1007.05	5983
1007.6	5988
1008.15	5994
1008.7	5999
1009.25	6005
1009.8	6009
1010.35	6013
1010.9	6017
1011.45	6023
1012.0	6029
1012.55	6033
1013.1	6037
1013.65	6042
1014.2	6048
1014.75	6053
1015.3	6058
1015.85	6064
1016.4	6070
1016.95	6075
1017.5	6079
1018.05	6084
1018.6	6090
1019.15	6096
1019.7	6101
1020.25	6104
1020.8	6109
1021.35	6112
1021.9	6117
1022.45	6121
1023.0	6128
1023.55	6133
1024.1	6139
1024.65	6146
1025.2	6151
1025.75	6156
1026.3	6160
1026.85	6166
1027.4	6172
1027.95	6177
1028.5	6181
1029.05	6185
1029.6	6190
1030.15	6196
1030.7	6200
1031.25	6206
1031.8	6211
1032.35	6215
1032.9	6219
1033.45	6223
1034.0	6227
1034.55	6233
1035.1	6239
1035.65	6244
1036.2	6248
1036.75	6253
1037.3	6258
1037.85	6262
1038.4	6268
1038.95	6274
1039.5	6278
1040.05	6284
1040.6	6289
1041.15	6294
1041.7	6299
1042.25	6304
1042.8	6308
1043.35	6311
1043.9	6316
1044.45	6321
1045.0	6326
1045.55	6333
1046.1	6338
1046.65	6342
1047.2	6348
1047.75	6353
1048.3	6357
1048.85	6362
1049.4	6367
1049.95	6372
1050.5	6377
1051.05	6383
1051.6	6387
1052.15	6392
1052.7	6397
1053.25	6403
1053.8	6409
1054.35	6415
1054.9	6419
1055.45	6423
1056.0	6428
1056.55	6433
1057.1	6440
1057.65	6445
1058.2	6452
1058.75	6457
1059.3	6462
1059.85	6466
1060.4	6472
1060.95	6476
1061.5	6481
1062.05	6487
1062.6	6492
1063.15	6499
1063.7	6503
1064.25	6509
1064.8	6514
1065.35	6519
1065.9	6524
1066.45	6529
1067.0	6534
1067.55	6539
1068.1	6545
1068.65	6551
1069.2	6556
1069.75	6560
1070.3	6567
1070.85	6571
1071.4	6577
1071.95	6581
1072.5	6585
1073.05	6590
1073.6	6595
1074.15	6601
1074.7	6606
1075.25	6611
1075.8	6617
1076.35	6622
1076.9	6628
1077.45	6633
1078.0	6637
1078.55	6643
1079.1	6647
1079.65	6652
1080.2	6657
1080.75	6662
1081.3	6667
1081.85	6672
1082.4	6677
1082.95	6682
1083.5	6686
1084.05	6691
1084.6	6695
1085.15	6700
1085.7	6706
1086.25	6711
1086.8	6716
1087.35	6721
1087.9	6726
1088.45	6731
1089.0	6735
1089.55	6741
1090.1	6747
1090.65	6753
1091.2	6758
1091.75	6764
1092.3	6769
1092.85	6773
1093.4	6778
1093.95	6783
1094.5	6790
1095.05	6794
1095.6	6799
1096.15	6804
1096.7	6810
1097.25	6816
1097.8	6821
1098.35	6826
1098.9	6831
1099.45	6836
1100.0	6841
1100.55	6845
1101.1	6850
1101.65	6856
1102.2	6861
1102.75	6866
1103.3	6870
1103.85	6874
1104.4	6880
1104.95	6884
1105.5	6889
1106.05	6895
1106.6	6901
1107.15	6907
1107.7	6913
1108.25	6919
1108.8	6924
1109.35	6931
1109.9	6936
1110.45	6942
1111.0	6948
1111.55	6953
1112.1	6958
1112.65	6963
1113.2	6968
1113.75	6974
1114.3	6979
1114.85	6984
1115.4	6989
1115.95	6995
1116.5	7001
1117.05	7007
1117.6	7012
1118.15	7019
1118.7	7024
1119.25	7029
1119.8	7035
1120.35	7039
1120.9	7044
1121.45	7049
1122.0	7054
1122.55	7059
1123.1	7063
1123.65	7067
1124.2	7072
1124.75	7078
1125.3	7083
1125.85	7088
1126.4	7094
1126.95	7099
1127.5	7105
1128.05	7110
1128.6	7115
1129.15	7121
1129.7	7127
1130.25	7132
1130.8	7138
1131.35	7143
1131.9	7148
1132.45	7154
1133.0	7159
1133.55	7165
1134.1	7170
1134.65	7176
1135.2	7181
1135.75	7186
1136.3	7191
1136.85	7197
1137.4	7203
1137.95	7208
1138.5	7214
1139.05	7220
1139.6	7226
1140.15	7232
1140.7	7238
1141.25	7243
1141.8	7249
1142.35	7255
1142.9	7260
1143.45	7264
1144.0	7270
1144.55	7275
1145.1	7279
1145.65	7284
1146.2	7291
1146.75	7296
1147.3	7302
1147.85	7306
1148.4	7312
1148.95	7316
1149.5	7321
1150.05	7326
1150.6	7332
1151.15	7338
1151.7	7345
1152.25	7350
1152.8	7356
1153.35	7362
1153.9	7367
1154.45	7373
1155.0	7378
1155.55	7383
1156.1	7388
1156.65	7394
1157.2	7401
1157.75	7407
1158.3	7412
1158.85	7417
1159.4	7423
1159.95	7428
1160.5	7434
1161.05	7439
1161.6	7445
1162.15	7450
1162.7	7455
1163.25	7461
1163.8	7466
1164.35	7471
1164.9	7477
1165.45	7482
1166.0	7487
1166.55	7491
1167.1	7496
1167.65	7502
1168.2	7506
1168.75	7513
1169.3	7519
1169.85	7525
1170.4	7530
1170.95	7536
1171.5	7541
1172.05	7546
1172.6	7551
1173.15	7556
1173.7	7561
1174.25	7566
1174.8	7572
1175.35	7580
1175.9	7587
1176.45	7595
1177.0	7600
1177.55	7605
1178.1	7610
1178.65	7616
1179.2	7623
1179.75	7630
1180.3	7636
1180.85	7642
1181.4	7648
1181.95	7652
1182.5	7657
1183.05	7661
1183.6	7667
1184.15	7673
1184.7	7678
1185.25	7685
1185.8	7691
1186.35	7697
1186.9	7704
1187.45	7710
1188.0	7716
1188.55	7723
1189.1	7729
1189.65	7735
1190.2	7738
1190.75	7742
1191.3	7748
1191.85	7752
1192.4	7757
1192.95	7763
1193.5	7768
1194.05	7773
1194.6	7779
1195.15	7784
1195.7	7791
1196.25	7795
1196.8	7800
1197.35	7806
1197.9	7812
1198.45	7817
1199.0	7823
1199.55	7830
1200.1	7835
1200.65	7840
1201.2	7845
1201.75	7851
1202.3	7857
1202.85	7863
1203.4	7870
1203.95	7877
1204.5	7883
1205.05	7889
1205.6	7895
1206.15	7902
1206.7	7908
1207.25	7914
1207.8	7921
1208.35	7927
1208.9	7934
1209.45	7940
1210.0	7945
1210.55	7951
1211.1	7956
1211.65	7961
1212.2	7968
1212.75	7974
1213.3	7980
1213.85	7987
1214.4	7993
1214.95	8000
1215.5	8006
1216.05	8012
1216.6	8019
1217.15	8025
1217.7	8032
1218.25	8040
1218.8	8046
1219.35	8051
1219.9	8058
1220.45	8064
1221.0	8071
1221.55	8078
1222.1	8084
1222.65	8092
1223.2	8097
1223.75	8103
1224.3	8111
1224.85	8118
1225.4	8125
1225.95	8133
1226.5	8139
1227.05	8145
1227.6	8154
1228.15	8161
1228.7	8169
1229.25	8177
1229.8	8184
1230.35	8193
1230.9	8202
1231.45	8210
1232.0	8216
1232.55	8223
1233.1	8231
1233.65	8238
1234.2	8245
1234.75	8250
1235.3	8256
1235.85	8261
1236.4	8267
1236.95	8273
1237.5	8280
1238.05	8287
1238.6	8294
1239.15	8302
1239.7	8309
1240.25	8316
1240.8	8322
1241.35	8330
1241.9	8339
1242.45	8345
1243.0	8352
1243.55	8358
1244.1	8366
1244.65	8373
1245.2	8381
1245.75	8387
1246.3	8393
1246.85	8401
1247.4	8408
1247.95	8415
1248.5	8423
1249.05	8430
1249.6	8438
1250.15	8446
1250.7	8453
1251.25	8459
1251.8	8466
1252.35	8474
1252.9	8481
1253.45	8488
1254.0	8495
1254.55	8502
1255.1	8509
1255.65	8516
1256.2	8524
1256.75	8530
1257.3	8538
1257.85	8547
1258.4	8554
1258.95	8561
1259.5	8569
1260.05	8576
1260.6	8583
1261.15	8592
1261.7	8600
1262.25	8609
1262.8	8616
1263.35	8622
1263.9	8629
1264.45	8636
1265.0	8643
1265.55	8650
1266.1	8657
1266.65	8665
1267.2	8672
1267.75	8680
1268.3	8687
1268.85	8695
1269.4	8703
1269.95	8710
1270.5	8718
1271.05	8728
1271.6	8735
1272.15	8742
1272.7	8750
1273.25	8757
1273.8	8765
1274.35	8772
1274.9	8781
1275.45	8790
1276.0	8797
1276.55	8805
1277.1	8812
1277.65	8820
1278.2	8829
1278.75	8836
1279.3	8845
1279.85	8853
1280.4	8861
1280.95	8870
1281.5	8879
1282.05	8886
1282.6	8894
1283.15	8903
1283.7	8911
1284.25	8918
1284.8	8923
1285.35	8931
1285.9	8940
1286.45	8947
1287.0	8956
1287.55	8963
1288.1	8971
1288.65	8980
1289.2	8987
1289.75	8994
1290.3	9003
1290.85	9012
1291.4	9021
1291.95	9030
1292.5	9039
1293.05	9048
1293.6	9056
1294.15	9065
1294.7	9074
1295.25	9082
1295.8	9090
1296.35	9099
1296.9	9108
1297.45	9116
1298.0	9124
1298.55	9132
1299.1	9141
1299.65	9150
1300.2	9159
1300.75	9167
1301.3	9176
1301.85	9184
1302.4	9192
1302.95	9201
1303.5	9212
1304.05	9221
1304.6	9229
1305.15	9239
1305.7	9248
1306.25	9258
1306.8	9268
1307.35	9278
1307.9	9288
1308.45	9296
1309.0	9305
1309.55	9314
1310.1	9322
1310.65	9330
1311.2	9338
1311.75	9346
1312.3	9356
1312.85	9366
1313.4	9375
1313.95	9383
1314.5	9392
1315.05	9402
1315.6	9411
1316.15	9420
1316.7	9428
1317.25	9437
1317.8	9447
1318.35	9455
1318.9	9465
1319.45	9475
1320.0	9486
1320.55	9495
1321.1	9504
1321.65	9514
1322.2	9523
1322.75	9534
1323.3	9544
1323.85	9553
1324.4	9562
1324.95	9570
1325.5	9580
1326.05	9589
1326.6	9599
1327.15	9608
1327.7	9618
1328.25	9628
1328.8	9638
1329.35	9647
1329.9	9656
1330.45	9665
1331.0	9676
1331.55	9685
1332.1	9694
1332.65	9704
1333.2	9715
1333.75	9724
1334.3	9733
1334.85	9744
1335.4	9752
1335.95	9761
1336.5	9769
1337.05	9777
1337.6	9791
1338.15	9802
1338.7	9812
1339.25	9822
1339.8	9831
1340.35	9842
1340.9	9850
1341.45	9860
1342.0	9871
1342.55	9881
1343.1	9891
1343.65	9902
1344.2	9913
1344.75	9923
1345.3	9934
1345.85	9943
1346.4	9954
1346.95	9965
1347.5	9974
1348.05	9986
1348.6	9996
1349.15	10008
1349.7	10019
1350.25	10030
1350.8	10040
1351.35	10051
1351.9	10062
1352.45	10072
1353.0	10083
1353.55	10094
1354.1	10104
1354.65	10116
1355.2	10124
1355.75	10134
1356.3	10145
1356.85	10155
1357.4	10167
1357.95	10178
1358.5	10188
1359.05	10199
1359.6	10211
1360.15	10222
1360.7	10231
1361.25	10243
1361.8	10255
1362.35	10266
1362.9	10277
1363.45	10289
1364.0	10302
1364.55	10312
1365.1	10323
1365.65	10337
1366.2	10349
1366.75	10362
1367.3	10374
1367.85	10386
1368.4	10397
1368.95	10410
1369.5	10422
1370.05	10434
1370.6	10446
1371.15	10459
1371.7	10471
1372.25	10483
1372.8	10496
1373.35	10507
1373.9	10519
1374.45	10531
1375.0	10544
1375.55	10556
1376.1	10568
1376.65	10580
1377.2	10592
1377.75	10605
1378.3	10616
1378.85	10629
1379.4	10641
1379.95	10653
1380.5	10665
1381.05	10678
1381.6	10691
1382.15	10703
1382.7	10716
1383.25	10728
1383.8	10741
1384.35	10755
1384.9	10767
1385.45	10780
1386.0	10793
1386.55	10804
1387.1	10817
1387.65	10830
1388.2	10844
1388.75	10859
1389.3	10872
1389.85	10887
1390.4	10901
1390.95	10915
1391.5	10929
1392.05	10943
1392.6	10956
1393.15	10969
1393.7	10983
1394.25	10998
1394.8	11013
1395.35	11028
1395.9	11043
1396.45	11055
1397.0	11070
1397.55	11085
1398.1	11100
1398.65	11114
1399.2	11128
1399.75	11141
1400.3	11155
1400.85	11170
1401.4	11184
1401.95	11198
1402.5	11211
1403.05	11225
1403.6	11240
1404.15	11253
1404.7	11267
1405.25	11282
1405.8	11296
1406.35	11309
1406.9	11324
1407.45	11339
1408.0	11353
1408.55	11368
1409.1	11385
1409.65	11401
1410.2	11419
1410.75	11435
1411.3	11450
1411.85	11463
1412.4	11479
1412.95	11493
1413.5	11508
1414.05	11524
1414.6	11538
1415.15	11552
1415.7	11566
1416.25	11580
1416.8	11595
1417.35	11608
1417.9	11624
1418.45	11639
1419.0	11660
1419.55	11684
1420.1	11706
1420.65	11731
1421.2	11755
1421.75	11779
1422.3	11804
1422.85	11830
1423.4	11857
1423.95	11882
1424.5	11906
1425.05	11931
1425.6	11960
1426.15	11985
1426.7	12008
1427.25	12032
1427.8	12057
1428.35	12083
1428.9	12110
1429.45	12139
1430.0	12164
1430.55	12190
1431.1	12216
1431.65	12241
1432.2	12266
1432.75	12295
1433.3	12323
1433.85	12347
1434.4	12374
1434.95	12396
1435.5	12421
1436.05	12447
1436.6	12474
1437.15	12500
1437.7	12526
1438.25	12552
1438.8	12584
1439.35	12609
1439.9	12635
1440.45	12660
1441.0	12684
1441.55	12712
1442.1	12741
1442.65	12770
1443.2	12794
1443.75	12817
1444.3	12840
1444.85	12862
1445.4	12884
1445.95	12905
1446.5	12927
1447.05	12945
1447.6	12965
1448.15	12989
1448.7	13012
1449.25	13036
1449.8	13062
1450.35	13085
1450.9	13112
1451.45	13136
1452.0	13161
1452.55	13187
1453.1	13213
1453.65	13234
1454.2	13254
1454.75	13275
1455.3	13297
1455.85	13320
1456.4	13341
1456.95	13361
1457.5	13382
1458.05	13404
1458.6	13425
1459.15	13445
1459.7	13466
1460.25	13486
1460.8	13506
1461.35	13529
1461.9	13551
1462.45	13575
1463.0	13598
1463.55	13623
1464.1	13643
1464.65	13663
1465.2	13684
1465.75	13707
1466.3	13728
1466.85	13749
1467.4	13770
1467.95	13792
1468.5	13813
1469.05	13832
1469.6	13854
1470.15	13875
1470.7	13896
1471.25	13922
1471.8	13948
1472.35	13977
1472.9	14009
1473.45	14036
1474.0	14062
1474.55	14085
1475.1	14107
1475.65	14134
1476.2	14156
1476.75	14176
1477.3	14197
1477.85	14218
1478.4	14239
1478.95	14258
1479.5	14279
1480.05	14299
1480.6	14321
1481.15	14343
1481.7	14365
1482.25	14385
1482.8	14404
1483.35	14422
1483.9	14444
1484.45	14465
1485.0	14483
1485.55	14501
1486.1	14519
1486.65	14538
1487.2	14559
1487.75	14580
1488.3	14602
1488.85	14623
1489.4	14647
1489.95	14687
1490.5	14722
1491.05	14754
1491.6	14790
1492.15	14828
1492.7	14867
1493.25	14912
1493.8	14952
1494.35	14997
1494.9	15039
1495.45	15083
1496.0	15130
1496.55	15174
1497.1	15217
1497.65	15258
1498.2	15299
1498.75	15344
1499.3	15389
1499.85	15430
1500.4	15472
1500.95	15518
1501.5	15564
1502.05	15610
1502.6	15656
1503.15	15698
1503.7	15744
1504.25	15783
1504.8	15822
1505.35	15866
1505.9	15907
1506.45	15949
1507.0	15989
1507.55	16032
1508.1	16075
1508.65	16121
1509.2	16164
1509.75	16209
1510.3	16253
1510.85	16298
1511.4	16335
1511.95	16377
1512.5	16418
1513.05	16459
1513.6	16498
1514.15	16545
1514.7	16584
1515.25	16622
1515.8	16662
1516.35	16704
1516.9	16744
1517.45	16784
1518.0	16823
1518.55	16868
1519.1	16912
1519.65	16954
1520.2	16995
1520.75	17034
1521.3	17072
1521.85	17110
1522.4	17152
1522.95	17190
1523.5	17238
1524.05	17279
1524.6	17322
1525.15	17360
1525.7	17403
1526.25	17446
1526.8	17492
1527.35	17536
1527.9	17576
1528.45	17616
1529.0	17654
1529.55	17701
1530.1	17742
1530.65	17779
1531.2	17819
1531.75	17860
1532.3	17901
1532.85	17943
1533.4	17986
1533.95	18032
1534.5	18074
1535.05	18111
1535.6	18150
1536.15	18189
1536.7	18233
1537.25	18271
1537.8	18314
1538.35	18362
1538.9	18406
1539.45	18448
1540.0	18490
1540.55	18534
1541.1	18574
1541.65	18616
1542.2	18657
1542.75	18698
1543.3	18739
1543.85	18778
1544.4	18818
1544.95	18861
1545.5	18904
1546.05	18947
1546.6	18992
1547.15	19034
1547.7	19076
1548.25	19120
1548.8	19161
1549.35	19205
1549.9	19250
1550.45	19292
1551.0	19337
1551.55	19377
1552.1	19419
1552.65	19460
1553.2	19502
1553.75	19539
1554.3	19584
1554.85	19629
1555.4	19674
1555.95	19721
1556.5	19763
1557.05	19806
1557.6	19847
1558.15	19889
1558.7	19931
1559.25	19978
1559.8	20018
1560.35	20064
1560.9	20106
1561.45	20148
1562.0	20188
1562.55	20228
1563.1	20267
1563.65	20312
1564.2	20357
1564.75	20403
1565.3	20446
1565.85	20489
1566.4	20530
1566.95	20571
1567.5	20614
1568.05	20660
1568.6	20704
1569.15	20746
1569.7	20793
1570.25	20840
1570.8	20888
1571.35	20936
1571.9	20985
1572.45	21037
1573.0	21087
1573.55	21136
1574.1	21183
1574.65	21229
1575.2	21280
1575.75	21328
1576.3	21379
1576.85	21426
1577.4	21478
1577.95	21529
1578.5	21577
1579.05	21630
1579.6	21678
1580.15	21729
1580.7	21780
1581.25	21829
1581.8	21876
1582.35	21927
1582.9	21979
1583.45	22032
1584.0	22086
1584.55	22135
1585.1	22188
1585.65	22238
1586.2	22290
1586.75	22338
1587.3	22387
1587.85	22434
1588.4	22479
1588.95	22528
1589.5	22576
1590.05	22626
1590.6	22673
1591.15	22719
1591.7	22765
1592.25	22817
1592.8	22865
1593.35	22905
1593.9	22948
1594.45	22996
1595.0	23038
1595.55	23080
1596.1	23127
1596.65	23185
1597.2	23227
1597.75	23269
1598.3	23307
1598.85	23357
1599.4	23412
1599.95	23470
1600.5	23537
1601.05	23598
1601.6	23664
1602.15	23729
1602.7	23788
1603.25	23847
1603.8	23909
1604.35	23973
1604.9	24035
1605.45	24095
1606.0	24157
1606.55	24213
1607.1	24269
1607.65	24327
1608.2	24383
1608.75	24440
1609.3	24500
1609.85	24563
1610.4	24624
1610.95	24689
1611.5	24754
1612.05	24819
1612.6	24878
1613.15	24939
1613.7	24996
1614.25	25057
1614.8	25119
1615.35	25187
1615.9	25257
1616.45	25320
1617.0	25384
1617.55	25451
1618.1	25519
1618.65	25585
1619.2	25652
1619.75	25719
1620.3	25785
1620.85	25852
1621.4	25918
1621.95	25978
1622.5	26033
1623.05	26092
1623.6	26143
1624.15	26191
1624.7	26244
1625.25	26297
1625.8	26354
1626.35	26409
1626.9	26461
1627.45	26525
1628.0	26584
1628.55	26643
1629.1	26703
1629.65	26757
1630.2	26815
1630.75	26871
1631.3	26924
1631.85	26982
1632.4	27039
1632.95	27094
1633.5	27155
1634.05	27212
1634.6	27268
1635.15	27326
1635.7	27382
1636.25	27442
1636.8	27491
1637.35	27528
1637.9	27560
1638.45	27591
1639.0	27623
1639.55	27655
1640.1	27684
1640.65	27708
1641.2	27737
1641.75	27793
1642.3	27848
1642.85	27907
1643.4	27960
1643.95	28018
1644.5	28078
1645.05	28139
1645.6	28199
1646.15	28254
1646.7	28312
1647.25	28371
1647.8	28422
1648.35	28477
1648.9	28528
1649.45	28572
1650.0	28608
1650.55	28641
1651.1	28675
1651.65	28705
1652.2	28738
1652.75	28766
1653.3	28795
1653.85	28824
1654.4	28862
1654.95	28914
1655.5	28971
1656.05	29031
1656.6	29097
1657.15	29157
1657.7	29220
1658.25	29280
1658.8	29340
1659.35	29403
1659.9	29473
1660.45	29535
1661.0	29595
1661.55	29661
1662.1	29723
1662.65	29783
1663.2	29841
1663.75	29902
1664.3	29959
1664.85	30021
1665.4	30087
1665.95	30150
1666.5	30218
1667.05	30280
1667.6	30347
1668.15	30422
1668.7	30482
1669.25	30540
1669.8	30594
1670.35	30648
1670.9	30691
1671.45	30737
1672.0	30789
1672.55	30843
1673.1	30900
1673.65	30960
1674.2	31017
1674.75	31073
1675.3	31131
1675.85	31193
1676.4	31250
1676.95	31312
1677.5	31372
1678.05	31433
1678.6	31496
1679.15	31552
1679.7	31609
1680.25	31665
1680.8	31720
1681.35	31777
1681.9	31836
1682.45	31896
1683.0	31952
1683.55	32000
1684.1	32049
1684.65	32092
1685.2	32133
1685.75	32174
1686.3	32216
1686.85	32252
1687.4	32286
1687.95	32324
1688.5	32360
1689.05	32397
1689.6	32430
1690.15	32463
1690.7	32522
1691.25	32585
1691.8	32644
1692.35	32713
1692.9	32778
1693.45	32840
1694.0	32906
1694.55	32969
1695.1	33040
1695.65	33108
1696.2	33173
1696.75	33242
1697.3	33301
1697.85	33347
1698.4	33383
1698.95	33418
1699.5	33454
1700.05	33488
1700.6	33522
1701.15	33558
1701.7	33598
1702.25	33634
1702.8	33663
1703.35	33711
1703.9	33765
1704.45	33818
1705.0	33874
1705.55	33934
1706.1	33993
1706.65	34057
1707.2	34119
1707.75	34179
1708.3	34241
1708.85	34303
1709.4	34365
1709.95	34423
1710.5	34491
1711.05	34559
1711.6	34621
1712.15	34676
1712.7	34719
1713.25	34755
1713.8	34790
1714.35	34831
1714.9	34875
1715.45	34916
1716.0	34964
1716.55	35003
1717.1	35041
1717.65	35079
1718.2	35117
1718.75	35152
1719.3	35189
1719.85	35221
1720.4	35257
1720.95	35293
1721.5	35331
1722.05	35364
1722.6	35396
1723.15	35429
1723.7	35470
1724.25	35523
1724.8	35586
1725.35	35648
1725.9	35708
1726.45	35773
1727.0	35836
1727.55	35900
1728.1	35962
1728.65	36025
1729.2	36087
1729.75	36150
1730.3	36212
1730.85	36271
1731.4	36331
1731.95	36387
1732.5	36433
1733.05	36484
1733.6	36542
1734.15	36589
1734.7	36633
1735.25	36675
1735.8	36719
1736.35	36760
1736.9	36798
1737.45	36836
1738.0	36884
1738.55	36929
1739.1	36971
1739.65	37013
1740.2	37057
1740.75	37101
1741.3	37139
1741.85	37175
1742.4	37211
1742.95	37246
1743.5	37283
1744.05	37318
1744.6	37355
1745.15	37389
1745.7	37422
1746.25	37451
1746.8	37479
1747.35	37514
1747.9	37546
1748.45	37580
1749.0	37614
1749.55	37646
1750.1	37679
1750.65	37713
1751.2	37746
1751.75	37775
1752.3	37807
1752.85	37837
1753.4	37867
1753.95	37899
1754.5	37929
1755.05	37959
1755.6	37990
1756.15	38019
1756.7	38049
1757.25	38077
1757.8	38104
1758.35	38134
1758.9	38166
1759.45	38222
1760.0	38275
1760.55	38327
1761.1	38386
1761.65	38443
1762.2	38499
1762.75	38553
1763.3	38613
1763.85	38672
1764.4	38728
1764.95	38783
1765.5	38843
1766.05	38898
1766.6	38952
1767.15	39008
1767.7	39071
1768.25	39130
1768.8	39190
1769.35	39251
1769.9	39313
1770.45	39370
1771.0	39430
1771.55	39494
1772.1	39555
1772.65	39622
1773.2	39685
1773.75	39751
1774.3	39817
1774.85	39875
1775.4	39932
1775.95	39978
1776.5	40024
1777.05	40069
1777.6	40120
1778.15	40175
1778.7	40234
1779.25	40292
1779.8	40350
1780.35	40417
1780.9	40477
1781.45	40542
1782.0	40600
1782.55	40663
1783.1	40721
1783.65	40781
1784.2	40837
1784.75	40897
1785.3	40949
1785.85	40997
1786.4	41052
1786.95	41096
1787.5	41140
1788.05	41182
1788.6	41223
1789.15	41263
1789.7	41306
1790.25	41344
1790.8	41379
1791.35	41418
1791.9	41481
1792.45	41547
1793.0	41613
1793.55	41678
1794.1	41747
1794.65	41814
1795.2	41883
1795.75	41953
1796.3	42021
1796.85	42090
1797.4	42161
1797.95	42224
1798.5	42275
1799.05	42331
1799.6	42386
1800.15	42441
1800.7	42498
1801.25	42554
1801.8	42606
1802.35	42662
1802.9	42716
1803.45	42771
1804.0	42818
1804.55	42861
1805.1	42904
1805.65	42950
1806.2	42992
1806.75	43035
1807.3	43076
1807.85	43118
1808.4	43158
1808.95	43201
1809.5	43243
1810.05	43281
1810.6	43342
1811.15	43408
1811.7	43477
1812.25	43551
1812.8	43623
1813.35	43694
1813.9	43765
1814.45	43832
1815.0	43901
1815.55	43971
1816.1	44045
1816.65	44113
1817.2	44178
1817.75	44243
1818.3	44304
1818.85	44356
1819.4	44408
1819.95	44462
1820.5	44521
1821.05	44590
1821.6	44653
1822.15	44718
1822.7	44778
1823.25	44840
1823.8	44903
1824.35	44963
1824.9	45019
1825.45	45077
1826.0	45136
1826.55	45198
1827.1	45256
1827.65	45313
1828.2	45369
1828.75	45424
1829.3	45473
1829.85	45521
1830.4	45572
1830.95	45618
1831.5	45668
1832.05	45715
1832.6	45761
1833.15	45808
1833.7	45855
1834.25	45903
1834.8	45950
1835.35	45996
1835.9	46040
1836.45	46083
1837.0	46126
1837.55	46170
1838.1	46214
1838.65	46260
1839.2	46301
1839.75	46343
1840.3	46385
1840.85	46428
1841.4	46473
1841.95	46515
1842.5	46555
1843.05	46594
1843.6	46628
1844.15	46665
1844.7	46704
1845.25	46740
1845.8	46776
1846.35	46825
1846.9	46892
1847.45	46966
1848.0	47037
1848.55	47113
1849.1	47183
1849.65	47257
1850.2	47332
1850.75	47409
1851.3	47490
1851.85	47568
1852.4	47649
1852.95	47731
1853.5	47806
1854.05	47892
1854.6	47977
1855.15	48065
1855.7	48152
1856.25	48237
1856.8	48317
1857.35	48399
1857.9	48467
1858.45	48530
1859.0	48591
1859.55	48656
1860.1	48716
1860.65	48774
1861.2	48830
1861.75	48881
1862.3	48930
1862.85	48981
1863.4	49036
1863.95	49096
1864.5	49150
1865.05	49203
1865.6	49260
1866.15	49331
1866.7	49410
1867.25	49483
1867.8	49556
1868.35	49623
1868.9	49686
1869.45	49747
1870.0	49808
1870.55	49873
1871.1	49936
1871.65	50004
1872.2	50066
1872.75	50129
1873.3	50192
1873.85	50256
1874.4	50320
1874.95	50381
1875.5	50443
1876.05	50501
1876.6	50558
1877.15	50619
1877.7	50676
1878.25	50735
1878.8	50797
1879.35	50856
1879.9	50915
1880.45	50977
1881.0	51033
1881.55	51094
1882.1	51154
1882.65	51215
1883.2	51278
1883.75	51336
1884.3	51399
1884.85	51466
1885.4	51525
1885.95	51585
1886.5	51645
1887.05	51709
1887.6	51771
1888.15	51829
1888.7	51889
1889.25	51950
1889.8	52010
1890.35	52075
1890.9	52135
1891.45	52193
1892.0	52251
1892.55	52305
1893.1	52363
1893.65	52416
1894.2	52467
1894.75	52522
1895.3	52576
1895.85	52629
1896.4	52681
1896.95	52736
1897.5	52789
1898.05	52843
1898.6	52895
1899.15	52948
1899.7	53005
1900.25	53058
1900.8	53110
1901.35	53165
1901.9	53219
1902.45	53271
1903.0	53322
1903.55	53372
1904.1	53425
1904.65	53481
1905.2	53531
1905.75	53582
1906.3	53634
1906.85	53686
1907.4	53736
1907.95	53787
1908.5	53837
1909.05	53890
1909.6	53951
1910.15	54007
1910.7	54058
1911.25	54112
1911.8	54157
1912.35	54222
1912.9	54296
1913.45	54374
1914.0	54458
1914.55	54543
1915.1	54627
1915.65	54716
1916.2	54792
1916.75	54862
1917.3	54921
1917.85	54987
1918.4	55087
1918.95	55189
1919.5	55286
1920.05	55377
1920.6	55441
1921.15	55504
1921.7	55568
1922.25	55623
1922.8	55679
1923.35	55752
1923.9	55841
1924.45	55937
1925.0	56029
1925.55	56122
1926.1	56214
1926.65	56305
1927.2	56389
1927.75	56467
1928.3	56541
1928.85	56612
1929.4	56676
1929.95	56736
1930.5	56807
1931.05	56875
1931.6	56945
1932.15	57016
1932.7	57079
1933.25	57151
1933.8	57221
1934.35	57293
1934.9	57364
1935.45	57433
1936.0	57503
1936.55	57568
1937.1	57628
1937.65	57694
1938.2	57755
1938.75	57811
1939.3	57873
1939.85	57944
1940.4	58005
1940.95	58088
1941.5	58154
1942.05	58204
1942.6	58280
1943.15	58363
1943.7	58457
1944.25	58537
1944.8	58603
1945.35	58663
1945.9	58725
1946.45	58799
1947.0	58866
1947.55	58926
1948.1	58983
1948.65	59048
1949.2	59141
1949.75	59237
1950.3	59303
1950.85	59349
1951.4	59400
1951.95	59484
1952.5	59575
1953.05	59668
1953.6	59757
1954.15	59853
1954.7	59947
1955.25	60042
1955.8	60131
1956.35	60222
1956.9	60312
1957.45	60402
1958.0	60494
1958.55	60585
1959.1	60681
1959.65	60781
1960.2	60885
1960.75	60990
1961.3	61096
1961.85	61200
1962.4	61300
1962.95	61403
1963.5	61512
1964.05	61624
1964.6	61735
1965.15	61846
1965.7	61965
1966.25	62084
1966.8	62205
1967.35	62331
1967.9	62459
1968.45	62592
1969.0	62722
1969.55	62849
1970.1	62976
1970.65	63102
1971.2	63224
1971.75	63333
1972.3	63439
1972.85	63544
1973.4	63655
1973.95	63758
1974.5	63840
1975.05	63903
1975.6	63951
1976.15	64017
1976.7	64112
1977.25	64242
1977.8	64400
1978.35	64569
1978.9	64734
1979.45	64884
1980.0	65029
1980.55	65169
1981.1	65321
1981.65	65485
1982.2	65652
1982.75	65820
1983.3	65990
1983.85	66144
1984.4	66294
1984.95	66453
1985.5	66607
1986.05	66754
1986.6	66899
1987.15	67052
1987.7	67204
1988.25	67339
1988.8	67470
1989.35	67619
1989.9	67782
1990.45	67942
1991.0	68101
1991.55	68256
1992.1	68412
1992.65	68571
1993.2	68731
1993.75	68883
1994.3	69036
1994.85	69194
1995.4	69336
1995.95	69438
1996.5	69530
1997.05	69669
1997.6	69883
1998.15	70080
1998.7	70259
1999.25	70417
1999.8	70558
2000.35	70694
2000.9	70818
2001.45	70928
2002.0	71034
2002.55	71136
2003.1	71234
2003.65	71329
2004.2	71424
2004.75	71516
2005.3	71609
2005.85	71700
2006.4	71785
2006.95	71866
2007.5	71945
2008.05	72022
2008.6	72097
2009.15	72171
2009.7	72264
2010.25	72388
2010.8	72562
2011.35	72753
2011.9	72946
2012.45	73136
2013.0	73331
2013.55	73526
2014.1	73715
2014.65	73896
2015.2	74060
2015.75	74192
2016.3	74300
2016.85	74408
2017.4	74513
2017.95	74609
2018.5	74709
2019.05	74814
2019.6	74918
2020.15	75019
2020.7	75111
2021.25	75202
2021.8	75295
2022.35	75392
2022.9	75485
2023.45	75572
2024.0	75657
2024.55	75743
2025.1	75826
2025.65	75907
2026.2	75982
2026.75	76054
2027.3	76124
2027.85	76193
2028.4	76260
2028.95	76327
2029.5	76407
2030.05	76517
2030.6	76653
2031.15	76792
2031.7	76934
2032.25	77075
2032.8	77216
2033.35	77363
2033.9	77509
2034.45	77641
2035.0	77755
2035.55	77847
2036.1	77926
2036.65	78006
2037.2	78099
2037.75	78201
2038.3	78305
2038.85	78401
2039.4	78489
2039.95	78579
2040.5	78666
2041.05	78747
2041.6	78827
2042.15	78906
2042.7	78983
2043.25	79056
2043.8	79129
2044.35	79207
2044.9	79296
2045.45	79388
2046.0	79479
2046.55	79572
2047.1	79664
2047.65	79755
2048.2	79843
2048.75	79929
2049.3	80015
2049.85	80095
2050.4	80173
2050.95	80251
2051.5	80332
2052.05	80412
2052.6	80490
2053.15	80567
2053.7	80645
2054.25	80722
2054.8	80796
2055.35	80872
2055.9	80948
2056.45	81023
2057.0	81098
2057.55	81162
2058.1	81226
2058.65	81302
2059.2	81378
2059.75	81452
2060.3	81522
2060.85	81591
2061.4	81658
2061.95	81727
2062.5	81794
2063.05	81863
2063.6	81934
2064.15	82007
2064.7	82078
2065.25	82145
2065.8	82214
2066.35	82282
2066.9	82347
2067.45	82410
2068.0	82474
2068.55	82546
2069.1	82617
2069.65	82682
2070.2	82747
2070.75	82813
2071.3	82880
2071.85	82951
2072.4	83022
2072.95	83092
2073.5	83161
2074.05	83227
2074.6	83295
2075.15	83363
2075.7	83431
2076.25	83497
2076.8	83560
2077.35	83622
2077.9	83686
2078.45	83752
2079.0	83821
2079.55	83889
2080.1	83956
2080.65	84022
2081.2	84089
2081.75	84158
2082.3	84228
2082.85	84301
2083.4	84373
2083.95	84442
2084.5	84509
2085.05	84574
2085.6	84637
2086.15	84709
2086.7	84782
2087.25	84866
2087.8	84941
2088.35	84999
2088.9	85056
2089.45	85119
2090.0	85186
2090.55	85252
2091.1	85320
2091.65	85388
2092.2	85458
2092.75	85532
2093.3	85608
2093.85	85684
2094.4	85762
2094.95	85839
2095.5	85914
2096.05	85987
2096.6	86057
2097.15	86127
2097.7	86198
2098.25	86274
2098.8	86351
2099.35	86427
2099.9	86502
2100.45	86579
2101.0	86658
2101.55	86739
2102.1	86818
2102.65	86896
2103.2	86973
2103.75	87054
2104.3	87136
2104.85	87220
2105.4	87302
2105.95	87384
2106.5	87466
2107.05	87544
2107.6	87616
2108.15	87681
2108.7	87743
2109.25	87811
2109.8	87886
2110.35	87959
2110.9	88029
2111.45	88098
2112.0	88176
2112.55	88251
2113.1	88325
2113.65	88393
2114.2	88460
2114.75	88526
2115.3	88592
2115.85	88657
2116.4	88722
2116.95	88784
2117.5	88846
2118.05	88907
2118.6	88965
2119.15	89019
2119.7	89071
2120.25	89123
2120.8	89175
2121.35	89234
2121.9	89293
2122.45	89352
2123.0	89410
2123.55	89468
2124.1	89526
2124.65	89574
2125.2	89622
2125.75	89672
2126.3	89731
2126.85	89792
2127.4	89853
2127.95	89916
2128.5	89992
2129.05	90080
2129.6	90177
2130.15	90274
2130.7	90370
2131.25	90464
2131.8	90557
2132.35	90651
2132.9	90746
2133.45	90840
2134.0	90934
2134.55	91027
2135.1	91113
2135.65	91199
2136.2	91284
2136.75	91373
2137.3	91462
2137.85	91552
2138.4	91642
2138.95	91728
2139.5	91814
2140.05	91899
2140.6	91988
2141.15	92076
2141.7	92166
2142.25	92255
2142.8	92346
2143.35	92440
2143.9	92534
2144.45	92630
2145.0	92727
2145.55	92826
2146.1	92927
2146.65	93027
2147.2	93127
2147.75	93225
2148.3	93321
2148.85	93417
2149.4	93512
2149.95	93607
2150.5	93703
2151.05	93799
2151.6	93892
2152.15	93985
2152.7	94076
2153.25	94166
2153.8	94259
2154.35	94353
2154.9	94448
2155.45	94544
2156.0	94621
2156.55	94698
2157.1	94773
2157.65	94847
2158.2	94921
2158.75	94993
2159.3	95066
2159.85	95138
2160.4	95210
2160.95	95282
2161.5	95354
2162.05	95426
2162.6	95510
2163.15	95596
2163.7	95680
2164.25	95763
2164.8	95847
2165.35	95931
2165.9	96014
2166.45	96098
2167.0	96318
2167.55	96537
2168.1	96769
2168.65	96997
2169.2	97222
2169.75	97439
2170.3	97662
2170.85	97888
2171.4	98113
2171.95	98339
2172.5	98557
2173.05	98768
2173.6	98982
2174.15	99204
2174.7	99420
2175.25	99632
2175.8	99841
2176.35	100048
2176.9	100259
2177.45	100475
2178.0	100690
2178.55	100904
2179.1	101113
2179.65	101319
2180.2	101528
2180.75	101735
2181.3	101938
2181.85	102139
2182.4	102340
2182.95	102539
2183.5	102741
2184.05	102937
2184.6	103135
2185.15	103333
2185.7	103533
2186.25	103732
2186.8	103933
2187.35	104117
2187.9	104302
2188.45	104463
2189.0	104653
2189.55	104862
2190.1	105071
2190.65	105279
2191.2	105467
2191.75	105624
2192.3	105745
2192.85	105904
2193.4	106099
2193.95	106305
2194.5	106498
2195.05	106697
2195.6	106930
2196.15	107182
2196.7	107437
2197.25	107692
2197.8	107871
2198.35	107892
2198.9	107916
2199.45	107941
2200.0	107965
2200.55	107990
2201.1	108014
2201.65	108038
2202.2	108062
2202.75	108084
2203.3	108109
